2730 0.000821627699771896
7102 0.0008048835476384965
1010 0.00080024035947321
368 0.0007874373636582975
1907 0.0007822963810319763
7453 0.0007741909433914008
4583 0.0007708807602648635
1847 0.0007640237493953964
7420 0.0007633094455394341
5369 0.0007601278816400514
3164 0.0007587656132473949
7446 0.0007565660349711782
3947 0.0007564884166325206
2794 0.0007467825665473866
3215 0.0007375396938528149
5346 0.0007366975611770387
7223 0.000732952507270064
630 0.0007303741053814261
4417 0.000725294536314093
4955 0.0007174788520398831
3208 0.0007153844932840024
2902 0.0007148038658646935
5671 0.0007131849293207606
5833 0.0007095666313599884
5553 0.0007054718675795626
8096 0.0007051885672091765
3204 0.0007034955882781428
758 0.0007030959764836212
6301 0.0007025073194178235
5769 0.0006999438093570415
8194 0.0006987494718209804
4957 0.0006962979374226588
8060 0.0006952831204233711
7938 0.0006921929929962788
5584 0.0006919480015271048
1430 0.0006918022379479002
6568 0.0006916540202098613
7250 0.0006901703328342103
3185 0.0006896050537197333
2737 0.0006850434044316054
3751 0.0006849633273664073
150 0.0006848969605644232
5099 0.0006810182604271588
2944 0.0006776991335869358
7872 0.0006755114630368915
5074 0.0006741228754348295
2639 0.0006739770290757807
1034 0.0006732454033149119
229 0.0006725459253221618
6648 0.0006719926097921016
4222 0.0006703064169132319
7406 0.0006699748717672571
3578 0.00066978525432978
2464 0.000669619784590114
930 0.0006690547273679391
6777 0.0006687695064956812
2484 0.0006651726053345544
4944 0.000661894944076277
1197 0.0006607801288986101
2041 0.0006602385455277279
3221 0.0006600994384247188
7579 0.000659227135202788
6787 0.0006583855702766613
8112 0.0006581721857622979
6530 0.0006580883055143991
6005 0.0006578022675924912
6190 0.0006574271101690426
5655 0.000656693611326979
251 0.0006557630092008333
8018 0.0006541413341776
3951 0.0006539694746198895
233 0.000653549597117725
2589 0.0006530534029958865
5996 0.0006529211160248113
482 0.0006528260804772758
972 0.0006520732480920206
7442 0.0006483071207473928
7499 0.0006482620085621026
1173 0.0006476029143859643
2369 0.000647415415020995
6315 0.0006458232550510771
5998 0.0006456914867229716
5129 0.000645351608592842
4692 0.0006452065104595368
7784 0.0006452060074395846
4255 0.0006448505948440893
6692 0.0006447276625629345
4832 0.0006439346910803959
5275 0.0006424857082478099
5376 0.0006424702688431503
2232 0.00063984664114183
6928 0.0006390792898147491
260 0.000638164494327762
1677 0.0006377637064523019
6847 0.0006368368141412118
7702 0.000636412549034185
6883 0.000636204084722972
1798 0.0006355090149941631
4681 0.000634426287902424
2664 0.0006343117238786918
