978 1
1 1
3212 1
642 1
7374 1
57 1
7793 1
5315 1
6768 1
3709 1
6353 1
5317 1
8253 1
4360 1
2285 1
5592 2
1521 2
5410 2
8025 2
7164 2
7238 2
3706 2
5093 2
1810 2
4408 2
1409 2
5664 2
5449 2
4456 2
4773 2
7263 2
4351 2
2438 3
6134 3
709 3
3424 3
3092 3
7014 3
7591 3
3706 3
6881 3
6839 3
2968 3
7036 3
422 3
3460 3
5185 3
771 3
2113 3
5141 3
5048 3
2963 3
6775 3
5534 3
5838 3
3021 3
37 3
2439 3
2278 4
1300 4
2621 4
2293 4
3992 4
277 4
5625 4
624 4
5413 4
3870 4
2422 4
6729 4
460 4
3512 4
3584 4
6167 4
5334 4
200 4
1934 4
2963 4
8192 5
6918 5
7977 5
276 5
1558 5
451 5
4959 5
100 5
7967 5
5233 5
6466 5
2865 5
2060 5
4400 5
7029 5
6382 6
8267 6
4042 6
7605 6
4352 6
1901 6
5512 6
4445 6
3631 7
7966 7
5772 7
1699 7
6919 7
1475 7
3270 7
1968 7
7431 7
3732 7
3330 7
2420 7
5248 7
3460 7
1675 7
1612 8
8258 8
4837 8
2706 8
4785 8
3242 8
2541 8
6136 8
1159 8
1082 8
7018 8
6966 8
913 8
1729 8
3227 8
3522 8
4276 8
697 8
7439 9
692 9
7465 9
7074 9
5854 9
7494 9
645 9
2604 9
853 9
1685 9
1632 9
4081 9
4198 9
5482 9
7069 9
7847 9
5511 9
6317 10
6240 10
520 10
3367 10
1718 10
3497 10
6122 10
1299 10
4563 10
5880 10
4314 10
7832 10
3847 10
1362 10
5961 10
7201 10
4797 10
3869 10
6035 10
2492 10
6592 10
3497 11
1745 11
3249 11
8198 11
950 11
4826 11
7644 11
1760 11
3229 11
8260 11
4936 11
5212 11
5554 11
7651 11
1636 11
3383 11
4865 11
8088 11
2456 11
6943 11
1579 12
34 12
6312 12
3551 12
5033 12
106 12
407 12
2392 12
8257 12
6058 12
5462 12
1794 12
165 12
3270 12
5658 12
3264 12
2903 12
3099 12
3048 12
5164 12
3568 13
7509 13
7882 13
2281 13
6540 13
4563 13
7737 13
5951 13
663 13
1183 13
3013 13
2509 13
7 13
4980 13
4189 13
6710 13
655 13
2550 13
4556 13
82 13
3135 13
3247 13
6827 14
3031 14
161 14
2001 14
1450 14
8265 14
3506 14
8204 14
3785 14
1434 14
8271 14
1161 14
6099 14
4427 14
2666 14
2007 14
8016 14
4167 15
1906 15
7323 15
5384 15
3477 15
6965 15
1832 15
7651 15
6767 15
6953 15
2370 15
7904 15
5217 15
3714 15
5551 15
3630 16
5084 16
6124 16
5955 16
2470 16
5257 16
1565 16
1454 16
4444 16
3349 16
3555 17
4749 17
1867 17
7169 17
7014 17
7603 17
765 17
6943 17
3041 17
8090 17
4785 18
295 18
5689 18
4231 18
4812 18
1011 18
8177 18
5232 18
279 18
3075 18
130 18
6879 18
7457 18
3644 18
7783 18
1868 18
5938 18
1349 18
5524 18
2577 18
3607 18
2038 18
742 18
2595 18
5566 18
103 19
4978 19
5468 19
2950 19
5517 19
2104 19
910 19
3999 19
738 19
5313 19
7508 19
5835 19
2169 20
8017 20
5080 20
519 20
3151 20
436 20
8006 20
1410 20
4586 20
4126 20
7448 20
6784 20
1221 20
6473 20
6575 20
4763 20
7833 20
4639 20
4788 20
2836 20
6828 20
4412 21
6443 21
2764 21
1665 21
7911 21
685 21
7209 21
7730 21
2688 21
4333 21
384 21
1216 21
358 21
3475 21
22 22
7252 22
3104 22
3027 22
2263 22
995 22
4257 22
4881 22
5068 22
6277 22
2367 22
665 22
4662 22
2638 22
7575 22
4288 22
997 22
5454 23
2365 23
5100 23
6756 23
159 23
6237 23
4935 23
5951 23
6983 23
521 23
2246 23
8157 24
1819 24
2527 24
1870 24
8103 24
3856 24
991 24
2330 24
7238 24
8173 24
583 24
4813 24
3739 24
721 24
5282 24
6128 24
6460 25
7682 25
427 25
787 25
1747 25
5324 25
2583 25
208 25
7185 25
2108 25
207 25
1806 25
5737 25
5545 25
2498 25
3807 25
2164 25
7818 25
2635 25
2188 25
8046 26
7019 26
7670 26
5234 26
553 26
2792 26
970 26
6727 26
2788 26
1088 26
5022 26
7808 27
4910 27
4137 27
1467 27
7314 27
6178 27
4639 27
1370 27
6076 27
3038 27
1686 27
6545 27
1486 27
2157 27
7364 28
1047 28
2230 28
1494 28
7298 28
1667 28
5296 28
1708 28
6019 28
2707 28
4856 28
5234 28
2133 28
7775 28
7540 28
5175 28
4502 28
5931 28
562 28
4291 29
6776 29
4155 29
4801 29
2471 29
4589 29
1683 29
6578 29
5155 29
1357 29
4871 29
1653 30
7525 30
1986 30
6908 30
5704 30
4438 30
1331 30
4722 30
2513 30
2333 30
3836 30
2303 30
2915 30
4286 31
6334 31
6193 31
306 31
6257 31
2788 31
5281 31
4101 31
5777 31
5569 31
7078 31
7 31
1175 31
1909 31
7695 31
4523 32
7122 32
185 32
7754 32
3497 32
5907 32
1076 32
3836 32
1125 32
513 32
1745 32
4865 32
1370 32
5572 32
4584 32
2774 33
5743 33
5314 33
1630 33
4913 33
4961 33
6578 33
3688 33
3352 33
3492 33
403 33
1310 33
4985 33
590 33
7791 34
4225 34
4655 34
8271 34
5216 34
2061 34
7347 34
7505 34
8065 34
2230 34
4384 34
6717 34
6200 34
6079 34
6968 34
3088 34
2507 34
3401 34
5168 34
3012 34
7017 34
5441 34
5564 35
35 35
39 35
976 35
2049 35
2145 35
7797 35
2596 35
2634 35
3675 35
7608 35
8057 35
4184 35
8173 35
762 35
5854 35
8005 35
1701 35
6369 35
2643 36
2383 36
8285 36
1943 36
4856 36
3275 36
4439 36
4022 36
2770 36
3772 36
5798 36
7509 36
1077 36
4129 36
2116 36
1501 36
1177 36
5947 36
4660 36
8079 37
148 37
7974 37
1463 37
2810 37
5699 37
537 37
4801 37
5684 37
4101 37
3627 37
927 37
7206 37
6175 37
5096 37
7199 37
2310 37
7786 37
2680 38
6056 38
3950 38
5160 38
4497 38
3233 38
2515 38
7133 38
2 38
2204 38
6350 38
4288 39
2473 39
1839 39
4788 39
6908 39
4536 39
365 39
2858 39
1814 39
5807 39
5561 40
6169 40
7878 40
1857 40
2983 40
7819 40
7725 40
7271 40
5527 40
7465 40
5201 40
4901 40
5145 40
7538 40
3267 40
3089 40
5562 40
4751 40
3608 41
7199 41
6993 41
7077 41
2293 41
1673 41
5803 41
5068 41
7792 41
5448 41
911 41
3853 41
7379 41
1763 41
501 41
1282 42
2561 42
331 42
2034 42
4574 42
5233 42
1057 42
5919 42
1472 42
1214 42
2853 42
2568 42
4117 42
7692 42
7052 42
2199 42
4830 42
992 42
7146 43
4245 43
2952 43
7013 43
1284 43
4529 43
3602 43
6935 43
4442 43
5914 43
43 43
1721 43
3967 43
8015 43
1949 43
3021 43
5089 43
3637 43
7170 43
5472 43
2300 43
2032 43
3604 43
1163 43
898 43
2796 43
518 44
5569 44
344 44
6947 44
3071 44
3054 44
6483 44
6916 44
6211 44
4805 44
7431 44
125 44
4329 44
5658 44
2962 44
3027 45
1534 45
2981 45
919 45
5211 45
451 45
7466 45
7260 45
2060 45
2181 45
7296 45
7186 45
7319 45
664 45
3143 45
2487 46
1445 46
7331 46
2831 46
4392 46
5044 46
5587 46
2175 46
2968 46
922 46
5640 46
4511 46
2549 46
5565 46
7429 46
5461 47
8134 47
6158 47
4360 47
2198 47
4318 47
6307 47
6271 47
1145 47
7937 47
5225 47
2119 47
6627 47
1348 48
1605 48
4129 48
2866 48
3783 48
1330 48
2100 48
2413 48
6947 48
717 48
4372 48
5585 48
4509 48
6221 48
4998 48
2530 48
7255 48
2618 48
2874 48
3181 48
7345 48
2832 49
2665 49
7605 49
6150 49
6489 49
6136 49
480 49
4060 49
224 49
6085 49
166 49
4866 49
5141 49
5602 49
960 49
2570 49
226 50
6535 50
6144 50
5454 50
603 50
5533 50
1188 50
970 50
1181 50
2447 50
3054 50
8210 50
1079 50
5278 50
6937 50
393 50
3019 50
1774 50
5159 50
6383 50
7263 50
1107 51
2235 51
6932 51
4562 51
5222 51
4175 51
1908 51
893 51
2738 51
8078 51
5294 51
2356 51
7149 51
7622 51
5991 51
2472 52
1968 52
434 52
6811 52
1178 52
1181 52
523 52
3581 52
8171 52
937 52
5224 52
2233 52
718 52
5563 52
3525 52
156 52
6899 53
3132 53
6873 53
3714 53
1561 53
8217 53
2411 53
6828 53
5610 53
1825 53
1748 53
3671 54
4301 54
1555 54
2271 54
1006 54
5454 54
7386 54
6711 54
6470 54
4574 54
7887 54
5273 54
1754 54
2175 54
7772 54
7553 55
4321 55
4014 55
7832 55
6427 55
4840 55
2917 55
7220 55
6853 55
7441 55
4120 55
5043 55
5205 55
562 55
1991 55
5636 55
5570 55
56 56
3908 56
4909 56
7205 56
3880 56
5917 56
3432 56
7534 56
8245 56
5322 56
4523 56
2643 56
2047 56
6388 56
8020 56
3807 56
527 57
7211 57
2468 57
2777 57
5451 57
2518 57
6053 57
5803 57
1280 57
2888 57
8083 57
4026 57
7506 57
7160 57
5010 57
2157 57
4071 57
2515 57
7219 57
568 57
5252 58
706 58
2355 58
3633 58
6851 58
7156 58
4466 58
5225 58
723 58
2039 58
6459 58
751 58
6262 58
4549 58
1502 58
663 58
5909 58
3611 58
3468 58
4615 58
660 59
4668 59
730 59
3280 59
7137 59
6477 59
4338 59
8285 59
5214 59
2346 59
6250 59
6363 59
7245 59
2234 59
7521 59
4235 59
8284 60
3877 60
2550 60
1257 60
745 60
5574 60
3892 60
3741 60
720 60
3813 60
4774 60
4026 60
7028 60
8280 60
6567 60
7975 61
8027 61
2214 61
7860 61
107 61
4348 61
4364 61
7997 61
8297 61
6825 61
1636 61
6644 61
7199 61
4660 61
1560 61
2869 62
6845 62
956 62
2012 62
5522 62
8072 62
496 62
1047 62
7705 62
5155 62
8067 62
208 62
3789 62
4099 62
2597 62
2084 62
5720 63
8241 63
2385 63
1366 63
3905 63
2531 63
4369 63
686 63
515 63
4060 63
1120 63
3466 64
3549 64
6659 64
5056 64
4931 64
6195 64
6594 64
6734 64
3059 64
1625 64
3748 64
2530 64
5750 64
2438 64
1971 65
4566 65
3223 65
7433 65
3976 65
1445 65
5805 65
5881 65
3659 65
2090 65
2575 65
5659 65
1108 65
3963 65
4387 65
5941 65
1188 66
7843 66
4188 66
4189 66
3948 66
7069 66
3481 66
159 66
7630 66
4731 66
3357 66
7348 66
6520 66
697 66
292 66
3343 66
3237 66
2388 66
966 66
7492 66
1182 66
7625 67
390 67
7894 67
6658 67
2246 67
6356 67
2031 67
5897 67
8107 67
8077 67
5187 67
7135 67
1348 67
7896 68
295 68
779 68
5293 68
6414 68
8013 68
4039 68
8267 68
4989 68
4080 68
3758 68
2199 68
2729 68
1029 68
8296 68
7014 68
6946 69
2645 69
5552 69
7974 69
3748 69
4989 69
292 69
4608 69
6251 69
8208 69
1700 69
4893 69
2879 69
5885 70
7209 70
3747 70
1936 70
5534 70
5974 70
4088 70
3813 70
1405 70
1055 70
4235 70
2247 70
8244 70
823 70
6314 71
5018 71
7238 71
6307 71
5430 71
1367 71
6014 71
3568 71
3794 71
2513 71
3309 71
1080 71
2468 71
1230 71
1233 71
277 71
1869 72
3949 72
3092 72
4611 72
3107 72
8208 72
563 72
2713 72
7373 72
3709 72
4369 72
4338 72
5951 72
6555 72
978 72
2429 73
1830 73
919 73
10 73
4075 73
7565 73
5663 73
4195 73
499 73
4563 73
6274 73
4640 73
8294 73
6475 73
785 73
7186 73
74 74
5266 74
2187 74
5468 74
5412 74
194 74
6950 74
3895 74
3667 74
1850 74
5045 74
4841 74
3383 74
3562 75
5172 75
3 75
3652 75
4829 75
5173 75
5412 75
5513 75
2962 75
7634 75
4768 75
2139 75
7085 75
4821 76
6943 76
969 76
3015 76
7087 76
2268 76
6615 76
2866 76
6140 76
1179 76
4618 76
6856 76
5475 76
771 76
4984 76
1132 76
3247 76
2765 76
5685 76
3264 77
4090 77
7160 77
3936 77
2564 77
1647 77
2253 77
1281 77
1015 77
3523 77
7481 77
6173 77
8180 77
7036 77
2182 77
7176 78
5842 78
3908 78
4856 78
4897 78
866 78
2670 78
6272 78
5022 78
2111 79
7950 79
247 79
3995 79
4348 79
6410 79
5358 79
39 79
7073 79
3868 79
1457 79
8183 79
1084 79
10 79
904 79
5205 80
2800 80
269 80
122 80
4954 80
3409 80
1410 80
4779 80
1756 80
8053 80
519 80
6336 80
8044 80
3350 80
3113 80
6209 81
3634 81
7977 81
1634 81
5421 81
186 81
8081 81
431 81
4759 81
4413 81
1448 81
3407 82
5844 82
2985 82
2186 82
6755 82
1371 82
7153 82
466 82
824 82
2921 82
8277 82
5182 82
7053 82
3190 82
2244 82
7227 83
7206 83
2062 83
6802 83
4197 83
3630 83
7758 83
6319 83
4026 83
2984 83
7071 83
6563 83
609 83
1854 83
7836 83
660 83
5539 84
6179 84
856 84
1894 84
3645 84
6307 84
5586 84
6536 84
6779 84
5183 84
4841 84
5139 84
888 84
4562 84
2885 84
1341 84
6144 84
3107 84
363 84
3997 84
3302 84
6202 85
8265 85
751 85
7049 85
6948 85
6451 85
5836 85
1723 85
8088 85
2178 85
7095 85
8105 85
3519 85
277 85
6782 85
4563 85
3768 85
5701 85
7965 85
4047 86
5561 86
3325 86
4472 86
4780 86
4144 86
8030 86
1754 86
3946 86
3597 86
5125 86
1272 86
1962 86
6705 86
6737 86
228 86
6116 86
87 87
6828 87
8030 87
2116 87
4725 87
2040 87
5469 87
3963 87
6605 87
5345 87
3219 87
3839 87
2778 88
6064 88
2392 88
224 88
2877 88
1079 88
582 88
2744 88
7392 88
4185 88
4356 88
6295 88
7320 88
299 89
5112 89
2076 89
5943 89
6557 89
6292 89
5494 90
3398 90
1214 90
3880 90
2122 90
2118 90
3151 90
1344 90
1959 90
4863 90
1263 90
4014 90
2274 90
6331 90
4829 90
5480 90
4538 91
790 91
3544 91
4351 91
2017 91
3982 91
1130 91
5621 91
2788 91
2736 91
4657 91
656 91
3991 91
808 91
970 91
3130 92
5327 92
1851 92
6840 92
7401 92
3037 92
1886 92
6755 92
2582 92
6416 92
6021 92
84 92
6420 92
5285 92
6107 92
2148 92
5374 92
3767 92
780 93
597 93
7569 93
1109 93
5693 93
5283 93
4617 93
7651 93
2701 93
3941 93
8252 93
7342 93
7794 93
5444 93
4655 93
7806 93
5536 93
6437 93
4661 94
708 94
7466 94
462 94
6091 94
4194 94
6195 94
3597 94
370 94
3455 94
7464 94
1227 94
4763 94
5938 95
8177 95
1301 95
4382 95
1475 95
2949 95
1740 95
4857 95
3953 95
6773 95
3463 95
3152 95
7843 96
2082 96
7468 96
3832 96
7181 96
2400 96
656 96
268 96
585 96
5733 96
3708 96
6989 96
3515 96
8260 96
5636 96
1434 97
4805 97
6276 97
3581 97
7639 97
4554 97
1653 97
995 97
90 97
3272 97
4005 97
7497 97
6940 97
149 97
2038 97
5357 97
5716 97
7352 97
6899 97
2394 98
3098 98
6320 98
494 98
2723 98
3295 98
3847 98
6769 98
7525 98
2450 99
4086 99
4221 99
5116 99
3810 99
4785 99
3294 99
1049 99
1895 99
422 100
6886 100
3622 100
3697 100
176 100
4896 100
2646 100
5313 100
889 100
763 100
6757 100
3096 100
7556 100
8257 100
2055 100
683 100
5208 101
6407 101
5725 101
3931 101
5500 101
2265 101
3905 101
1996 101
5109 101
7367 101
1081 101
3550 101
5188 101
3806 101
7290 101
102 102
1365 102
2583 102
4117 102
8255 102
2976 102
5169 102
3758 102
14 102
5447 102
1490 102
6063 102
7050 103
3366 103
4404 103
6032 103
4325 103
1552 103
6849 103
6610 103
4745 103
2840 103
3798 103
2272 103
5867 103
3169 103
7568 103
6475 104
8070 104
683 104
5784 104
5371 104
3652 104
4382 104
4123 104
1953 104
4007 104
2691 104
2988 104
423 105
4465 105
7788 105
3511 105
316 105
749 105
8204 105
3519 105
6569 105
1269 105
7382 105
270 105
637 105
2647 105
5784 105
1500 105
4894 106
5648 106
1449 106
4572 106
5342 106
2078 106
513 106
6730 106
1209 106
3498 106
2599 106
777 106
4773 106
750 106
4714 106
4268 106
7341 106
7859 107
4005 107
7011 107
5309 107
4589 107
2275 107
7129 107
7811 107
1219 107
1304 107
8270 107
4698 107
1224 107
1313 107
2812 107
2170 107
6451 107
4524 107
6664 107
2962 108
6186 108
5062 108
33 108
3303 108
5988 108
1106 108
7441 108
5545 108
7511 108
5089 108
3260 108
5761 108
1373 108
1758 109
4315 109
4276 109
6775 109
6790 109
7531 109
7538 109
2097 109
1995 109
4792 109
3847 109
6756 109
4236 110
4883 110
5349 110
3649 110
950 110
3748 110
6812 110
3873 110
2479 110
3240 110
704 110
5162 110
196 110
5142 110
3184 110
2300 110
2925 110
3413 110
47 110
1595 110
4563 111
6114 111
7854 111
3407 111
7719 111
7788 111
5123 111
4086 111
996 111
2281 111
1056 111
7736 111
8073 111
3251 111
3591 112
8279 112
8150 112
409 112
7604 112
1067 112
7726 112
483 112
2917 113
1460 113
32 113
3435 113
614 113
502 113
4782 113
7048 113
4123 113
2682 113
4411 113
2843 113
1520 113
9 113
5394 113
3432 113
6914 113
292 113
7236 113
7974 113
43 113
1475 113
7862 113
7768 114
2290 114
6637 114
2013 114
5754 114
3093 114
5303 114
4811 114
308 114
7048 114
8129 114
7629 114
3797 114
1098 115
1887 115
904 115
809 115
7804 115
4321 115
575 115
7727 115
5394 115
2563 115
2168 115
2391 115
713 116
116 116
2910 116
8059 116
8045 116
402 116
1478 116
7396 116
3170 116
6884 116
2721 116
5691 116
4505 116
3879 116
2704 116
3718 116
2694 116
310 116
1973 116
3840 117
7494 117
6622 117
6325 117
4083 117
24 117
6913 117
2358 117
443 117
6749 117
7672 117
4241 117
5894 117
2479 117
8255 117
1553 117
7219 117
7804 117
4321 117
4561 117
7588 117
3322 117
7703 118
2658 118
450 118
6810 118
1932 118
5213 118
1438 118
712 118
287 118
241 118
5861 118
6059 118
2530 118
8259 118
2752 119
5257 119
4887 119
6958 119
4568 119
167 119
2311 119
2361 119
4511 119
7521 119
3732 119
7053 119
4146 119
201 119
3638 119
2040 119
6274 119
6095 119
709 119
2891 119
5061 119
1381 120
355 120
4117 120
1388 120
4839 120
6801 120
7578 120
7771 120
7019 120
3669 120
2352 120
5516 120
1713 120
3058 120
7265 120
7957 120
7983 120
765 120
50 120
6094 121
1214 121
7585 121
1527 121
6985 121
4184 121
1452 121
137 121
5367 121
3218 121
7681 121
6524 121
7478 121
5518 121
7359 121
7498 122
7788 122
2345 122
7575 122
6485 122
4353 122
2715 122
3346 122
6258 122
1027 122
1504 122
6427 122
4902 122
3855 122
1632 122
4422 122
2001 122
5398 123
2763 123
7061 123
695 123
3790 123
7972 123
3908 123
2384 123
5088 123
4140 123
3132 123
7588 123
4854 123
8296 123
8000 124
5257 124
6732 124
1370 124
2030 124
4093 124
2922 124
1100 124
6302 124
860 124
1765 124
8208 124
451 124
6710 124
8132 124
2682 125
2118 125
3698 125
1372 125
745 125
3294 125
680 125
5452 125
1889 125
6403 125
7256 125
3799 125
7044 125
402 125
2809 125
3599 125
8043 126
1548 126
6752 126
8290 126
3705 126
7780 126
494 126
8105 126
1157 126
783 126
4604 126
7902 126
6792 126
3632 126
3365 126
5734 126
2315 126
2828 127
8254 127
1547 127
2085 127
7487 127
2758 127
2625 127
8138 127
6156 127
6098 127
4722 127
1542 127
7242 127
7742 127
1031 127
8009 127
3063 127
