3200 128
1435 128
536 128
4253 128
5394 128
984 128
3606 128
4897 128
2661 128
2272 128
5694 128
5102 128
6294 128
7475 128
63 128
5861 128
7766 128
6863 128
6090 129
2976 129
4325 129
1911 129
2187 129
129 129
6675 129
2989 129
3868 129
5552 129
6230 129
6529 129
471 129
6308 129
270 129
3349 129
4272 129
3955 129
6211 130
1991 130
5835 130
4853 130
2531 130
2711 130
2792 130
2221 130
6318 130
2439 130
60 130
4059 130
639 130
5988 130
3739 131
3889 131
25 131
131 131
745 131
1495 131
4191 131
3275 131
1047 131
1242 131
949 131
3339 131
7606 131
4994 131
6802 131
194 132
1641 132
5674 132
3303 132
6779 132
5868 132
5047 132
4430 132
2512 132
8267 132
1080 132
7135 132
306 132
4391 132
2721 132
7094 132
158 132
5784 132
2885 133
2746 133
1675 133
6966 133
7565 133
3464 133
5411 133
2775 133
4167 133
6342 133
7328 133
7152 133
7282 133
7601 133
5473 133
5550 133
62 134
2271 134
885 134
4491 134
136 134
1655 134
2234 134
1632 134
4725 134
4101 134
7896 134
392 134
7147 134
7953 134
615 134
196 134
4722 135
1113 135
7840 135
1244 135
4646 135
7311 135
2303 135
976 135
4488 135
5285 135
1447 135
7297 135
3764 135
7799 135
832 135
615 135
6954 135
240 136
5764 136
2561 136
5076 136
4013 136
5742 136
7622 136
4384 136
6179 136
1253 136
550 136
5354 136
6735 136
6354 137
4545 137
7029 137
1538 137
3547 137
575 137
3754 137
3309 137
6267 137
84 137
5945 137
5552 137
2380 137
7723 137
3799 137
692 137
3608 137
7802 137
1113 138
5792 138
2451 138
3140 138
3931 138
2301 138
2471 138
6760 138
4618 138
6275 138
2001 138
6461 138
6744 139
7535 139
5084 139
7079 139
7467 139
4380 139
7752 139
3698 139
1071 139
3702 139
3977 139
443 139
2738 139
529 139
735 139
6506 139
6309 139
483 139
8294 139
7085 140
2834 140
5420 140
1212 140
5267 140
7691 140
1970 140
2772 140
4820 140
7684 140
8083 140
4989 140
3934 140
6789 140
1379 140
5237 140
4453 140
1101 140
4287 140
370 140
2638 140
4338 141
4357 141
5872 141
1749 141
2279 141
5028 141
6812 141
4872 141
7186 141
3200 141
5723 141
5370 141
6817 141
3680 141
5528 141
4161 141
559 142
1635 142
8217 142
6949 142
552 142
3870 142
6699 142
4488 142
3992 142
5100 142
4099 142
182 142
8165 142
5426 142
3009 142
109 142
7906 142
5544 142
4037 142
143 143
2680 143
5230 143
3967 143
450 143
4817 143
7190 143
4041 143
809 143
5195 143
7678 143
6720 143
133 143
464 143
3396 144
4301 144
1686 144
6616 144
5825 144
2078 144
3107 144
2067 144
6158 144
4434 144
1712 144
7842 144
7286 144
4374 144
3622 144
5955 144
5138 144
136 144
2262 144
3085 145
1820 145
436 145
1663 145
173 145
7837 145
6343 145
496 145
126 145
7488 145
6569 145
1931 145
5242 145
1595 145
7388 146
1765 146
7929 146
6626 146
4439 146
7167 146
7182 146
2282 146
7083 146
3880 146
5236 146
2740 147
6273 147
6832 147
7415 147
1214 147
3983 147
3992 147
2421 147
7452 147
6801 147
2522 147
2908 147
2569 147
2732 148
1365 148
3242 148
3311 148
717 148
3740 148
4414 148
5148 148
1939 148
5152 148
5565 148
6229 148
5438 148
2655 148
2351 149
2840 149
290 149
1285 149
6744 149
2682 149
7894 149
6696 149
4715 149
6658 149
5294 149
3324 149
3756 149
1379 149
40 149
6807 149
150 150
4249 150
4494 150
3070 150
1356 150
518 150
5771 150
1578 150
4156 150
2268 150
7076 150
3904 150
6923 150
2803 150
6280 150
5254 150
3656 150
4841 150
2682 150
5830 150
3041 150
680 150
7574 151
7580 151
4231 151
6662 151
4783 151
7540 151
7951 151
7323 151
1452 151
2410 151
1304 151
4765 151
6494 151
1561 151
2113 151
4913 151
3761 151
7362 151
3084 152
5379 152
675 152
5619 152
4237 152
1139 152
6376 152
27 152
3177 152
8095 152
1684 152
4512 152
3917 152
6914 152
1593 152
3139 152
483 152
4855 152
6679 153
2447 153
1332 153
6626 153
5294 153
7996 153
4912 153
804 153
4840 153
2585 154
6330 154
2733 154
747 154
4299 154
7674 154
5037 154
1450 154
6675 154
6627 154
4386 154
4766 154
2294 154
174 154
1865 154
489 154
2673 155
7260 155
5480 155
3171 155
4879 155
4745 155
7974 155
1174 155
5148 155
4105 155
1689 155
7334 156
4081 156
6948 156
628 156
1047 156
5274 156
824 156
2829 156
3228 156
88 156
6998 156
6262 156
5141 156
8036 156
6220 156
1356 156
5923 156
1344 156
1635 156
8264 156
4225 157
7429 157
863 157
6114 157
8261 157
4943 157
3113 157
1254 157
4242 157
5139 157
2280 157
5048 157
2110 157
6647 157
2786 157
5946 157
3451 157
5732 157
2973 157
6961 157
6536 157
2953 158
5449 158
2963 158
1475 158
3810 158
6326 158
2207 158
33 158
3789 158
5692 158
7461 158
6513 158
5022 159
4271 159
7415 159
6443 159
8201 159
3415 159
7818 159
5436 159
5161 159
8155 159
7186 159
6552 159
1788 159
1005 159
625 159
456 159
4672 159
3346 159
3617 159
7299 159
718 159
1636 159
1472 160
5076 160
5512 160
6312 160
1970 160
2012 160
4278 160
4595 160
4172 160
4538 160
2537 160
1997 160
6483 160
6732 161
5470 161
1567 161
2800 161
3287 161
7574 161
3582 161
511 161
571 161
4678 161
1303 161
4949 161
1890 161
4981 161
4415 161
3305 161
6457 161
1475 161
1999 161
1572 161
5951 161
1657 161
1326 162
6275 162
3238 162
2451 162
5194 162
7742 162
5199 162
7066 162
3082 162
4435 162
4734 162
6331 162
917 162
1994 162
5253 162
2706 162
1664 162
2963 163
1589 163
8197 163
422 163
1282 163
4717 163
5134 163
2376 163
2679 163
3122 163
4570 163
4397 163
1045 163
3510 163
1386 163
6735 163
2682 163
3056 164
4745 164
7429 164
6094 164
6236 164
2197 164
7668 164
1965 164
4795 164
8103 164
7524 164
3654 164
6429 164
3706 164
4646 164
5919 164
5836 164
8008 164
6949 165
6516 165
1546 165
6587 165
2104 165
4780 165
1223 165
6675 165
1936 165
7389 165
7943 165
8172 165
6566 165
7281 165
6529 165
6071 165
3608 165
3181 165
1927 165
2694 165
19 165
7701 165
4794 165
4890 165
1615 165
4127 166
8210 166
6658 166
3759 166
3022 166
1428 166
4612 166
6495 166
152 166
4387 166
4989 166
3249 167
4954 167
864 167
7220 167
327 167
2746 167
7011 167
5751 167
7182 167
2769 167
5758 167
5961 167
2385 167
5742 168
884 168
6576 168
4662 168
4375 168
528 168
6254 168
3314 168
7022 168
4082 168
3119 168
8265 168
3547 168
4084 168
7691 168
7758 168
717 168
1279 169
7177 169
6974 169
2787 169
6637 169
226 169
6651 169
2316 169
7361 169
1749 169
3270 169
2426 169
1075 169
662 169
5092 169
3309 169
3943 170
2342 170
238 170
6178 170
7176 170
1719 170
448 170
5509 170
6950 170
1987 170
2263 170
8236 170
4185 170
5135 170
3483 170
3735 170
6434 170
5658 170
5976 170
166 170
5890 170
4277 170
4665 170
1142 170
182 170
5538 171
6850 171
3401 171
5294 171
1563 171
7601 171
2065 171
5883 171
887 171
5817 171
4213 171
4716 171
3960 171
4763 171
3458 171
1612 171
3365 172
2575 172
1447 172
4925 172
6601 172
5188 172
6110 172
590 172
2230 172
2879 172
1564 172
4131 172
5946 172
6536 172
1643 172
1501 172
5375 172
2899 173
2816 173
7315 173
639 173
4758 173
7338 173
1100 173
384 173
2229 173
3934 173
7800 173
4595 174
6776 174
2655 174
1161 174
6606 174
3588 174
5807 174
8066 174
4117 174
1467 174
2752 174
5120 174
579 174
7592 174
989 175
7281 175
3021 175
6714 175
8245 175
6359 175
5404 175
4595 175
3235 175
2138 175
3590 175
936 175
4587 175
3859 175
3969 176
6216 176
3090 176
5620 176
1927 176
2940 176
8264 176
1442 176
5771 176
3632 176
6598 176
7697 176
4138 176
3871 176
2833 176
4965 176
3746 176
3038 177
6007 177
2611 177
6628 177
2377 177
1886 177
3080 177
7819 177
7480 177
4438 177
7151 177
431 177
689 177
2222 177
278 177
6236 177
7488 178
7645 178
3510 178
4826 178
5482 178
6910 178
7533 178
5615 178
2895 178
2795 178
5528 178
906 178
76 178
6234 178
6864 178
6763 178
3584 178
1475 179
6289 179
2705 179
5462 179
3238 179
2072 179
893 179
5055 179
8027 179
6749 179
6717 179
180 180
3781 180
725 180
3044 180
3704 180
765 180
6002 180
1372 180
6076 180
1458 180
820 180
3859 181
3602 181
4064 181
6729 181
6624 181
1061 181
2701 181
8030 181
4144 181
1811 181
6004 181
1280 181
346 181
4049 181
4267 181
2397 182
5344 182
3691 182
2430 182
7259 182
4765 182
3461 182
3906 182
4630 182
7608 182
6628 182
3320 182
7350 182
6117 182
5667 182
5267 182
7845 182
7193 182
5527 182
4804 183
6424 183
138 183
5547 183
480 183
3219 183
108 183
344 183
987 183
5675 183
2063 183
913 183
532 183
853 183
1337 183
7582 183
8239 183
8065 183
4090 183
3614 183
4941 183
1025 184
7469 184
3691 184
5550 184
2741 184
4779 184
5176 184
7073 184
5909 184
4398 184
171 184
4054 184
25 184
4573 185
3929 185
1997 185
6410 185
1467 185
726 185
8072 185
264 185
1968 185
1841 185
785 185
5134 185
3550 185
6549 185
3539 185
8078 185
478 185
2620 185
4638 186
1511 186
7361 186
1035 186
7290 186
6622 186
5374 186
7845 186
5025 186
7369 186
5288 186
3230 186
7057 186
1067 186
391 187
824 187
2983 187
2 187
7144 187
3116 187
302 187
636 187
3502 187
1498 187
3130 187
3244 187
7835 187
3253 187
5690 188
2260 188
7460 188
1462 188
3031 188
6307 188
3601 188
3223 188
1655 188
6221 188
7284 188
2842 188
6540 188
4959 188
731 189
7044 189
5943 189
3631 189
4238 189
3421 189
4820 189
3571 189
2291 189
6275 189
1535 189
1757 189
2281 189
248 189
6682 189
4798 189
600 189
6552 189
4071 189
2245 189
5649 189
217 190
7600 190
6807 190
223 190
7730 190
6638 190
4071 190
2256 190
2202 190
8041 190
6909 190
2279 191
1643 191
1303 191
6129 191
3612 191
3104 191
7021 191
5466 191
1953 191
4690 191
1484 191
6629 191
1073 191
2151 192
2081 192
4363 192
4010 192
1438 192
7586 192
4273 192
2499 192
3999 192
3104 192
5032 192
4716 192
1717 193
963 193
1207 193
5590 193
6607 193
1892 193
2537 193
3611 193
1388 193
5285 193
450 193
5282 193
4696 194
7392 194
4088 194
3468 194
2321 194
6789 194
7904 194
6682 194
6767 194
6529 194
2665 194
323 194
2054 194
126 194
4836 194
254 194
2111 194
416 194
5753 194
6229 195
6852 195
7190 195
4770 195
1991 195
3642 195
4180 195
4980 195
5258 195
4642 195
2890 195
7017 195
2051 195
6125 196
2845 196
7974 196
7349 196
960 196
5498 196
5473 196
6656 196
608 196
6894 196
7862 196
8183 196
3314 196
1455 196
7731 196
3975 196
3481 196
8255 196
7561 196
7448 196
1040 196
7568 196
6257 196
7169 196
1323 196
272 197
5374 197
7333 197
3634 197
2480 197
2595 197
5907 197
714 197
7846 197
2665 197
6741 197
5048 197
817 197
7710 197
6035 197
1574 197
2956 198
3782 198
2917 198
685 198
4446 198
4006 198
2157 198
3704 198
4490 198
1913 198
5992 198
1675 198
978 198
765 198
7387 198
1918 198
3307 199
3741 199
7397 199
2373 199
3833 199
7486 199
1278 199
6433 199
864 199
1455 199
1722 199
6186 199
5825 199
3027 199
7180 199
6607 199
5301 200
3537 200
450 200
3768 200
609 200
4092 200
3280 200
6805 200
7027 200
3287 200
8152 200
6330 200
2187 200
7733 200
1276 200
1467 200
5516 200
6076 200
2790 201
1703 201
3913 201
6268 201
161 201
3656 201
3194 201
3985 201
3550 201
2367 201
2831 201
272 201
7205 201
5212 202
721 202
6116 202
4738 202
2812 202
5765 202
5008 202
7654 202
2755 202
6994 202
4206 202
4844 202
1457 202
7692 202
4883 202
4161 202
3124 202
1296 202
6292 202
7742 202
5221 203
747 203
5384 203
4025 203
7201 203
5372 203
392 203
2728 203
5321 203
4883 203
6083 203
1553 203
3159 203
7720 203
3152 203
5981 203
4097 203
7237 203
4404 203
4209 203
4706 203
982 203
8197 204
5164 204
2240 204
7185 204
1906 204
7217 204
107 204
134 204
5157 204
3710 204
6740 204
4153 204
4920 204
5687 204
3041 204
682 204
2221 205
6856 205
1047 205
2468 205
4896 205
550 205
2187 205
4037 205
4104 205
2843 205
206 206
7291 206
769 206
3005 206
1841 206
389 206
283 206
683 206
416 206
3202 206
3008 206
5018 206
7330 206
2207 207
4995 207
3012 207
5919 207
3136 207
4377 207
4751 207
5028 207
7766 207
3909 207
2018 207
7693 207
2470 207
2514 207
898 208
3200 208
3126 208
873 208
4309 208
5890 208
309 208
3513 208
7940 208
2642 208
7520 208
659 208
1952 208
1190 208
452 208
5832 208
749 209
636 209
7869 209
1595 209
834 209
6216 209
5990 209
46 209
3938 209
7427 209
6802 210
1634 210
5393 210
5082 210
3833 210
4289 210
1262 210
4685 210
283 210
5266 210
6679 210
2362 210
660 210
859 210
1122 210
6951 210
3502 210
3067 210
762 210
7639 210
2009 211
6420 211
2849 211
8145 211
2406 211
6792 211
6680 211
44 211
782 211
811 211
1663 211
123 211
1246 211
3855 211
3242 211
6202 211
6017 212
3741 212
863 212
6628 212
7236 212
7560 212
2994 212
4896 212
6474 212
1610 212
2009 212
6318 212
1235 212
4632 212
5047 213
2543 213
7340 213
7776 213
5441 213
4109 213
3405 213
614 213
7251 213
7682 213
2734 213
2635 213
438 213
5693 213
906 213
1791 213
1182 213
7031 214
214 214
3382 214
1927 214
6226 214
3527 214
2290 214
659 214
3468 214
3568 214
2283 214
6901 214
3697 214
3740 214
3599 215
2273 215
856 215
7975 215
7335 215
5468 215
418 215
5347 215
3289 215
5266 215
2935 215
7668 215
2596 215
2133 215
7753 215
2828 215
2830 215
7320 215
2806 215
4518 215
6424 215
7520 215
7135 216
4265 216
5184 216
4954 216
389 216
3157 216
2731 216
1337 216
6992 216
6903 216
1829 216
4372 216
447 216
2595 216
3585 216
4586 216
1234 216
7781 216
5379 216
2183 216
6720 216
4730 216
3857 217
1540 217
2537 217
6103 217
4257 217
4915 217
4954 217
2018 217
37 217
3803 217
703 217
4941 217
4231 217
5501 217
1725 217
1246 217
808 217
7867 217
656 217
447 217
6695 217
6248 218
7488 218
7701 218
5764 218
1293 218
5327 218
3652 218
6789 218
2764 218
2800 218
1386 218
3527 219
2977 219
6606 219
8198 219
6188 219
5102 219
3136 219
4251 219
593 219
4197 219
1561 219
2288 219
5061 219
7806 219
1970 219
7652 219
1282 219
6225 220
2287 220
1995 220
3226 220
4391 220
7997 220
2606 220
2786 220
7519 220
6058 220
7608 221
4990 221
6330 221
7539 221
225 221
661 221
7123 221
4144 221
2306 221
1837 221
6413 222
4541 222
3168 222
5498 222
4519 222
6511 222
4225 222
50 222
2433 222
532 222
2891 222
2548 222
7748 222
6802 223
3646 223
1051 223
3354 223
791 223
4258 223
7224 223
4343 223
6968 223
5701 223
4080 223
4550 223
6884 223
4813 223
2188 223
3873 223
5967 223
6054 224
7297 224
6948 224
4014 224
5590 224
1234 224
3294 224
2707 224
6693 224
4555 224
274 224
5568 224
8155 224
4563 224
6302 224
1073 225
4686 225
3460 225
1985 225
6867 225
6984 225
5158 225
1436 225
2851 225
4763 225
3242 225
7849 225
2641 225
1532 225
8231 225
3106 225
4768 225
6835 225
4727 225
7275 225
4835 225
6033 225
727 226
4910 226
4592 226
3548 226
5291 226
5924 226
8206 226
1906 226
6227 226
213 226
4428 226
942 226
8187 227
987 227
1029 227
4820 227
4856 227
867 227
790 227
4883 227
3806 227
6467 227
2888 227
3601 227
5593 227
2982 227
7197 227
6813 227
5327 227
4151 227
7928 227
1070 227
440 227
4480 228
3609 228
1260 228
6758 228
5974 228
5681 228
2561 228
5838 228
8174 228
2587 228
2161 228
891 228
3077 228
3949 228
910 228
229 229
4872 229
4737 229
4413 229
7186 229
461 229
4938 229
3233 229
471 229
8074 229
8289 229
7142 229
2786 229
5301 229
2548 229
5119 229
198 229
6188 229
1373 229
2974 229
4199 229
2001 229
3798 230
369 230
3797 230
2575 230
3728 230
2770 230
3974 230
2324 230
174 230
721 230
2442 230
3930 230
920 230
5391 230
1474 230
2488 230
5649 230
5457 230
7074 230
4533 230
6689 230
6789 230
7800 230
1495 230
1991 231
6333 231
6144 231
7110 231
3861 231
2115 231
8217 231
7517 231
632 231
7482 231
852 231
4977 231
7299 231
6982 231
1495 232
5125 232
27 232
7674 232
291 232
7860 232
6669 232
177 232
7357 232
6449 232
2536 232
543 232
4727 232
1204 232
3086 232
233 233
1387 233
3931 233
6812 233
2371 233
1194 233
4514 233
981 233
5521 233
1901 233
5224 233
2561 233
7578 233
5803 233
1936 233
749 233
7904 233
6334 233
4915 233
349 234
4294 234
4494 234
975 234
4384 234
7608 234
5230 234
3541 234
3024 234
4509 234
5010 234
4883 234
865 234
6269 234
4271 234
6751 234
7792 234
4822 234
779 235
4848 235
3021 235
2227 235
3746 235
3083 235
7069 235
7748 235
1699 235
2599 235
3085 235
5271 235
1953 235
2450 235
1365 235
4235 235
5465 235
4610 235
4501 235
4413 236
7687 236
7909 236
6743 236
179 236
3977 236
6125 236
7452 236
2670 236
3396 236
4146 236
6505 236
4870 236
2989 236
4459 236
7818 237
3745 237
6513 237
6923 237
2465 237
2592 237
5163 237
3091 238
3132 238
6608 238
7209 238
5311 238
7439 238
5959 238
4201 238
6083 238
2784 238
5429 238
2587 238
4312 238
1360 238
602 238
1178 238
4070 238
1162 239
4950 239
3422 239
2205 239
5240 239
90 239
1128 239
7153 239
6397 239
5288 239
1371 239
2982 239
389 239
3638 239
2135 239
7429 239
7341 239
1366 239
6625 239
7460 239
422 239
2776 239
2734 240
2831 240
6463 240
880 240
6989 240
1834 240
4224 240
7565 240
997 240
826 240
1769 240
816 240
1481 240
6211 240
4981 240
3638 240
4482 240
6790 241
6659 241
3796 241
5315 241
4249 241
2332 241
7108 241
8004 241
5825 241
3145 241
7877 241
3325 241
6043 241
6668 241
5038 241
5537 241
3983 241
6305 241
7365 241
1015 241
242 242
7859 242
1405 242
2201 242
2287 242
23 242
1477 242
6220 242
3527 242
4865 242
2318 242
4511 242
2388 242
5265 242
7302 242
2580 242
4568 242
4816 242
4774 242
7248 243
4224 243
7999 243
2694 243
5391 244
3799 244
3090 244
4562 244
6059 244
59 244
1965 244
7583 244
1429 244
6510 244
2712 244
4866 244
7237 244
1991 244
7705 244
5153 245
25 245
355 245
5649 245
2273 245
6685 245
1500 245
6294 245
2934 245
4394 245
6756 245
7460 245
7166 245
1859 245
2306 245
1255 245
7944 245
3194 245
985 245
2761 245
5058 246
7013 246
1708 246
2630 246
431 246
4965 246
4183 246
3473 246
7705 246
499 246
345 246
97 246
1303 246
7190 246
2005 246
1775 246
5103 246
3167 246
4453 246
4579 246
5513 246
2404 246
6208 246
5418 247
6115 247
965 247
5313 247
3483 247
5775 247
5708 247
7296 247
6114 247
2945 247
1212 247
3093 247
1680 247
267 247
5825 247
374 247
4907 247
4861 247
3038 247
497 247
8106 247
7457 247
4029 247
2049 248
4770 248
5721 248
7520 248
302 248
8293 248
6441 248
3518 248
7639 248
3829 248
2882 248
1504 248
5047 248
1769 248
1692 248
4632 248
424 248
4412 248
6414 248
145 249
2313 249
7262 249
2892 249
7452 249
7423 249
1157 249
6437 249
1186 249
1555 249
7259 249
4540 249
3698 249
2438 249
3614 249
3623 249
6122 250
1011 250
6087 250
7059 250
7962 250
3170 250
5674 250
6144 250
1215 250
747 250
2143 250
