3222 1243
7543 1243
4785 1243
807 1243
3728 1243
7328 1243
7300 1243
2527 1243
2152 1243
7927 1243
7357 1243
2168 1243
1689 1244
6858 1244
3463 1244
1295 1244
4268 1244
284 1244
2874 1244
5415 1244
2081 1244
3219 1244
3605 1244
2434 1244
7265 1244
562 1244
1268 1244
4403 1244
6446 1244
3035 1244
4524 1245
4859 1245
7837 1245
738 1245
2099 1245
425 1245
4340 1245
807 1245
1787 1245
3738 1245
1780 1245
4751 1245
6733 1245
2204 1245
7333 1246
6249 1246
5945 1246
4968 1246
6595 1246
7646 1246
4532 1246
73 1246
2436 1246
7684 1246
4669 1246
6414 1246
3943 1246
4526 1246
2832 1246
7105 1246
4376 1246
2658 1246
3444 1246
5843 1246
7770 1246
3638 1246
1247 1247
6658 1247
7001 1247
1025 1247
1960 1247
6133 1247
6305 1247
1668 1247
6891 1247
6466 1247
4039 1247
5440 1247
1726 1247
4870 1247
6607 1247
2157 1247
3864 1247
2872 1247
5626 1247
5967 1248
7348 1248
1854 1248
884 1248
7087 1248
3646 1248
7603 1248
1551 1248
6073 1248
5506 1248
8033 1248
6618 1248
6243 1248
1128 1248
2257 1248
3552 1248
6867 1248
4195 1248
3070 1248
3752 1248
2033 1248
6279 1249
5036 1249
1122 1249
2413 1249
3616 1249
6104 1249
7997 1249
5100 1249
1069 1249
2809 1249
2209 1249
689 1249
2522 1249
6368 1249
4617 1249
146 1249
1240 1249
7431 1250
7505 1250
5561 1250
5274 1250
3455 1250
5699 1250
6592 1250
904 1250
7598 1250
4915 1250
108 1250
7849 1250
496 1250
1752 1251
6912 1251
3904 1251
2222 1251
7365 1251
7684 1251
7159 1251
7738 1251
835 1251
5940 1251
1401 1251
1169 1251
2604 1251
5334 1251
5326 1251
5682 1251
1253 1251
1546 1252
3763 1252
6867 1252
4847 1252
248 1252
1231 1252
3913 1252
672 1252
6588 1252
1704 1252
3644 1252
1806 1253
7430 1253
18 1253
1648 1253
2312 1253
7181 1253
5172 1253
6469 1253
883 1253
7534 1253
7930 1253
5925 1253
6267 1253
2632 1253
1257 1253
7242 1253
7227 1253
7637 1253
1509 1254
8029 1254
3876 1254
6722 1254
2089 1254
3597 1254
4531 1254
5250 1254
3567 1254
8187 1254
2130 1254
6549 1254
6841 1255
683 1255
3300 1255
5656 1255
910 1255
1647 1255
1254 1255
3907 1255
495 1255
3397 1255
2844 1255
2318 1255
1722 1256
5360 1256
4930 1256
3929 1256
1450 1256
8010 1256
4888 1256
179 1256
3235 1256
4918 1256
2030 1256
2866 1257
3421 1257
3392 1257
2459 1257
987 1257
2099 1257
5384 1257
3050 1257
353 1257
5411 1257
6210 1257
6819 1257
6940 1257
1001 1257
3953 1257
3420 1257
8100 1257
6238 1257
7978 1257
5619 1258
2575 1258
2726 1258
6723 1258
5388 1258
4229 1258
2359 1258
6004 1258
4236 1258
6479 1258
3247 1258
422 1258
7033 1258
2235 1258
6389 1258
1746 1258
2005 1258
7085 1258
6647 1258
1650 1259
5430 1259
7573 1259
6063 1259
4413 1259
7972 1259
2409 1259
492 1259
3235 1259
1810 1259
2920 1259
4701 1259
3634 1259
4041 1259
7241 1259
2244 1260
2932 1260
299 1260
6406 1260
2812 1260
3704 1260
1076 1260
4995 1260
6457 1260
4368 1260
6616 1260
7528 1260
7013 1260
3933 1260
8048 1260
7763 1260
5072 1260
6950 1260
287 1260
5663 1260
7494 1261
1060 1261
2785 1261
869 1261
7959 1261
1672 1261
6382 1261
2760 1261
403 1261
5255 1261
2374 1261
5211 1261
5243 1261
5078 1261
7842 1261
2292 1261
4673 1261
59 1261
2752 1261
855 1261
1130 1261
7599 1262
6279 1262
2708 1262
3041 1262
1832 1262
6642 1262
8092 1262
2126 1262
5119 1262
729 1262
6286 1262
5521 1262
1459 1262
205 1262
704 1262
3120 1263
604 1263
7786 1263
4568 1263
8159 1263
2844 1263
5900 1263
6132 1263
4274 1263
100 1263
7315 1263
6850 1263
6003 1263
3968 1263
1939 1263
2187 1263
3379 1264
3346 1264
7027 1264
5436 1264
2216 1264
540 1264
7849 1264
1502 1264
2489 1264
2579 1264
1774 1264
5327 1264
4061 1264
2337 1264
8161 1264
1896 1265
7251 1265
4539 1265
6828 1265
4994 1265
5242 1265
8002 1265
1873 1265
5625 1265
5917 1265
4715 1265
33 1265
1027 1265
1006 1265
130 1265
5897 1265
8090 1265
4049 1265
4768 1265
897 1265
4714 1266
3512 1266
290 1266
3237 1266
1843 1266
4569 1266
4647 1266
5684 1266
7827 1266
6837 1266
4894 1266
3322 1266
4460 1266
3767 1266
3273 1266
4086 1266
682 1266
5222 1266
2488 1266
4537 1267
7176 1267
2733 1267
8115 1267
4062 1267
516 1267
2795 1267
478 1267
953 1267
416 1267
4565 1267
2898 1267
7283 1267
7430 1267
1814 1267
6579 1267
2281 1267
2861 1268
658 1268
6509 1268
2395 1268
6522 1268
6183 1268
7772 1268
3226 1268
7136 1268
2604 1268
3130 1268
2549 1268
5228 1268
4844 1268
1707 1268
1218 1268
28 1268
3855 1268
7315 1268
4523 1268
4607 1268
1186 1268
5474 1268
5454 1268
8245 1269
6421 1269
6644 1269
647 1269
6631 1269
6600 1269
2413 1269
2563 1269
6050 1269
279 1270
267 1270
4851 1270
3839 1270
6574 1270
2646 1270
263 1270
6540 1270
5509 1270
7841 1270
1066 1270
6644 1270
6536 1270
3574 1270
1026 1270
2778 1270
5135 1270
2199 1270
903 1271
5102 1271
7570 1271
8045 1271
5923 1271
917 1271
6475 1271
7970 1271
6980 1271
2905 1271
2348 1271
2847 1271
4839 1271
2713 1271
2302 1271
3073 1271
7196 1271
2683 1271
2261 1271
2283 1271
1860 1271
7231 1271
5935 1271
1844 1271
7949 1271
534 1272
6833 1272
4528 1272
4902 1272
181 1272
4722 1272
6689 1272
5783 1272
784 1272
3688 1272
2187 1272
4895 1272
1643 1272
6314 1272
5371 1272
7412 1272
7789 1272
4716 1272
5692 1273
5664 1273
3132 1273
6320 1273
561 1273
7622 1273
7085 1273
5965 1273
2920 1273
6608 1273
3479 1273
891 1274
1641 1274
427 1274
1235 1274
167 1274
5683 1274
6813 1274
3036 1274
6720 1274
1520 1274
1044 1274
6825 1274
5972 1274
2301 1274
7824 1274
7440 1274
6388 1274
4716 1275
6043 1275
1997 1275
5274 1275
6798 1275
4820 1275
7543 1275
906 1275
28 1275
4732 1275
5102 1275
2806 1275
1253 1275
6483 1275
7737 1275
4941 1276
2268 1276
5046 1276
4871 1276
3605 1276
2985 1276
5885 1276
7493 1276
6776 1276
2421 1276
2216 1276
615 1277
6755 1277
3807 1277
2362 1277
7887 1277
3640 1277
7332 1277
5767 1277
7269 1277
6718 1277
1103 1277
3790 1277
4333 1277
4798 1277
1701 1278
7611 1278
6669 1278
46 1278
5308 1278
4568 1278
643 1278
7909 1278
634 1278
2669 1278
5625 1278
1435 1278
8204 1279
3994 1279
3202 1279
3748 1279
3770 1279
5647 1279
6739 1279
198 1279
2761 1279
3498 1279
1781 1279
4299 1279
6077 1279
6555 1279
178 1279
5592 1279
7911 1280
5543 1280
1420 1280
1653 1280
1356 1280
2204 1280
6936 1280
2665 1280
5894 1280
5628 1280
357 1280
5575 1280
8016 1280
7600 1281
1078 1281
2981 1281
7046 1281
3567 1281
5255 1281
4718 1281
4206 1281
3964 1281
5092 1281
4363 1281
1277 1281
2570 1281
7787 1282
7576 1282
5438 1282
6501 1282
6663 1282
1148 1282
2346 1282
6273 1282
2038 1282
585 1282
4250 1282
8266 1282
2166 1282
1788 1283
4531 1283
929 1283
1193 1283
3687 1283
3863 1283
5033 1283
1690 1283
57 1283
7074 1283
7711 1283
4947 1283
7069 1283
6820 1283
5744 1283
4333 1283
480 1283
3267 1283
2786 1283
1805 1283
7710 1283
6982 1284
2233 1284
1408 1284
5300 1284
6279 1284
6051 1284
5443 1284
6463 1284
5894 1284
1169 1284
5502 1284
1133 1284
860 1284
6188 1284
4862 1284
7294 1284
1273 1284
5860 1285
219 1285
6865 1285
6380 1285
611 1285
7158 1285
4847 1285
790 1285
7371 1285
825 1285
2533 1285
2596 1285
5694 1285
1486 1285
8013 1286
4262 1286
5620 1286
687 1286
7231 1286
7986 1286
7049 1286
6738 1286
1308 1286
3873 1286
1201 1286
4664 1286
4000 1286
602 1286
166 1286
4327 1287
2191 1287
2489 1287
6237 1287
3218 1287
4022 1287
6573 1287
5443 1287
6003 1287
5675 1287
7275 1287
491 1287
6845 1288
1009 1288
6110 1288
4350 1288
8029 1288
4631 1288
5880 1288
6200 1288
4172 1288
4702 1288
5978 1288
730 1288
7580 1289
6973 1289
7401 1289
5918 1289
7528 1289
456 1289
7670 1289
275 1289
7606 1289
6183 1289
7374 1289
5070 1289
3673 1289
5475 1289
5745 1289
6224 1290
1280 1290
7646 1290
3242 1290
295 1290
1977 1290
5753 1290
936 1290
1464 1290
4162 1290
1463 1290
3654 1290
1095 1290
4909 1290
5097 1290
6009 1290
3746 1290
3088 1291
5498 1291
3640 1291
7050 1291
5164 1291
6022 1291
2979 1291
7889 1291
5001 1291
7560 1291
6024 1292
1997 1292
2587 1292
3885 1292
860 1292
2471 1292
7291 1292
3227 1292
5008 1292
3102 1292
1870 1292
7415 1292
1448 1292
6795 1293
6940 1293
2109 1293
1525 1293
811 1293
4456 1293
4716 1293
2582 1293
4178 1293
3909 1293
2822 1293
6206 1293
2240 1293
6594 1293
3190 1293
6469 1293
1551 1293
6710 1294
5641 1294
1977 1294
3250 1294
7108 1294
202 1294
7866 1294
873 1294
4054 1294
267 1294
2321 1294
2077 1294
6662 1294
643 1294
8157 1294
4262 1294
4386 1294
2843 1294
1781 1294
6912 1294
7585 1294
2845 1294
5785 1294
1100 1294
2349 1295
6739 1295
6139 1295
4532 1295
6831 1295
7320 1295
7777 1295
837 1295
7060 1295
418 1295
3252 1295
3188 1295
6760 1295
4036 1295
1765 1295
1250 1295
8224 1296
617 1296
176 1296
1054 1296
7909 1296
2518 1296
893 1296
1782 1296
806 1296
2599 1296
527 1296
5735 1296
4593 1296
4556 1296
1782 1297
8133 1297
1708 1297
7866 1297
4585 1297
7004 1297
6727 1297
3478 1298
288 1298
1307 1298
4524 1298
3284 1298
6253 1298
3477 1298
1213 1298
2894 1298
734 1298
1299 1298
6217 1298
559 1299
398 1299
7901 1299
3709 1299
5599 1299
4017 1299
6007 1299
2395 1299
1195 1299
7113 1299
5822 1299
1370 1299
7307 1299
1438 1300
1060 1300
5518 1300
3850 1300
1100 1300
6966 1300
839 1300
5838 1300
4639 1300
4403 1300
4394 1300
7653 1300
3479 1300
207 1300
1109 1300
8279 1300
3073 1300
7036 1300
2293 1300
8127 1300
7391 1300
2002 1301
2631 1301
1917 1301
5415 1301
6295 1301
3309 1301
5032 1301
4821 1301
4172 1301
6276 1301
1707 1301
2239 1301
4406 1301
6125 1301
7217 1302
6249 1302
6676 1302
5489 1302
4388 1302
7031 1302
6673 1302
4180 1302
7904 1302
7464 1302
6160 1302
6169 1302
4729 1302
1139 1302
3378 1302
3497 1302
2989 1302
3238 1303
7543 1303
1232 1303
4885 1303
6798 1303
4899 1303
5450 1303
3132 1303
3272 1303
276 1303
3761 1303
3179 1303
2725 1303
2856 1303
3877 1303
4858 1303
1136 1303
7479 1303
3327 1303
7204 1303
2393 1303
811 1303
825 1304
398 1304
5917 1304
6414 1304
5122 1304
3357 1304
4179 1304
4391 1304
3819 1304
3045 1304
3444 1304
3177 1304
821 1304
5352 1304
4524 1304
6154 1304
1144 1304
1906 1304
1758 1304
5271 1304
6273 1305
4669 1305
1230 1305
387 1305
2746 1305
3870 1305
1142 1305
4126 1305
253 1305
390 1305
167 1306
1323 1306
7645 1306
249 1306
5286 1306
2628 1306
4801 1306
867 1306
1096 1306
2247 1306
7889 1306
2987 1306
5822 1306
2920 1306
834 1306
8157 1306
2974 1306
5631 1306
4725 1306
3748 1306
8254 1306
3093 1306
3525 1306
602 1306
1912 1307
4663 1307
4763 1307
2879 1307
6841 1307
2872 1307
1206 1307
5032 1307
1055 1307
497 1307
3253 1307
2055 1307
6629 1307
1441 1307
2950 1307
4573 1307
276 1307
2596 1307
3583 1308
3791 1308
2225 1308
730 1308
4776 1308
7572 1308
1747 1308
1779 1308
79 1308
1409 1308
4006 1308
3596 1308
3303 1308
6903 1309
5965 1309
5148 1309
1825 1309
1871 1309
7294 1309
4912 1309
8244 1309
174 1309
3128 1309
2721 1309
1330 1309
8065 1309
6164 1309
7070 1309
5245 1309
4841 1309
3302 1309
6729 1309
1382 1309
2769 1309
2122 1309
6063 1309
4244 1309
1369 1309
7991 1309
7271 1309
6510 1309
1263 1310
2942 1310
1093 1310
33 1310
5389 1310
2665 1310
194 1310
1856 1310
4672 1310
1128 1310
488 1310
5656 1310
5866 1310
556 1310
6479 1310
3597 1310
5434 1311
4097 1311
8010 1311
3207 1311
4539 1311
6552 1311
4958 1311
8110 1311
2842 1311
3683 1311
667 1311
594 1311
4576 1312
1312 1312
2973 1312
3293 1312
3464 1312
7161 1312
98 1312
2679 1312
3723 1312
6908 1312
6755 1312
3870 1312
4181 1312
5276 1312
5965 1312
6856 1312
3331 1312
2080 1312
7618 1312
1287 1312
4979 1313
4593 1313
7786 1313
3900 1313
2299 1313
5509 1313
1835 1313
5689 1313
7745 1313
2518 1313
4581 1313
3060 1313
6083 1313
585 1313
4783 1313
683 1313
1061 1313
7684 1313
1139 1313
7320 1313
5045 1313
5967 1313
4979 1314
7543 1314
319 1314
2127 1314
6751 1314
6567 1314
7639 1314
3531 1314
3309 1314
8159 1314
4380 1314
5443 1314
6730 1314
3828 1314
4278 1314
724 1314
3143 1314
601 1314
5986 1314
6081 1315
7865 1315
1224 1315
7113 1315
5303 1315
425 1315
6946 1315
2273 1315
7204 1315
6927 1315
5834 1315
2398 1315
2705 1315
4618 1315
7786 1315
4609 1315
7646 1315
7665 1315
2754 1315
1295 1315
4395 1315
1881 1315
1316 1316
2606 1316
1136 1316
8297 1316
680 1316
3070 1316
5168 1316
5084 1316
8133 1316
365 1316
1943 1316
4883 1316
2081 1316
1260 1316
3949 1316
5326 1316
7799 1316
7518 1316
4962 1316
1538 1316
7087 1316
2593 1317
2269 1317
7543 1317
5367 1317
3631 1317
8154 1317
1882 1317
4539 1317
6404 1317
787 1317
487 1317
190 1317
4045 1317
3710 1317
6221 1317
2175 1317
7716 1318
695 1318
665 1318
7586 1318
4788 1318
1814 1318
7186 1318
8053 1318
5515 1318
6168 1318
6350 1318
2244 1318
7733 1318
5946 1318
3794 1319
4290 1319
7166 1319
5374 1319
2621 1319
6107 1319
4037 1319
2388 1319
6677 1319
6173 1319
3330 1319
7225 1319
5165 1319
127 1319
290 1320
6227 1320
1952 1320
770 1320
3201 1320
3696 1320
2128 1320
452 1320
5958 1320
4212 1320
3622 1320
2814 1321
2312 1321
6951 1321
3451 1321
7539 1321
2938 1321
1081 1321
2829 1321
4619 1321
3633 1321
7930 1321
5033 1321
3936 1321
1551 1321
6466 1321
6828 1321
6030 1321
2355 1321
2370 1321
3329 1322
138 1322
7057 1322
7610 1322
140 1322
1118 1322
878 1322
3955 1322
4468 1322
71 1322
6464 1322
2151 1322
5202 1322
5678 1322
6209 1322
1830 1322
6972 1322
7284 1322
706 1322
7139 1322
2738 1322
4398 1322
5630 1323
24 1323
6970 1323
5738 1323
6797 1323
2915 1323
8169 1323
3863 1323
1255 1323
733 1323
387 1323
6559 1323
1324 1324
4889 1324
1139 1324
7058 1324
2169 1324
2833 1324
3622 1324
8034 1324
3235 1324
7553 1324
1300 1324
8101 1324
3226 1324
5482 1324
4190 1324
192 1324
7211 1324
5605 1324
3406 1324
7731 1324
7190 1324
2008 1325
6696 1325
3771 1325
7030 1325
3249 1325
2198 1325
376 1325
5440 1325
5250 1325
3780 1325
4198 1325
1700 1325
575 1325
4724 1325
7791 1325
5640 1325
2498 1325
2851 1325
638 1325
2245 1325
692 1325
3142 1325
7329 1326
6394 1326
7589 1326
7874 1326
3599 1326
6763 1326
3964 1326
4321 1326
398 1326
5701 1326
1580 1326
937 1326
2868 1326
7341 1326
1133 1326
4511 1326
6736 1327
7426 1327
353 1327
2953 1327
5670 1327
2629 1327
7180 1327
7629 1327
4570 1327
2252 1327
5462 1327
3829 1327
4645 1327
387 1327
5101 1327
2631 1327
357 1327
7786 1327
1441 1327
8095 1327
5756 1327
1089 1328
2082 1328
1336 1328
6146 1328
1844 1328
6557 1328
1910 1328
5246 1328
1387 1328
860 1329
735 1329
3637 1329
1130 1329
3397 1329
3763 1329
2783 1329
3924 1329
5739 1329
676 1329
7073 1329
2395 1329
3171 1330
2487 1330
5286 1330
712 1330
8273 1330
1031 1330
7137 1330
6380 1330
1757 1330
5092 1330
3306 1330
7475 1330
6702 1330
4194 1330
2982 1330
5598 1330
2119 1330
4909 1331
5501 1331
717 1331
8166 1331
5282 1331
1943 1331
4072 1331
6057 1331
4979 1331
4938 1331
1334 1331
4334 1331
3771 1331
5824 1331
764 1331
1885 1332
344 1332
6241 1332
4286 1332
7553 1332
4236 1332
6043 1332
2909 1332
3780 1332
1357 1332
7802 1332
1747 1332
2262 1332
2345 1332
1443 1332
1959 1333
7714 1333
5806 1333
6752 1333
3617 1333
880 1333
8245 1333
7427 1333
1124 1333
6318 1333
1406 1333
1367 1333
4004 1334
5663 1334
4289 1334
8244 1334
1748 1334
7152 1334
3371 1334
1139 1334
5190 1334
4386 1334
2805 1334
5844 1334
2932 1334
8132 1335
6246 1335
841 1335
2932 1335
3194 1335
4444 1335
8177 1335
4672 1335
6881 1335
2643 1335
1976 1335
4136 1336
7576 1336
7158 1336
1103 1336
5568 1336
5434 1336
551 1336
1387 1336
1348 1336
906 1336
1002 1336
474 1336
5483 1336
1162 1336
5008 1336
6691 1336
6111 1336
3400 1336
2040 1337
1379 1337
1625 1337
6940 1337
3847 1337
3040 1337
6382 1337
7008 1337
320 1337
4977 1337
4498 1337
5457 1337
2127 1338
6688 1338
5807 1338
1568 1338
6813 1338
1185 1338
6129 1338
2262 1338
5186 1338
3123 1338
5771 1338
2557 1338
4977 1338
3156 1338
8083 1338
7620 1338
3940 1339
4311 1339
8291 1339
3833 1339
7365 1339
1331 1339
6216 1339
62 1339
1462 1339
6684 1339
7762 1339
1445 1339
4661 1339
885 1339
7946 1339
6545 1339
1026 1339
7319 1339
4713 1339
2053 1339
133 1340
1520 1340
7263 1340
1873 1340
5644 1340
4877 1340
7854 1340
1482 1340
2346 1340
1747 1340
5022 1340
1521 1340
4546 1340
4729 1340
5010 1340
5157 1340
4738 1340
825 1340
6865 1340
5936 1340
2061 1341
4563 1341
3834 1341
5538 1341
2893 1341
8241 1341
409 1341
780 1341
483 1341
3537 1341
4274 1341
3667 1341
3070 1341
7021 1341
5597 1342
508 1342
5006 1342
4839 1342
4501 1342
1657 1342
1103 1342
7856 1342
6014 1342
8258 1342
5501 1342
2356 1342
6912 1342
6275 1342
4441 1342
2475 1342
6446 1342
3245 1342
1353 1343
7493 1343
1486 1343
6851 1343
3416 1343
3909 1343
1369 1343
2007 1343
416 1343
4000 1343
145 1343
4518 1343
3732 1343
1802 1343
4651 1344
3379 1344
4182 1344
4872 1344
6567 1344
655 1344
5145 1344
1885 1344
3630 1344
281 1344
7550 1344
1105 1344
6277 1344
6690 1344
6685 1344
1414 1344
3192 1344
4575 1344
4867 1344
4156 1344
717 1345
5648 1345
5357 1345
5666 1345
7061 1345
7959 1345
6136 1345
2552 1345
1305 1345
3567 1345
6437 1346
1880 1346
983 1346
3691 1346
7393 1346
5824 1346
5757 1346
6050 1346
7741 1346
8271 1346
5630 1346
1865 1346
2051 1346
803 1346
7682 1347
2427 1347
3054 1347
3193 1347
7726 1347
3220 1347
1409 1347
4994 1347
3235 1347
2280 1347
5297 1347
1920 1347
7852 1347
5010 1347
8142 1347
2867 1348
5772 1348
5135 1348
5710 1348
1662 1348
1346 1348
7021 1348
1784 1348
5110 1348
2777 1348
1740 1349
2229 1349
6414 1349
6797 1349
7713 1349
965 1349
3272 1349
1803 1349
7547 1349
4145 1349
5400 1349
3945 1349
7265 1349
846 1349
1621 1349
1901 1349
7649 1349
1668 1349
3205 1349
927 1349
3632 1349
4060 1349
4172 1349
5324 1349
1350 1350
5342 1350
4690 1350
4188 1350
5544 1350
2769 1350
3649 1350
7331 1350
71 1350
2004 1350
5207 1350
525 1350
4985 1350
3709 1350
7892 1350
2456 1350
1771 1350
1594 1351
5240 1351
3609 1351
419 1351
3264 1351
5597 1351
5026 1351
900 1351
176 1351
8296 1351
195 1351
6535 1351
7693 1351
5411 1351
7819 1351
6412 1351
1047 1352
7516 1352
629 1352
7342 1352
1461 1352
5931 1352
8177 1352
1514 1352
6946 1352
3759 1352
4667 1352
6242 1352
4502 1352
7592 1352
904 1352
4472 1352
4329 1352
6625 1353
84 1353
3651 1353
3116 1353
1497 1353
2163 1353
6474 1353
8224 1353
562 1353
6076 1353
5610 1353
2541 1353
2710 1353
8220 1353
1295 1353
5342 1354
3008 1354
3348 1354
2427 1354
961 1354
6631 1354
4241 1354
1887 1354
4741 1354
1467 1354
807 1354
720 1354
2263 1354
3132 1354
8110 1354
2246 1355
2680 1355
98 1355
7509 1355
5242 1355
4490 1355
7861 1355
7052 1355
1000 1355
1889 1355
4127 1355
7213 1355
1605 1355
6590 1355
5789 1355
2984 1355
2421 1355
639 1355
5159 1355
8252 1355
6178 1355
1725 1355
3251 1355
4231 1355
2629 1355
5758 1355
5025 1356
1035 1356
1858 1356
5917 1356
6831 1356
1684 1356
6125 1356
4608 1356
7861 1356
6224 1356
5168 1356
5465 1356
3807 1356
3486 1356
4793 1356
4019 1356
5560 1356
2734 1356
3071 1357
863 1357
5006 1357
5893 1357
1567 1357
4502 1357
1580 1357
238 1357
665 1357
531 1357
8103 1357
4759 1357
5620 1357
1005 1357
2119 1357
5063 1357
6464 1357
7426 1357
2356 1357
4158 1358
1163 1358
6341 1358
4859 1358
4333 1358
919 1358
3454 1358
6715 1358
6241 1358
469 1358
6426 1358
7052 1359
1676 1359
2012 1359
6937 1359
1277 1359
2828 1359
6971 1359
2542 1359
8265 1359
5516 1359
2911 1359
4843 1359
7491 1359
4641 1359
5630 1360
2349 1360
5037 1360
1780 1360
6063 1360
4689 1360
7285 1360
5548 1360
5409 1360
1574 1360
3667 1360
419 1360
4291 1360
5193 1361
2762 1361
5618 1361
8 1361
365 1361
275 1361
6625 1361
802 1361
4865 1361
2790 1361
6700 1361
6874 1361
5010 1361
5860 1361
1678 1361
4088 1361
6424 1362
4988 1362
2802 1362
7020 1362
1764 1362
4050 1362
2247 1362
4481 1362
7744 1362
1692 1362
3290 1362
2197 1362
3572 1362
7997 1363
2761 1363
1462 1363
7937 1363
6505 1363
7574 1363
4668 1363
7167 1364
3500 1364
1657 1364
737 1364
3992 1364
4589 1364
3140 1364
4019 1364
5187 1364
6591 1364
7725 1364
4496 1364
2127 1364
134 1364
4877 1364
784 1365
1774 1365
3539 1365
4461 1365
361 1365
1070 1365
5972 1365
2054 1365
226 1365
2304 1365
2523 1365
7786 1365
2409 1365
1791 1365
5535 1365
5533 1365
3235 1365
7695 1365
5291 1365
4180 1365
7040 1366
7382 1366
773 1366
7703 1366
3939 1366
3612 1366
3252 1366
1937 1366
1306 1366
7543 1366
6121 1366
8197 1366
1023 1366
5293 1366
2983 1366
891 1367
321 1367
5592 1367
4512 1367
4714 1367
2726 1367
