3786 1367
6697 1367
7233 1367
5078 1367
4570 1367
3332 1367
1148 1367
1005 1367
7753 1367
6513 1367
8230 1367
3858 1367
6903 1367
7664 1367
5057 1367
2166 1368
2291 1368
4983 1368
2097 1368
1551 1368
1882 1368
341 1368
7946 1368
6948 1368
323 1368
153 1368
3085 1368
5664 1368
1233 1368
2803 1368
7126 1368
608 1368
3289 1368
7982 1368
5141 1368
1842 1368
745 1368
834 1368
3056 1369
2490 1369
2930 1369
2422 1369
3211 1369
2655 1369
1407 1369
7311 1369
803 1369
4536 1369
6979 1369
5794 1369
4490 1369
2940 1369
2776 1369
1748 1369
434 1369
1442 1369
2294 1370
6626 1370
1056 1370
1230 1370
4768 1370
6480 1370
5431 1370
8044 1370
130 1370
2276 1370
7153 1370
3045 1370
1181 1370
5810 1370
7163 1370
2055 1370
2040 1370
6761 1370
1770 1370
783 1370
2439 1370
130 1371
36 1371
7742 1371
6160 1371
6886 1371
2814 1371
5468 1371
337 1371
1596 1371
7390 1371
3209 1372
1429 1372
4431 1372
1516 1372
7983 1372
6406 1372
792 1372
4835 1372
299 1372
2652 1372
5370 1372
1459 1372
3093 1372
4544 1372
7995 1372
4689 1372
4737 1372
288 1372
7674 1372
7052 1373
2145 1373
4431 1373
198 1373
1805 1373
3194 1373
6175 1373
7544 1373
4175 1373
7243 1373
4331 1373
582 1373
1709 1373
5134 1373
7564 1373
4040 1373
6267 1373
2137 1373
5004 1373
6388 1373
1502 1373
6852 1374
7749 1374
1832 1374
6424 1374
1520 1374
90 1374
5792 1374
4896 1374
4770 1374
5421 1374
4927 1374
7936 1374
1595 1374
922 1374
2111 1374
6618 1374
8280 1374
1744 1374
6974 1375
2574 1375
927 1375
6327 1375
2404 1375
4167 1375
1903 1375
2019 1375
3227 1375
7050 1375
7426 1375
5941 1375
3571 1375
3776 1375
5691 1375
3668 1375
6899 1375
1461 1376
5208 1376
5017 1376
7869 1376
6796 1376
2939 1376
797 1376
5509 1376
6992 1376
613 1376
6594 1376
1206 1376
6565 1376
72 1376
4708 1376
2165 1377
395 1377
4685 1377
708 1377
1787 1377
5695 1377
6579 1377
5688 1377
6261 1377
869 1377
5515 1377
5554 1377
2481 1377
2585 1377
5271 1377
2404 1377
6123 1377
5033 1377
2126 1378
3931 1378
5497 1378
6807 1378
579 1378
1420 1378
502 1378
6514 1378
5674 1378
6877 1378
3446 1378
7391 1378
3609 1378
4301 1378
704 1378
5925 1378
4386 1379
4338 1379
7891 1379
6389 1379
2836 1379
2986 1379
6537 1379
48 1379
689 1379
4929 1379
4498 1379
3238 1379
7727 1379
4689 1379
3997 1379
2998 1379
5232 1380
6033 1380
2494 1380
1386 1380
1698 1380
7831 1380
3021 1380
7574 1380
3913 1380
5068 1380
6794 1380
5159 1380
2157 1380
668 1381
6881 1381
4251 1381
6343 1381
991 1381
7722 1381
6578 1381
3780 1381
7520 1381
8074 1381
1635 1382
5670 1382
6893 1382
8013 1382
4076 1382
1829 1382
535 1382
5441 1382
6273 1382
279 1382
6341 1382
283 1382
4156 1382
7105 1382
1620 1382
3980 1382
5161 1382
2421 1382
5349 1382
5545 1382
2885 1382
6186 1382
5169 1382
4528 1382
3862 1383
7841 1383
5215 1383
5439 1383
7856 1383
7901 1383
7338 1383
4625 1383
6773 1383
4669 1383
5355 1383
1551 1383
7133 1383
3828 1383
276 1383
2439 1383
7127 1383
7597 1383
7404 1383
2319 1383
7340 1383
5169 1383
4127 1384
7547 1384
5474 1384
7621 1384
5738 1384
5352 1384
2468 1384
7270 1384
2520 1384
8272 1384
3839 1384
5880 1384
6115 1384
3659 1384
1472 1384
25 1385
6884 1385
6887 1385
68 1385
3863 1385
5765 1385
5322 1385
6425 1385
2551 1385
2145 1385
3232 1385
1243 1385
3747 1385
166 1385
5985 1386
7519 1386
3710 1386
5972 1386
197 1386
4666 1386
5748 1386
6237 1386
3668 1386
2164 1386
7473 1386
1909 1386
158 1386
7737 1386
3261 1386
1527 1386
6522 1386
212 1387
7481 1387
1338 1387
975 1387
1593 1387
2039 1387
7901 1387
6685 1387
3708 1387
49 1387
7090 1387
974 1387
7843 1387
1718 1387
2899 1387
4943 1387
5654 1387
817 1387
4180 1387
5923 1387
7815 1388
549 1388
6705 1388
6226 1388
5641 1388
6302 1388
2817 1388
634 1388
5718 1388
3654 1388
254 1388
7418 1388
1894 1388
7405 1388
3432 1388
7214 1388
2710 1388
6802 1388
3584 1389
1389 1389
4823 1389
3784 1389
5093 1389
3988 1389
2434 1389
5583 1389
1192 1389
806 1389
500 1389
5776 1389
982 1389
516 1389
6108 1389
7904 1389
7936 1389
7473 1389
2395 1389
1746 1389
2125 1390
5012 1390
1953 1390
7889 1390
2210 1390
1414 1390
5645 1390
6295 1390
5308 1390
6808 1390
745 1390
4466 1390
6901 1390
7255 1390
4372 1390
7367 1390
7681 1391
7606 1391
2443 1391
530 1391
2762 1391
125 1391
2277 1391
5818 1391
2760 1391
4286 1391
4466 1391
57 1391
6032 1391
3651 1392
7479 1392
1015 1392
649 1392
4452 1392
5837 1392
7996 1392
1749 1392
6099 1392
6104 1392
2066 1392
1750 1392
6729 1392
4315 1392
7813 1393
5293 1393
6667 1393
5560 1393
1273 1393
1098 1393
2312 1393
8282 1393
7334 1393
4291 1393
8266 1393
4461 1394
5041 1394
2164 1394
2570 1394
1600 1394
6179 1394
7172 1394
1690 1394
3227 1394
3537 1394
3352 1394
4447 1394
6798 1394
4847 1394
5771 1395
7141 1395
5123 1395
5811 1395
3883 1395
6108 1395
181 1395
3032 1395
1060 1395
1810 1395
7494 1395
4636 1395
5551 1395
3623 1395
9 1395
5837 1395
4584 1395
892 1395
3898 1395
2393 1396
4414 1396
581 1396
4860 1396
6319 1396
704 1396
5794 1396
4030 1396
4360 1396
3834 1396
2217 1396
2704 1396
7308 1397
7943 1397
2691 1397
5311 1397
655 1397
2977 1397
270 1397
5202 1397
5172 1397
6024 1397
5076 1397
5884 1397
7681 1397
2792 1397
5429 1397
4494 1397
5527 1397
4435 1398
4491 1398
5838 1398
7520 1398
6573 1398
4109 1398
663 1398
6867 1398
4531 1398
7738 1398
5016 1398
6577 1398
4129 1399
1361 1399
5568 1399
198 1399
4339 1399
511 1399
2719 1399
2714 1399
7432 1399
7865 1399
3646 1399
2781 1399
4438 1399
1555 1400
2812 1400
7769 1400
1562 1400
4821 1400
536 1400
2477 1400
5807 1400
1205 1400
2507 1400
3462 1400
151 1400
7651 1400
7874 1400
7614 1400
1348 1400
294 1400
6980 1400
748 1400
4948 1400
1968 1400
7203 1400
1293 1400
6730 1400
5390 1400
2090 1400
4762 1400
6123 1400
63 1401
5570 1401
1075 1401
169 1401
8217 1401
358 1401
7345 1401
548 1401
1662 1401
2472 1401
2465 1401
4735 1401
370 1401
3623 1401
6071 1402
7277 1402
6248 1402
8139 1402
4850 1402
1805 1402
4101 1402
4263 1402
7466 1402
1643 1402
2327 1402
3196 1402
5539 1402
7646 1402
660 1403
2670 1403
1605 1403
3373 1403
5419 1403
7638 1403
3628 1403
113 1403
6702 1403
3455 1403
4716 1403
6935 1403
5183 1403
399 1403
1432 1403
3709 1403
404 1403
3846 1403
6690 1403
5335 1403
2691 1403
6080 1404
620 1404
6890 1404
179 1404
2037 1404
5419 1404
4514 1404
8132 1404
2696 1404
192 1404
2744 1404
2008 1404
2670 1404
1489 1404
2399 1404
749 1405
1999 1405
92 1405
4877 1405
5075 1405
5116 1405
3034 1405
1740 1405
2960 1405
5349 1405
3453 1405
7752 1405
1401 1405
3396 1405
2879 1405
3798 1405
8170 1405
7978 1406
2832 1406
5282 1406
7794 1406
6451 1406
3316 1406
978 1406
7617 1406
1625 1406
6850 1406
4881 1406
7776 1406
6588 1406
2268 1406
7684 1407
7977 1407
5183 1407
2711 1407
4704 1407
499 1407
4334 1407
2813 1407
2409 1407
6238 1407
4025 1407
2165 1407
7294 1407
1265 1408
1778 1408
978 1408
2999 1408
1429 1408
3030 1408
3024 1408
6916 1408
1475 1408
5035 1408
4730 1408
1511 1408
3567 1408
1348 1408
1567 1408
7126 1408
8124 1409
7044 1409
646 1409
4640 1409
1001 1409
3810 1409
7687 1409
5469 1409
3631 1409
3059 1409
5992 1409
6110 1409
6053 1409
644 1410
6211 1410
744 1410
4030 1410
662 1410
1449 1410
2456 1410
6541 1410
7069 1410
3914 1410
3839 1410
2932 1410
3519 1410
6253 1410
1195 1411
4442 1411
346 1411
1264 1411
7869 1411
1514 1411
4501 1411
2652 1411
8192 1411
2985 1411
1302 1411
2320 1411
4776 1411
5537 1411
7844 1411
7909 1411
5388 1411
5481 1411
1811 1411
697 1411
4927 1412
598 1412
5281 1412
6510 1412
7130 1412
7255 1412
3602 1412
7371 1412
6927 1412
4279 1412
5348 1412
7206 1412
7252 1412
2164 1413
5306 1413
4651 1413
4233 1413
5521 1413
5189 1413
7933 1413
4760 1413
8030 1413
4843 1413
6969 1414
2445 1414
5439 1414
2348 1414
1391 1414
3270 1414
4976 1414
3797 1414
718 1414
1814 1414
5160 1414
3861 1414
7352 1414
1487 1414
8145 1414
2494 1414
5927 1414
5288 1414
6279 1414
3873 1415
5078 1415
3027 1415
4431 1415
4422 1415
152 1415
5001 1415
4850 1415
2265 1415
5773 1415
1549 1415
462 1415
4102 1415
6616 1415
2565 1415
6043 1415
5872 1415
2635 1415
8054 1416
7678 1416
5881 1416
537 1416
4459 1416
2680 1416
2485 1416
6295 1416
6308 1416
1066 1416
3081 1416
2009 1416
5272 1416
6827 1416
5189 1416
196 1416
1841 1416
7393 1417
971 1417
1839 1417
6307 1417
5709 1417
910 1417
6087 1417
4496 1417
4488 1417
725 1417
2367 1417
1405 1417
1613 1417
822 1417
1396 1417
5073 1417
2951 1418
1487 1418
3474 1418
742 1418
3507 1418
3735 1418
2958 1418
3964 1418
4871 1418
3212 1418
1234 1418
6675 1418
5835 1418
6154 1418
1664 1418
4221 1418
6024 1419
5500 1419
6015 1419
4790 1419
4137 1419
6364 1419
4525 1419
3202 1419
3280 1419
3152 1419
3230 1419
6901 1419
8198 1419
3142 1419
2288 1419
4251 1419
4941 1419
2841 1420
4425 1420
4790 1420
5398 1420
5205 1420
6985 1420
1216 1420
1184 1420
3634 1420
7400 1420
3101 1420
3327 1420
5212 1420
6610 1420
854 1421
6267 1421
5113 1421
3564 1421
7159 1421
5549 1421
1253 1421
2010 1421
6566 1421
4525 1421
369 1421
3576 1421
768 1421
4155 1421
6483 1421
7030 1421
6217 1421
6433 1421
7914 1421
3070 1422
5459 1422
5418 1422
4689 1422
882 1422
2269 1422
1327 1422
5551 1422
1667 1422
4740 1422
6309 1422
6867 1422
7355 1422
3218 1422
4117 1422
4682 1422
3080 1422
1940 1422
3465 1422
6646 1422
6782 1422
5404 1423
5162 1423
2318 1423
3147 1423
1203 1423
2057 1423
8057 1423
5834 1423
1040 1423
4496 1423
1095 1423
4102 1423
2691 1423
5138 1423
5012 1424
6085 1424
5225 1424
1974 1424
5300 1424
2707 1424
7594 1424
6983 1424
3621 1424
6592 1424
3382 1424
7231 1424
2233 1424
2409 1424
5815 1424
2807 1424
1378 1425
5137 1425
7777 1425
8135 1425
1305 1425
6689 1425
2865 1425
6208 1425
4193 1425
2753 1425
5961 1425
566 1425
8254 1425
8065 1425
6715 1425
2868 1426
290 1426
7143 1426
6590 1426
3732 1426
7717 1426
3397 1426
1440 1426
7743 1426
392 1426
7644 1426
4374 1426
6267 1426
3868 1426
3651 1426
3824 1427
5285 1427
4258 1427
4978 1427
1128 1427
2375 1427
3090 1427
3088 1427
2520 1427
2472 1427
7887 1427
1810 1427
602 1427
6911 1427
2051 1427
327 1428
6030 1428
2109 1428
2031 1428
6312 1428
231 1428
7943 1428
3699 1428
6292 1428
1058 1428
1814 1428
4213 1428
7192 1428
6410 1428
7319 1428
7672 1428
1243 1429
3591 1429
5227 1429
3955 1429
2161 1429
3572 1429
3396 1429
5371 1429
2230 1429
1430 1430
6428 1430
3304 1430
6894 1430
5025 1430
656 1430
7392 1430
6744 1430
528 1430
6774 1430
6134 1430
309 1430
6695 1430
6202 1430
1169 1430
6578 1430
4959 1430
1291 1430
6803 1430
1936 1430
6886 1430
647 1430
2679 1430
7031 1430
49 1430
6833 1431
1431 1431
5109 1431
7231 1431
5309 1431
405 1431
1049 1431
644 1431
5608 1431
4104 1431
833 1431
3782 1431
3571 1431
1565 1431
4340 1431
906 1431
8101 1431
1667 1431
4250 1431
1281 1431
4006 1431
1132 1432
2773 1432
6363 1432
4561 1432
2263 1432
730 1432
6429 1432
6802 1432
2805 1432
1366 1432
6257 1432
4777 1432
4105 1433
7911 1433
5101 1433
894 1433
3572 1433
5429 1433
953 1433
1892 1433
2653 1433
2387 1433
3456 1433
7021 1433
6948 1433
5084 1433
6966 1433
5585 1433
353 1433
1261 1433
2222 1433
6183 1433
6008 1434
6516 1434
1782 1434
1445 1434
6335 1434
6989 1434
6890 1434
6625 1434
5755 1434
3760 1434
4730 1434
7824 1435
6768 1435
7081 1435
3794 1435
7031 1435
344 1435
50 1435
2924 1435
3153 1435
659 1435
3219 1435
1100 1435
1231 1436
1726 1436
895 1436
6179 1436
5628 1436
2090 1436
3229 1436
713 1436
2755 1436
5435 1436
4706 1436
6213 1436
5239 1436
2265 1436
2497 1436
6572 1436
1821 1436
3407 1436
7480 1437
1190 1437
1676 1437
1997 1437
3732 1437
272 1437
6643 1437
6167 1437
3758 1437
816 1437
5576 1437
6520 1437
2834 1437
6178 1437
5985 1437
1820 1437
6230 1437
278 1438
518 1438
2082 1438
3202 1438
989 1438
882 1438
6994 1438
197 1438
5908 1438
30 1438
6249 1438
4321 1438
1781 1438
7721 1438
2697 1438
5278 1438
7512 1438
3028 1438
1140 1438
4360 1438
7597 1438
6953 1439
4667 1439
5910 1439
2675 1439
5637 1439
6540 1439
3608 1439
3232 1439
4050 1439
4430 1439
181 1439
1766 1439
4896 1439
6397 1439
7531 1440
7920 1440
1130 1440
3898 1440
4983 1440
7148 1440
1183 1440
5960 1440
2081 1440
2169 1440
7033 1440
7022 1440
3404 1440
195 1440
7082 1440
4540 1440
3796 1440
4523 1440
6441 1440
6279 1441
3344 1441
3101 1441
1867 1441
1280 1441
8135 1441
7002 1441
2361 1441
2861 1441
1656 1441
5699 1441
4321 1441
2513 1441
2205 1441
1661 1442
3271 1442
4962 1442
3737 1442
8259 1442
7176 1442
3790 1442
7617 1442
2499 1442
1721 1442
4980 1442
7141 1442
7384 1442
904 1442
2192 1442
3933 1442
7768 1443
154 1443
8005 1443
7233 1443
2647 1443
5682 1443
2426 1443
8044 1443
393 1443
4714 1443
7841 1444
2245 1444
1937 1444
3577 1444
5481 1444
591 1444
4442 1444
990 1444
5154 1444
6901 1444
5506 1444
950 1444
6757 1445
3059 1445
6709 1445
2524 1445
2776 1445
3772 1445
2067 1445
6334 1445
1339 1445
3693 1445
1230 1445
887 1445
1894 1445
4988 1445
6650 1445
207 1445
3442 1445
3083 1445
3177 1445
7649 1445
3725 1445
7586 1445
7906 1445
1045 1445
1446 1446
5355 1446
1349 1446
4663 1446
5626 1446
2920 1446
3038 1446
7390 1446
6807 1446
2693 1446
1193 1446
7002 1446
1166 1446
6755 1446
3380 1446
258 1446
8254 1447
7949 1447
4491 1447
6769 1447
4280 1447
4587 1447
5032 1447
1936 1447
4242 1447
5566 1447
6248 1447
8152 1447
4216 1447
7103 1447
3479 1447
6667 1447
4376 1447
942 1447
7791 1447
5988 1448
2858 1448
1321 1448
8170 1448
2313 1448
906 1448
2941 1448
5569 1448
5495 1448
3055 1448
2152 1448
2257 1448
2494 1448
5968 1448
3441 1448
5444 1449
2483 1449
2143 1449
4008 1449
3263 1449
448 1449
4534 1449
7573 1449
4050 1449
3364 1449
2161 1449
2291 1449
6146 1449
5187 1449
2631 1449
7147 1449
2965 1449
3147 1449
3244 1449
6314 1449
6227 1449
8153 1449
3432 1449
4465 1450
3504 1450
1282 1450
5272 1450
3995 1450
2486 1450
8087 1450
1023 1450
6845 1450
4631 1450
4501 1450
3421 1450
618 1450
6180 1450
7575 1450
3181 1450
2053 1450
794 1450
6812 1450
6342 1450
2392 1450
935 1451
6877 1451
1444 1451
4574 1451
5582 1451
1261 1451
5645 1451
1464 1451
5215 1451
7199 1451
5143 1451
18 1451
3581 1452
7480 1452
4037 1452
5169 1452
7193 1452
3031 1452
2105 1452
8172 1452
7296 1452
4013 1452
5699 1452
7731 1452
4280 1452
7601 1452
656 1452
7384 1452
1453 1453
5440 1453
6480 1453
3446 1453
647 1453
7451 1453
592 1453
1894 1453
4012 1453
8089 1453
4768 1453
3052 1453
230 1453
6529 1453
2005 1453
194 1453
7206 1453
1179 1454
6335 1454
2950 1454
133 1454
3426 1454
442 1454
6752 1454
1771 1454
353 1454
4597 1454
2283 1454
4142 1454
4595 1454
5177 1454
1725 1454
2419 1455
6465 1455
2892 1455
5735 1455
3154 1455
5045 1455
4319 1455
1032 1455
7701 1455
7668 1455
565 1455
2472 1455
3080 1455
16 1456
2485 1456
5379 1456
1909 1456
925 1456
3861 1456
1500 1456
6757 1456
2894 1456
2962 1456
1709 1456
7311 1456
6134 1456
2713 1456
2389 1456
2530 1456
6730 1456
2911 1456
3750 1456
1881 1456
6974 1456
6473 1456
6110 1456
7001 1456
4596 1456
5973 1457
3599 1457
2479 1457
515 1457
3426 1457
4350 1457
1349 1457
5114 1457
6426 1457
2118 1457
6031 1457
2550 1457
2442 1457
2569 1457
5080 1457
8103 1457
2214 1457
141 1457
4338 1458
392 1458
163 1458
669 1458
4702 1458
859 1458
2150 1458
4825 1458
8033 1458
7910 1458
4748 1458
3567 1458
7602 1458
6756 1458
263 1458
2893 1458
4740 1458
5758 1458
6693 1458
4664 1458
7538 1458
1784 1459
1077 1459
1752 1459
7107 1459
833 1459
3776 1459
2173 1459
3117 1459
8089 1459
2153 1459
1756 1459
7726 1459
1336 1459
2893 1459
7678 1459
4579 1459
7518 1459
5875 1459
6535 1460
7132 1460
5342 1460
1732 1460
5667 1460
4907 1460
6940 1460
2419 1460
5435 1460
8110 1460
2160 1460
6304 1460
1834 1460
6736 1461
6962 1461
3458 1461
5868 1461
5980 1461
5252 1461
2066 1461
495 1461
2151 1461
2430 1461
3657 1461
3441 1461
7132 1461
4258 1461
5050 1461
4888 1462
2768 1462
3038 1462
894 1462
6269 1462
2455 1462
4765 1462
5053 1462
2366 1462
2802 1462
1959 1462
1750 1462
600 1462
2310 1462
4358 1462
2698 1462
7394 1462
3990 1462
34 1462
1458 1462
7366 1462
384 1462
6713 1463
1382 1463
1367 1463
6173 1463
3554 1463
1095 1463
5667 1463
3861 1463
1296 1463
7060 1463
5632 1463
427 1463
4618 1463
2436 1463
4893 1463
1243 1463
7049 1463
8252 1463
2565 1463
8045 1463
2237 1463
3271 1463
6421 1464
1142 1464
2976 1464
238 1464
3468 1464
7978 1464
6430 1464
7184 1464
3408 1464
5420 1464
447 1464
1304 1464
1657 1464
5414 1465
4633 1465
5853 1465
2267 1465
5136 1465
3170 1465
1694 1465
1774 1465
5704 1465
5771 1465
2904 1465
2108 1465
2463 1465
5426 1465
130 1465
3806 1465
6809 1465
4362 1465
5462 1465
7173 1465
7456 1466
4233 1466
2459 1466
7819 1466
4550 1466
7841 1466
3577 1466
2070 1466
4805 1466
425 1466
2672 1466
3346 1466
8210 1466
436 1466
2802 1466
1837 1466
2392 1466
5555 1466
8259 1466
3038 1466
600 1466
7297 1466
2683 1466
3177 1466
5473 1466
6757 1467
5495 1467
1750 1467
3659 1467
2349 1467
7687 1467
8264 1467
7269 1467
6667 1467
5037 1467
381 1467
6167 1467
3352 1467
727 1467
2274 1467
3577 1468
533 1468
2735 1468
8135 1468
6220 1468
2551 1468
7090 1468
2398 1468
4433 1468
2490 1468
5920 1468
5311 1469
590 1469
957 1469
5526 1469
5165 1469
399 1469
4024 1469
37 1469
2253 1469
4759 1469
1445 1469
5855 1469
24 1469
5667 1470
5686 1470
1233 1470
4174 1470
792 1470
7723 1470
2537 1470
170 1470
1728 1470
8077 1470
1647 1470
7687 1470
3829 1470
3092 1471
4794 1471
2062 1471
6774 1471
529 1471
6796 1471
6577 1471
6459 1471
1810 1471
7029 1471
2252 1471
8075 1471
4509 1471
7138 1471
2411 1471
2957 1471
5451 1471
7617 1471
4682 1472
6910 1472
774 1472
3492 1472
5968 1472
4948 1472
6547 1472
17 1472
5012 1472
1007 1472
6833 1472
1483 1472
2727 1472
1184 1472
7556 1472
4041 1472
2994 1473
6749 1473
4216 1473
457 1473
8292 1473
5897 1473
7291 1473
4758 1473
6359 1473
2834 1473
2654 1473
4981 1473
5650 1473
3028 1473
3586 1473
6607 1473
5465 1473
528 1473
3949 1473
5748 1473
6333 1474
6064 1474
7333 1474
3172 1474
6079 1474
1080 1474
6309 1474
7182 1475
1280 1475
717 1475
3461 1475
636 1475
5140 1475
6397 1475
79 1475
609 1475
7382 1475
1082 1475
4947 1475
7720 1475
2109 1475
7322 1475
1304 1475
7228 1475
4855 1475
3119 1475
7887 1475
1476 1476
2405 1476
2628 1476
4542 1476
1419 1476
6477 1476
936 1476
7185 1476
7126 1476
5561 1476
4798 1476
4704 1476
4425 1476
5778 1476
815 1476
1403 1476
5342 1476
6373 1476
4062 1476
3246 1477
3200 1477
4407 1477
6146 1477
3260 1477
8193 1477
3529 1477
2758 1477
8029 1477
4278 1477
5772 1477
822 1477
5463 1477
4480 1478
8258 1478
4908 1478
6447 1478
3933 1478
3492 1478
1448 1478
891 1478
2765 1478
6066 1479
3644 1479
5779 1479
1450 1479
2974 1479
4364 1479
5882 1479
5222 1479
8220 1479
727 1479
136 1479
2125 1479
6664 1479
7133 1480
3522 1480
3847 1480
6216 1480
6336 1480
2320 1480
1448 1480
3867 1480
4415 1480
3759 1480
1528 1480
3828 1480
2072 1480
5944 1480
2268 1480
5701 1480
5518 1481
2392 1481
230 1481
5716 1481
7622 1481
3375 1481
5169 1481
5469 1481
6454 1481
1378 1481
6748 1481
25 1481
7629 1481
6505 1481
5894 1481
1311 1481
5173 1481
2985 1481
2647 1482
5468 1482
470 1482
2312 1482
7234 1482
1775 1482
5989 1482
1909 1482
708 1482
5233 1482
4678 1482
3551 1482
4896 1483
3649 1483
4006 1483
4486 1483
3759 1483
4874 1483
7127 1483
6271 1483
4654 1483
7152 1483
6043 1483
949 1483
4573 1483
4465 1483
731 1483
1186 1483
6325 1483
5123 1483
1778 1483
4763 1483
4534 1483
5946 1483
1486 1483
7600 1483
835 1484
1409 1484
5303 1484
2197 1484
3498 1484
5518 1484
3041 1484
5258 1484
8120 1484
5423 1484
6168 1484
1806 1484
4856 1484
3013 1484
8295 1484
3028 1484
5080 1484
1485 1485
2131 1485
280 1485
4716 1485
3934 1485
5 1485
3041 1485
5714 1485
5824 1485
3633 1485
7996 1485
7156 1485
6056 1485
1264 1485
7334 1485
7284 1485
4718 1485
6094 1485
95 1485
4241 1485
444 1485
7725 1486
381 1486
2596 1486
833 1486
6614 1486
530 1486
5474 1486
3223 1486
8134 1486
167 1486
136 1486
2582 1486
730 1486
7269 1486
4228 1487
4782 1487
299 1487
3794 1487
6629 1487
7653 1487
865 1487
608 1487
4350 1487
6158 1487
7975 1487
2414 1487
2541 1487
3062 1487
2135 1487
84 1487
2234 1487
4242 1487
5517 1487
5522 1488
5730 1488
1101 1488
2635 1488
5989 1488
893 1488
779 1488
