4758 1488
5645 1488
5787 1488
5583 1489
2812 1489
2844 1489
61 1489
8095 1489
394 1489
7569 1489
311 1489
808 1489
1854 1489
1727 1490
6008 1490
3796 1490
2530 1490
6091 1490
2527 1490
7017 1490
4956 1490
2908 1490
6188 1490
887 1490
6958 1490
7804 1490
4488 1490
7520 1490
4954 1490
2050 1490
6 1490
1491 1491
7650 1491
6631 1491
2349 1491
1330 1491
7201 1491
7745 1491
995 1491
4516 1491
2531 1491
2072 1491
6340 1491
6931 1491
2906 1492
571 1492
8127 1492
4172 1492
5125 1492
6195 1492
625 1492
3001 1492
2279 1492
1560 1492
1881 1492
1096 1492
6393 1492
4544 1492
2912 1492
5818 1492
2442 1492
2417 1492
980 1492
6647 1492
7675 1493
4413 1493
4353 1493
3460 1493
1276 1493
7907 1493
3132 1493
622 1494
85 1494
6820 1494
337 1494
4744 1494
6718 1494
427 1494
6550 1494
6689 1494
6004 1494
2978 1494
2604 1495
2169 1495
3972 1495
3154 1495
1494 1495
2335 1495
4578 1495
7654 1495
7084 1495
5875 1495
3607 1495
1959 1495
5649 1495
7620 1495
6729 1495
5687 1495
1457 1495
3668 1495
7366 1495
5152 1495
4909 1496
5065 1496
2676 1496
11 1496
1583 1496
5816 1496
5511 1496
2261 1496
3810 1496
7742 1496
8272 1496
5282 1496
4439 1496
3415 1496
5626 1496
8241 1496
8210 1496
3829 1496
5712 1496
6368 1496
7932 1496
6801 1496
5194 1496
5240 1497
2619 1497
6597 1497
8137 1497
4282 1497
6559 1497
2036 1497
5818 1497
2109 1497
3233 1497
1648 1497
7524 1497
7914 1497
1752 1497
1078 1497
2276 1497
7650 1497
5622 1498
2917 1498
797 1498
5363 1498
3562 1498
6395 1498
5619 1498
2522 1498
4800 1498
519 1498
975 1498
6966 1498
6958 1498
976 1499
647 1499
3491 1499
2986 1499
5271 1499
6279 1499
6267 1499
1653 1499
3736 1499
3 1499
4644 1499
794 1499
4925 1499
1940 1499
5626 1499
623 1499
1403 1499
7960 1500
6616 1500
5714 1500
7475 1500
3799 1500
1007 1500
734 1500
2974 1500
7156 1500
417 1500
3718 1500
6931 1500
1366 1501
2325 1501
2088 1501
2608 1501
8048 1501
6531 1501
6983 1501
3798 1501
3379 1501
4395 1501
4848 1501
4744 1501
6156 1501
4562 1501
5265 1501
3482 1501
7092 1501
5320 1501
6414 1501
1223 1502
5832 1502
4531 1502
7697 1502
4563 1502
5240 1502
6687 1502
588 1502
6810 1502
4472 1502
3312 1502
1756 1502
4790 1502
2634 1502
7033 1502
7644 1502
1474 1502
1626 1502
895 1502
6861 1503
418 1503
5960 1503
7783 1503
7139 1503
2866 1503
4581 1503
5569 1503
2116 1503
90 1503
2274 1503
5896 1503
4568 1503
4339 1503
3246 1503
1621 1503
7835 1504
1145 1504
1869 1504
8084 1504
2164 1504
4307 1504
3465 1504
6549 1504
618 1504
2983 1504
4350 1504
3439 1504
5636 1504
3060 1504
753 1504
4882 1504
5502 1504
5659 1505
5720 1505
148 1505
5994 1505
1599 1505
2565 1505
7521 1505
6267 1505
6425 1505
5177 1505
2361 1505
6642 1505
2882 1505
716 1505
134 1505
6318 1505
2740 1505
4589 1505
8292 1505
6949 1505
3226 1506
3181 1506
7845 1506
2812 1506
1109 1506
4825 1506
581 1506
2854 1506
2545 1506
1313 1506
3316 1506
3868 1506
2967 1506
6014 1506
5137 1506
548 1506
1752 1506
3709 1507
3742 1507
5715 1507
6158 1507
5063 1507
7722 1507
4512 1507
7443 1507
4594 1507
6331 1507
1357 1507
4827 1507
1684 1508
989 1508
6574 1508
7788 1508
4088 1508
7105 1508
7813 1508
2152 1508
8081 1508
7598 1508
6253 1508
4797 1508
6273 1508
8150 1508
3988 1508
196 1508
3699 1508
2637 1509
764 1509
1231 1509
6451 1509
2290 1509
3988 1509
4921 1509
7553 1509
8066 1509
2769 1509
675 1509
5552 1509
1245 1509
4083 1509
2527 1509
1133 1509
2040 1509
5693 1509
7332 1509
1841 1510
7890 1510
7366 1510
4763 1510
6514 1510
3808 1510
1866 1510
3003 1510
6650 1510
7059 1510
3534 1510
5817 1510
5545 1510
73 1510
5682 1510
7373 1510
6314 1510
3949 1510
1206 1510
3041 1510
6421 1510
2705 1510
3882 1510
5056 1511
3950 1511
256 1511
3790 1511
4981 1511
5570 1511
614 1511
141 1511
5119 1511
6112 1511
7621 1511
4019 1512
3010 1512
5868 1512
5963 1512
7725 1512
999 1512
6701 1512
5435 1512
5816 1512
4153 1512
2533 1512
770 1512
1401 1512
5533 1512
4751 1512
2292 1512
4221 1512
2007 1513
5367 1513
6923 1513
7614 1513
938 1513
772 1513
7595 1513
4350 1513
8282 1513
2415 1514
212 1514
793 1514
4708 1514
4998 1514
6494 1514
6567 1514
2354 1514
6775 1514
8183 1514
480 1514
1094 1514
3740 1514
4289 1514
2433 1514
3151 1514
7827 1514
1344 1514
316 1514
6727 1514
5058 1514
2828 1514
2403 1515
7018 1515
1515 1515
3824 1515
2879 1515
4301 1515
5649 1515
103 1515
1473 1515
4238 1515
5440 1515
4061 1515
8252 1515
3098 1515
4107 1515
7832 1515
2313 1515
7952 1515
1463 1515
594 1516
2754 1516
7680 1516
7981 1516
5925 1516
2109 1516
6572 1516
6117 1516
5110 1516
669 1516
4254 1516
7282 1517
3171 1517
5630 1517
315 1517
3310 1517
3838 1517
1209 1517
4438 1517
1122 1517
2032 1518
1855 1518
2128 1518
5688 1518
4641 1518
5053 1518
552 1518
6580 1518
3149 1518
7772 1518
1631 1518
3807 1518
7036 1518
1534 1519
5374 1519
8145 1519
8241 1519
5650 1519
8098 1519
4165 1519
6029 1519
3222 1519
2698 1519
3 1519
6031 1519
4538 1519
4576 1519
1967 1519
6814 1519
4863 1519
642 1519
1217 1520
4254 1520
2275 1520
3983 1520
1612 1520
8048 1520
3945 1520
3913 1520
3748 1520
1559 1520
5968 1520
4176 1521
4380 1521
393 1521
5515 1521
3667 1521
3869 1521
3451 1521
583 1521
975 1521
5300 1521
5172 1521
3462 1521
4444 1521
4107 1521
6474 1521
3519 1521
5618 1521
592 1522
5352 1522
2806 1522
2828 1522
5454 1522
7540 1522
6551 1522
3290 1522
7384 1522
7577 1522
2738 1522
3646 1523
437 1523
5233 1523
6856 1523
4725 1523
6813 1523
6071 1523
115 1523
5539 1523
4022 1523
2903 1523
3856 1523
7451 1524
5654 1524
6710 1524
5297 1524
6022 1524
7427 1524
4408 1524
4742 1524
5344 1524
4176 1524
6277 1524
291 1524
2898 1524
3529 1524
4248 1524
3201 1524
7255 1524
2200 1524
712 1525
4167 1525
4382 1525
59 1525
2281 1525
6945 1525
6982 1525
4823 1525
982 1525
2537 1525
2181 1525
565 1525
2842 1525
7145 1525
2419 1525
2676 1525
6579 1525
5457 1526
4529 1526
1334 1526
6360 1526
2227 1526
1796 1526
1297 1526
1791 1526
2188 1526
7701 1526
811 1526
6853 1526
2807 1527
984 1527
2304 1527
5344 1527
5732 1527
2066 1527
1585 1527
7028 1527
5188 1527
7534 1527
772 1527
4253 1527
5564 1528
7172 1528
4791 1528
3574 1528
5125 1528
174 1528
7170 1528
7504 1528
4362 1528
4206 1528
3105 1528
7246 1528
6279 1528
6538 1528
7433 1528
6541 1528
6307 1528
1524 1528
5446 1528
4051 1528
6802 1529
4202 1529
4052 1529
8092 1529
3985 1529
1381 1529
464 1529
3549 1529
6694 1529
5281 1529
3633 1530
2879 1530
3344 1530
6802 1530
2209 1530
4734 1530
7199 1530
4403 1530
7582 1530
811 1530
3483 1530
1605 1530
6797 1530
3746 1530
1213 1530
6914 1530
3280 1530
3038 1530
7552 1530
7396 1531
361 1531
8028 1531
5554 1531
341 1531
7882 1531
3786 1531
54 1531
8282 1531
2868 1531
5960 1531
1912 1531
3344 1531
1248 1531
1713 1531
2120 1532
2533 1532
3809 1532
6706 1532
4672 1532
3627 1532
6377 1532
3853 1532
5664 1532
113 1532
5134 1532
4431 1532
6357 1532
5271 1532
7133 1532
2895 1532
3622 1532
6565 1532
2679 1532
2212 1532
451 1532
1213 1533
6112 1533
6738 1533
2742 1533
2273 1533
7092 1533
5551 1533
7009 1533
5288 1533
4699 1533
7057 1533
6258 1534
2008 1534
5183 1534
581 1534
3077 1534
6591 1534
2409 1534
6622 1534
2973 1534
723 1534
3584 1534
2898 1534
5752 1534
1272 1535
3151 1535
182 1535
4136 1535
496 1535
7240 1535
85 1535
5433 1535
7878 1535
8261 1535
5509 1535
1796 1535
5399 1535
6642 1535
5321 1535
7815 1535
2661 1536
2119 1536
2763 1536
2271 1536
4975 1536
685 1536
6178 1536
3089 1536
4391 1536
2904 1536
6274 1536
706 1536
1538 1536
7332 1536
1865 1536
4783 1536
6676 1536
6893 1536
6858 1537
2473 1537
5236 1537
3270 1537
2524 1537
1850 1537
2688 1537
178 1537
6446 1538
2195 1538
4611 1538
4892 1538
5406 1538
1298 1538
7592 1538
1333 1538
1725 1538
2938 1538
6953 1538
3130 1538
4416 1538
3975 1538
942 1538
3200 1538
4366 1538
7486 1538
6980 1538
2344 1538
3778 1538
8121 1538
978 1538
1539 1539
4747 1539
6802 1539
594 1539
2711 1539
5241 1539
2137 1539
3455 1539
3217 1539
5308 1539
759 1539
2032 1539
5721 1539
6425 1540
5308 1540
3575 1540
5248 1540
4082 1540
6950 1540
1766 1540
586 1540
5834 1540
2713 1540
5103 1540
4165 1540
6160 1540
2397 1540
7120 1540
4711 1540
7260 1540
6485 1540
7553 1540
584 1540
11 1540
7882 1540
764 1540
1998 1540
7712 1541
1541 1541
449 1541
1589 1541
2670 1541
7958 1541
5842 1541
4902 1541
5214 1541
6407 1541
745 1541
4231 1541
1797 1541
2405 1541
2530 1541
2406 1541
3140 1541
483 1542
355 1542
1492 1542
3837 1542
1193 1542
4533 1542
2957 1542
3294 1542
4532 1543
3597 1543
3116 1543
8169 1543
3235 1543
585 1543
3828 1543
4962 1543
145 1543
4545 1543
4052 1543
2248 1543
4092 1543
5159 1543
3615 1543
5663 1543
7861 1544
500 1544
2895 1544
6420 1544
6406 1544
592 1544
2541 1544
3248 1544
7818 1544
4299 1545
2921 1545
6947 1545
3137 1545
4497 1545
7402 1545
6879 1545
4145 1545
595 1545
5649 1545
3240 1546
3400 1546
7014 1546
5770 1546
402 1546
5028 1546
2221 1546
2203 1546
5881 1546
7097 1546
5399 1546
7480 1546
2581 1547
769 1547
5563 1547
6410 1547
488 1547
1574 1547
1336 1547
1285 1547
4622 1547
6081 1547
8162 1547
4394 1547
5836 1547
6029 1547
3067 1548
970 1548
1580 1548
5755 1548
7184 1548
2607 1548
4003 1548
7173 1548
1037 1548
6000 1548
1723 1548
5432 1549
2400 1549
1716 1549
4718 1549
1441 1549
2472 1549
5003 1549
1536 1549
4686 1549
6709 1549
7368 1549
7515 1549
6090 1549
34 1549
461 1549
1574 1550
2394 1550
6506 1550
4435 1550
4941 1550
5798 1550
5257 1550
2162 1550
5489 1550
4036 1550
5737 1550
6614 1550
5554 1550
4216 1550
8231 1550
7227 1550
5341 1550
3275 1551
5924 1551
2795 1551
2974 1551
232 1551
5415 1551
7575 1551
1444 1551
4362 1551
6737 1551
2365 1551
499 1551
4050 1551
7037 1551
5462 1551
1165 1551
2248 1551
2919 1552
4036 1552
3071 1552
5705 1552
7684 1552
980 1552
47 1552
1579 1552
4618 1552
8279 1552
4003 1552
530 1552
2834 1552
5474 1552
4625 1552
7577 1552
6333 1552
2256 1553
7176 1553
1781 1553
7481 1553
942 1553
2327 1553
7863 1553
2879 1553
3531 1553
89 1553
1396 1554
4176 1554
614 1554
4282 1554
7181 1554
4837 1554
5188 1554
4286 1554
1780 1554
2998 1554
1245 1554
885 1554
5239 1554
1006 1554
7776 1554
7136 1554
934 1555
6103 1555
3728 1555
522 1555
4502 1555
4976 1555
350 1555
7258 1555
5552 1555
1501 1555
598 1555
2032 1555
2143 1555
3027 1555
179 1555
2057 1555
5764 1555
8110 1556
7983 1556
7447 1556
7130 1556
5699 1556
5281 1556
2538 1556
1372 1556
4460 1556
623 1556
6831 1556
4678 1556
859 1556
4956 1556
2557 1556
296 1556
1636 1556
3659 1556
1557 1557
1306 1557
3223 1557
295 1557
594 1557
6615 1557
2762 1557
1156 1557
3785 1558
7550 1558
873 1558
1344 1558
5912 1558
3680 1558
1518 1558
4963 1558
1254 1558
5348 1558
4763 1558
5259 1558
2373 1558
3437 1558
2414 1559
7833 1559
2078 1559
6168 1559
2463 1559
62 1559
832 1559
7177 1559
5932 1559
2447 1559
59 1559
7319 1559
183 1559
5273 1559
1248 1559
5100 1559
5990 1559
804 1559
1412 1559
4079 1559
6644 1560
7169 1560
6929 1560
3872 1560
4406 1560
437 1560
6057 1560
2100 1560
5738 1560
3154 1560
60 1560
2018 1560
4268 1560
5282 1560
7021 1560
4292 1560
1906 1561
4839 1561
194 1561
1070 1561
6996 1561
6274 1561
5134 1561
5715 1561
33 1561
575 1562
2583 1562
1699 1562
6154 1562
4817 1562
7096 1562
225 1562
5461 1562
4511 1562
4351 1562
4125 1562
1419 1562
4645 1562
5174 1562
3663 1563
3771 1563
5016 1563
3823 1563
362 1563
3032 1563
5493 1563
1310 1563
6511 1563
5358 1563
4817 1563
1528 1563
488 1563
5799 1563
2200 1564
5028 1564
5574 1564
384 1564
5805 1564
2714 1564
7775 1564
4997 1564
533 1564
5691 1564
7082 1564
4867 1564
168 1564
4209 1564
2837 1564
43 1564
3958 1564
8083 1564
5016 1564
1323 1564
4876 1564
1729 1564
2468 1564
7182 1564
8190 1564
7837 1564
770 1564
6537 1565
548 1565
4555 1565
4416 1565
6893 1565
2795 1565
3007 1565
7103 1565
1698 1565
1295 1565
7176 1565
2803 1565
7864 1565
4980 1565
4372 1565
2231 1565
5186 1565
417 1565
6403 1566
4007 1566
1882 1566
7285 1566
3069 1566
629 1566
7145 1566
1720 1566
144 1566
897 1566
4565 1566
7628 1566
837 1566
6398 1567
1604 1567
4315 1567
6261 1567
1279 1567
5515 1567
2261 1567
5641 1567
5214 1567
5308 1568
3093 1568
4770 1568
6541 1568
1681 1568
4603 1568
2384 1568
1655 1568
448 1568
5804 1568
4251 1568
7890 1568
2908 1569
1959 1569
7637 1569
6877 1569
6100 1569
3461 1569
2895 1569
7096 1569
5910 1569
3453 1569
2018 1569
1220 1569
7887 1569
8110 1569
6123 1569
6114 1569
686 1569
1578 1569
8142 1569
1690 1570
6858 1570
1240 1570
36 1570
5392 1570
8240 1570
1669 1570
4050 1570
7382 1570
2399 1570
7390 1570
6831 1570
790 1570
724 1570
6144 1570
202 1570
1686 1570
5439 1570
5696 1570
7465 1570
1412 1571
7974 1571
2315 1571
613 1571
3517 1571
1949 1571
4737 1571
4995 1571
7717 1571
85 1571
3458 1571
2389 1571
508 1571
1749 1571
3019 1571
1428 1571
4766 1571
4777 1571
7497 1571
5732 1572
5293 1572
5313 1572
7050 1572
6881 1572
4825 1572
315 1572
2237 1572
7928 1572
4035 1572
4529 1572
1255 1572
4706 1572
8206 1572
1332 1572
5239 1572
3828 1572
4979 1573
4461 1573
3675 1573
5619 1573
2115 1573
4830 1573
618 1573
6076 1573
4958 1573
5296 1573
7646 1573
5912 1573
1054 1573
1411 1573
7069 1573
1851 1573
4248 1573
1615 1573
5012 1573
7762 1573
6929 1573
4238 1573
1112 1573
7274 1573
1078 1573
1483 1574
5274 1574
3272 1574
5987 1574
2575 1574
7841 1574
3577 1574
4018 1574
2311 1574
889 1574
2008 1574
2815 1574
6076 1574
3806 1574
5560 1574
2635 1574
7236 1574
6601 1574
3067 1574
6359 1574
1806 1574
7461 1574
105 1574
8174 1574
3062 1575
3971 1575
868 1575
138 1575
3675 1575
5489 1575
4608 1575
3375 1575
2968 1575
5386 1575
5035 1575
1576 1576
6849 1576
6740 1576
4049 1576
7186 1576
2785 1576
3727 1576
7300 1576
1179 1576
2376 1576
721 1576
1215 1576
7177 1576
1194 1576
2436 1576
2217 1576
7307 1576
4759 1576
3346 1576
1577 1577
201 1577
3877 1577
231 1577
3251 1577
2891 1577
6680 1577
553 1577
5410 1577
2057 1577
4090 1577
6305 1577
8178 1577
8078 1577
6228 1577
4854 1577
1311 1577
96 1577
4820 1578
827 1578
4706 1578
5694 1578
1529 1578
6171 1578
7570 1578
5649 1578
6451 1578
5593 1578
7359 1578
3070 1578
5153 1578
2397 1578
1037 1579
4718 1579
4019 1579
1594 1579
3989 1579
192 1579
2492 1579
3829 1579
4228 1579
4358 1579
3453 1579
6638 1579
1477 1579
2776 1579
5748 1579
2139 1580
4017 1580
2066 1580
5523 1580
1221 1580
3697 1580
2360 1580
910 1580
1520 1580
5041 1580
6412 1580
4596 1580
5516 1580
3496 1580
2348 1580
6712 1580
8155 1580
5131 1581
1490 1581
7158 1581
4690 1581
310 1581
6158 1581
3737 1581
5861 1582
8030 1582
659 1582
288 1582
442 1582
1005 1582
1855 1582
6667 1582
795 1582
7737 1582
5426 1582
1174 1582
7431 1582
2247 1582
817 1583
6029 1583
825 1583
1668 1583
5666 1583
1109 1583
6262 1583
795 1583
4755 1583
8026 1583
2631 1583
5980 1583
6414 1583
5296 1583
3545 1583
5026 1583
1548 1583
1995 1583
8178 1584
6051 1584
1057 1584
5723 1584
8221 1584
27 1584
375 1584
4105 1584
880 1584
960 1584
3537 1584
2375 1584
6441 1585
5354 1585
5469 1585
5301 1585
1151 1585
550 1585
5839 1585
1002 1585
5515 1585
11 1585
5151 1585
5534 1585
3746 1585
2509 1585
284 1586
365 1586
2715 1586
3601 1586
6748 1586
5884 1586
8015 1586
6538 1586
6888 1586
6964 1586
6376 1586
5773 1586
4412 1586
5789 1586
8033 1586
611 1586
2282 1587
7854 1587
5048 1587
7865 1587
2940 1587
3212 1587
3531 1587
6026 1587
6356 1587
5544 1587
8107 1587
2277 1587
5429 1587
737 1587
3454 1587
1588 1588
6756 1588
1901 1588
2649 1588
1769 1588
3270 1588
3134 1588
3941 1588
5689 1588
423 1588
6274 1588
7086 1588
5714 1588
4452 1588
187 1588
5699 1588
2181 1588
7766 1588
1517 1589
6578 1589
5725 1589
2040 1589
7508 1589
7087 1589
2355 1589
866 1589
3243 1589
4077 1589
6729 1589
5522 1589
258 1589
6864 1589
6480 1589
5010 1590
4019 1590
6264 1590
4001 1590
4441 1590
3487 1590
3990 1590
2900 1590
7550 1590
1434 1590
5004 1590
3498 1590
5221 1590
1273 1590
3760 1590
5785 1590
3353 1590
3823 1590
350 1590
3127 1590
2634 1590
2845 1590
5327 1590
2829 1590
268 1590
2082 1590
5397 1590
5035 1591
426 1591
6469 1591
3739 1591
6412 1591
2006 1591
6595 1591
6905 1591
579 1591
6495 1591
6470 1591
3742 1591
1814 1591
5133 1591
3059 1591
6629 1591
1911 1591
7617 1592
5798 1592
274 1592
6164 1592
967 1592
1601 1592
3872 1592
2583 1592
993 1592
7190 1592
1457 1592
5511 1592
3985 1593
5526 1593
2447 1593
467 1593
3202 1593
5685 1593
2225 1593
2131 1593
2900 1593
3933 1593
4731 1593
7565 1593
3145 1593
5266 1593
5281 1593
5545 1593
6744 1593
7158 1593
2354 1594
518 1594
5432 1594
6078 1594
268 1594
6994 1594
2032 1594
2089 1594
5768 1594
3172 1594
5884 1594
5193 1594
367 1594
5772 1594
280 1594
910 1594
3684 1594
507 1594
1914 1594
1734 1595
7113 1595
6592 1595
5440 1595
3095 1595
1994 1595
6514 1595
7695 1595
7052 1595
5195 1595
4264 1595
2870 1596
4533 1596
4358 1596
6076 1596
3309 1596
264 1596
7121 1596
3441 1596
2867 1596
7167 1596
60 1596
1157 1596
7283 1596
3549 1596
1520 1596
3908 1596
3583 1596
1285 1596
1654 1596
4241 1596
6775 1596
3907 1597
7611 1597
5018 1597
8079 1597
1909 1597
898 1597
266 1597
2802 1597
4071 1597
7265 1597
6621 1597
4861 1597
5151 1597
4197 1597
7247 1598
4566 1598
318 1598
5744 1598
1293 1598
583 1598
7803 1598
2406 1598
922 1598
7391 1598
4146 1598
5714 1598
3770 1598
4816 1598
783 1598
6048 1598
6467 1598
418 1598
2518 1598
3451 1598
6730 1598
4980 1598
8169 1598
5583 1598
6404 1599
3601 1599
2692 1599
2625 1599
4131 1599
1147 1599
1240 1599
6025 1599
7681 1599
2705 1599
7196 1599
353 1599
1525 1599
1986 1599
5694 1600
5512 1600
1915 1600
3463 1600
4840 1600
3691 1600
1088 1600
7381 1600
5517 1600
2175 1600
4232 1600
6342 1600
829 1600
8006 1600
7572 1600
4379 1600
3293 1600
7438 1600
5822 1600
2201 1601
733 1601
427 1601
5371 1601
1479 1601
2637 1601
5478 1601
5960 1601
3555 1601
7898 1601
6496 1601
3032 1601
8105 1601
3808 1601
3567 1601
3596 1601
8285 1602
7599 1602
3431 1602
6182 1602
7965 1602
1558 1602
6183 1602
7723 1602
5018 1602
6294 1602
3753 1602
2783 1602
7291 1602
1419 1602
1931 1602
2451 1602
5217 1602
5273 1602
4019 1603
4176 1603
1481 1603
3055 1603
3870 1603
7330 1603
5725 1603
7630 1603
4541 1603
3516 1603
6608 1603
2581 1604
5764 1604
6759 1604
1810 1604
3001 1604
3079 1604
6618 1604
168 1604
4144 1604
6003 1604
2582 1604
750 1604
481 1604
5735 1604
7501 1604
6274 1604
5984 1604
7512 1604
3280 1604
5830 1604
4472 1604
2832 1604
4938 1604
976 1604
3888 1604
3159 1604
4561 1604
5663 1604
1574 1605
5139 1605
1673 1605
2387 1605
6778 1605
6292 1605
2772 1605
2348 1605
2162 1605
3465 1605
1892 1605
6325 1605
4188 1605
2986 1605
5212 1605
7386 1605
836 1605
6923 1605
2841 1605
6502 1605
3543 1605
7693 1606
3846 1606
2397 1606
2170 1606
1747 1606
5348 1606
6714 1606
524 1606
1227 1606
1860 1606
1921 1606
6801 1606
3408 1606
3415 1606
3444 1606
4625 1606
7248 1606
3102 1606
4959 1606
3576 1607
4431 1607
1820 1607
7469 1607
8257 1607
6121 1607
2683 1607
7733 1607
8206 1607
3985 1607
4622 1607
494 1608
878 1608
8053 1608
1574 1608
2741 1608
1107 1608
784 1608
280 1608
6964 1608
2643 1608
6090 1608
4825 1608
3351 1608
1105 1608
511 1608
4467 1608
5363 1608
4356 1608
6274 1608
5839 1608
440 1608
5405 1608
5108 1608
720 1608
8008 1609
5719 1609
6393 1609
7788 1609
3218 1609
7562 1609
6380 1609
2090 1609
950 1609
5173 1609
7754 1609
8007 1609
5420 1609
4975 1609
6106 1609
7818 1609
7558 1610
900 1610
4280 1610
915 1610
7762 1610
8137 1610
1290 1610
4080 1610
8102 1610
6650 1610
7617 1610
5768 1610
1869 1610
8204 1610
3621 1610
108 1610
1693 1610
4579 1610
7995 1611
2143 1611
1265 1611
5590 1611
3051 1611
7172 1611
2438 1611
5118 1611
5625 1611
2658 1611
2244 1611
6334 1611
2795 1612
7546 1612
8107 1612
6201 1612
2693 1612
504 1612
4641 1612
1147 1612
2945 1612
8007 1612
2754 1612
1797 1612
2005 1612
5281 1612
1691 1612
126 1612
4860 1612
6653 1612
6874 1612
5077 1612
4897 1613
4523 1613
3414 1613
6996 1613
1843 1613
6958 1613
6085 1613
5286 1613
3295 1613
4839 1613
7204 1613
5855 1613
6255 1613
7833 1613
7225 1613
5188 1613
2552 1613
3829 1613
8190 1614
7262 1614
7145 1614
7285 1614
2426 1614
4844 1614
1970 1614
2937 1614
1972 1614
7128 1614
6026 1614
3098 1614
5016 1614
340 1615
