7059 1615
4789 1615
6064 1615
697 1615
2817 1615
62 1615
8004 1615
108 1615
5976 1615
4746 1615
1500 1615
1245 1615
3540 1615
4983 1615
5246 1615
6497 1615
519 1616
5702 1616
5119 1616
2256 1616
2005 1616
5459 1616
88 1616
1326 1616
5032 1616
4788 1616
3628 1616
1691 1616
4778 1616
3172 1616
7004 1616
4908 1616
3868 1617
7781 1617
5854 1617
4817 1617
5883 1617
5351 1617
3813 1617
2769 1617
3563 1617
4224 1617
6477 1617
329 1617
3867 1617
500 1617
6350 1617
3444 1617
3338 1617
1618 1618
7722 1618
740 1618
1253 1618
3797 1618
5693 1618
5392 1618
5464 1618
5735 1618
3859 1618
7083 1618
7981 1618
981 1618
5722 1618
4397 1618
3077 1618
6845 1618
4772 1619
439 1619
1297 1619
3062 1619
6563 1619
581 1619
2288 1619
3704 1619
5174 1619
2508 1619
797 1619
4663 1619
2401 1619
723 1619
6852 1620
7433 1620
4985 1620
3502 1620
2472 1620
8079 1620
3113 1620
2405 1620
7143 1620
7957 1620
5674 1620
4142 1620
742 1620
5599 1620
1815 1621
4724 1621
2065 1621
2235 1621
4730 1621
1612 1621
1101 1621
4566 1621
3782 1621
3238 1621
4965 1621
2210 1621
4481 1621
3277 1622
3280 1622
3562 1622
5025 1622
3311 1622
7002 1622
4175 1622
7553 1622
530 1622
3338 1622
6965 1622
6413 1622
2749 1622
1849 1622
2587 1622
8267 1622
3903 1622
7768 1622
7488 1622
6833 1622
2771 1622
7456 1623
4406 1623
327 1623
3244 1623
5964 1623
3673 1623
3081 1623
2858 1623
3799 1623
4037 1624
5160 1624
3612 1624
1517 1624
6312 1624
4165 1624
742 1624
7149 1624
302 1624
8266 1624
3857 1624
703 1624
6276 1624
5393 1624
3481 1624
908 1625
3105 1625
595 1625
4262 1625
5664 1625
5004 1625
136 1625
3207 1625
4791 1625
6782 1625
5613 1625
3871 1625
1957 1625
4005 1625
5122 1625
373 1625
3320 1625
6321 1625
2271 1626
5022 1626
6779 1626
7242 1626
7925 1626
340 1626
895 1626
4146 1626
4915 1626
6679 1626
2596 1626
4481 1626
54 1626
5534 1626
5523 1626
5630 1626
7882 1626
7565 1627
502 1627
7638 1627
6608 1627
2930 1627
7498 1627
1939 1627
5185 1627
6308 1627
2833 1627
7604 1627
623 1627
6662 1627
5475 1628
2854 1628
7849 1628
3144 1628
130 1628
5119 1628
3903 1628
2283 1628
1796 1628
8279 1628
6200 1628
635 1628
6253 1628
6641 1628
4570 1628
5654 1629
7528 1629
759 1629
320 1629
8284 1629
7944 1629
1574 1629
4725 1629
3983 1629
7896 1629
942 1629
424 1629
2017 1629
2778 1629
1967 1629
2804 1629
4609 1630
8007 1630
6336 1630
2438 1630
4956 1630
3563 1630
1719 1630
3935 1630
6134 1630
2513 1630
4747 1630
6360 1630
5398 1630
2229 1630
7966 1630
2192 1630
6495 1630
5694 1630
1763 1630
4948 1631
6985 1631
6289 1631
5994 1631
6003 1631
749 1631
5168 1631
3931 1631
170 1631
1405 1631
5377 1631
6274 1632
3684 1632
3244 1632
787 1632
7936 1632
6810 1632
768 1632
4279 1632
6858 1632
7905 1632
8273 1632
6900 1632
6566 1632
521 1632
8229 1632
5753 1632
1699 1632
3758 1633
5203 1633
1565 1633
1212 1633
6644 1633
7730 1633
2844 1633
2953 1633
4237 1633
908 1634
7941 1634
1376 1634
7560 1634
2645 1634
1877 1634
3582 1634
5583 1634
7890 1634
308 1634
7286 1635
2329 1635
8282 1635
6123 1635
6071 1635
2575 1635
1626 1635
3623 1635
7113 1635
4747 1635
5468 1635
4615 1635
6133 1635
2489 1635
7097 1635
2483 1635
4315 1635
2314 1635
4165 1635
5576 1635
5402 1635
5756 1635
5085 1635
2164 1635
1610 1636
6353 1636
2062 1636
1830 1636
5844 1636
4713 1636
1499 1636
4170 1636
6894 1636
1347 1636
3294 1636
7862 1636
5875 1637
6790 1637
793 1637
2893 1637
5113 1637
5286 1637
5986 1637
3798 1637
5080 1637
5418 1637
5955 1637
719 1637
3517 1637
3351 1638
5806 1638
4453 1638
5888 1638
5620 1638
3348 1638
7491 1638
6767 1638
6235 1638
1668 1638
5475 1638
6587 1638
3135 1638
299 1639
6078 1639
2638 1639
4343 1639
7086 1639
5344 1639
4627 1639
4440 1639
5941 1639
8269 1639
1371 1639
5100 1639
8241 1639
3314 1639
6321 1639
1219 1639
79 1639
1130 1640
3306 1640
789 1640
2718 1640
592 1640
1036 1640
6538 1640
4884 1640
8285 1640
5240 1640
525 1640
7562 1640
790 1641
5212 1641
7156 1641
7630 1641
5491 1641
1224 1641
278 1641
6347 1641
2421 1641
3346 1641
3280 1641
1311 1641
3079 1641
1810 1642
1642 1642
913 1642
6899 1642
516 1642
6101 1642
3354 1642
2777 1642
249 1642
232 1642
3972 1642
3302 1642
5875 1642
3856 1642
5565 1642
2019 1642
4731 1642
6112 1642
4919 1643
4519 1643
7563 1643
2673 1643
4441 1643
6946 1643
4895 1643
3850 1643
1477 1643
5974 1643
927 1643
2814 1643
1504 1643
7634 1644
1765 1644
3104 1644
6676 1644
4772 1644
7073 1644
7713 1644
4781 1644
7910 1644
1169 1644
5347 1644
7740 1644
2018 1644
7895 1644
7332 1644
3154 1644
3333 1644
1965 1644
4267 1645
3235 1645
1858 1645
7129 1645
2568 1645
2140 1645
4040 1645
5273 1645
6971 1645
4899 1645
1673 1645
4594 1645
989 1645
1086 1645
4582 1645
3857 1646
6391 1646
7981 1646
1708 1646
7516 1646
3774 1646
3927 1646
7247 1646
2282 1646
109 1646
7079 1646
2306 1646
3122 1647
5038 1647
6242 1647
417 1647
1340 1647
1443 1647
7097 1647
3729 1647
682 1647
639 1647
1306 1647
277 1647
6364 1647
1908 1647
3522 1647
4178 1647
133 1647
389 1648
6822 1648
8092 1648
8105 1648
1927 1648
709 1648
6075 1648
863 1648
7496 1648
232 1648
2852 1648
3294 1648
1822 1648
3540 1648
2939 1648
6781 1648
4509 1648
641 1648
8124 1649
4031 1649
520 1649
6117 1649
4809 1649
4597 1649
6694 1649
5678 1649
4541 1649
553 1649
7246 1649
1349 1649
2965 1649
6017 1649
787 1649
4540 1649
8265 1649
667 1649
6529 1649
3991 1649
2490 1649
308 1650
1771 1650
2774 1650
2365 1650
3974 1650
4840 1650
381 1650
6708 1650
7064 1650
4609 1650
2549 1650
7654 1650
6763 1650
7947 1650
2812 1650
921 1650
6905 1650
2709 1650
1559 1650
785 1650
7135 1651
1460 1651
319 1651
1601 1651
2788 1651
4280 1651
5742 1651
5925 1651
296 1651
3791 1651
2710 1651
4327 1651
3222 1651
3152 1651
5078 1651
3973 1651
1877 1651
4702 1651
2698 1651
3045 1651
2429 1651
5412 1651
4364 1651
4184 1652
105 1652
8282 1652
5008 1652
762 1652
6480 1652
5751 1652
7246 1652
7457 1652
6708 1652
7066 1652
4665 1652
7516 1652
5228 1653
7151 1653
6063 1653
1991 1653
6752 1653
5645 1653
3157 1653
7588 1653
6377 1653
6718 1653
1779 1653
7590 1653
6751 1653
4551 1653
59 1653
3582 1653
1156 1653
7744 1653
3642 1653
1589 1653
6406 1653
408 1654
5649 1654
5764 1654
7061 1654
2665 1654
2626 1654
8107 1654
2941 1654
2358 1654
6178 1654
5253 1654
2148 1654
3192 1654
4978 1654
499 1654
1460 1655
4678 1655
934 1655
6637 1655
7713 1655
2611 1655
551 1655
3183 1655
6473 1655
4848 1655
1572 1655
7523 1655
5025 1655
3900 1655
8173 1655
2404 1656
6894 1656
5441 1656
5420 1656
3577 1656
3824 1656
4091 1656
5313 1656
321 1656
5497 1656
3717 1656
4235 1656
540 1656
7914 1656
3675 1656
1728 1656
1262 1656
1825 1656
8054 1656
953 1657
7692 1657
2451 1657
6950 1657
7367 1657
1746 1657
272 1657
1495 1657
4216 1657
8013 1657
6637 1657
6152 1657
1105 1657
1070 1657
7509 1657
7181 1657
2892 1657
3179 1657
5783 1657
4541 1657
5936 1657
6187 1657
1658 1658
839 1658
4005 1658
3077 1658
5005 1658
6145 1658
3872 1658
2507 1658
7678 1658
3294 1658
614 1658
6420 1658
5732 1658
6312 1658
791 1658
8183 1658
7711 1658
417 1658
2055 1659
4562 1659
5685 1659
6479 1659
7909 1659
448 1659
3870 1659
4388 1659
2006 1659
2384 1659
6395 1659
7621 1659
2636 1659
3184 1659
1323 1659
3312 1659
5708 1659
1297 1659
1660 1660
7277 1660
1897 1660
6466 1660
7781 1660
302 1660
4619 1660
7738 1660
3345 1660
75 1660
3792 1660
927 1660
3804 1660
3267 1660
7869 1661
3016 1661
6510 1661
3432 1661
6407 1661
1571 1661
2734 1661
4658 1661
1657 1661
4348 1661
3786 1661
685 1661
8011 1661
563 1661
1672 1661
5257 1662
4711 1662
5798 1662
3778 1662
3167 1662
3797 1662
2188 1662
1703 1662
5562 1662
5619 1662
4202 1662
5154 1662
5003 1662
2513 1662
6059 1663
949 1663
2438 1663
624 1663
6783 1663
5838 1663
1747 1663
455 1663
610 1663
4134 1663
8195 1663
3485 1663
898 1663
2760 1663
427 1663
5096 1663
3892 1663
3676 1663
3488 1663
5839 1663
353 1664
7149 1664
5694 1664
7637 1664
1630 1664
5102 1664
2919 1664
7064 1664
6673 1664
6776 1664
6840 1664
6538 1664
5663 1664
3149 1664
344 1664
757 1664
6695 1665
3511 1665
8098 1665
6060 1665
864 1665
3304 1665
2941 1665
6356 1665
7152 1665
196 1665
4827 1665
6043 1665
6797 1665
7059 1665
5512 1665
4271 1665
4312 1665
7762 1665
5459 1666
1842 1666
3586 1666
7995 1666
6368 1666
1997 1666
5430 1666
1352 1666
5804 1666
6641 1666
8044 1666
793 1666
970 1666
1939 1666
3290 1666
7942 1666
1909 1666
3646 1667
2998 1667
6228 1667
126 1667
1526 1667
5932 1667
2222 1667
3196 1667
7973 1667
1231 1667
5156 1667
6483 1667
1460 1667
3680 1667
6740 1668
5093 1668
6947 1668
4502 1668
536 1668
2348 1668
7028 1668
1200 1668
168 1668
89 1668
4079 1668
3747 1668
1520 1668
1911 1668
2555 1668
7399 1668
3436 1668
725 1668
2308 1668
2870 1669
5733 1669
7904 1669
1609 1669
5992 1669
6564 1669
3954 1669
6913 1669
3230 1669
7426 1669
3575 1669
8024 1669
2394 1669
6802 1669
4913 1669
62 1669
3391 1669
3781 1669
2488 1670
7307 1670
5108 1670
6026 1670
756 1670
609 1670
1943 1670
384 1670
6355 1670
7467 1670
4382 1670
2116 1670
2207 1670
7233 1670
6273 1670
4119 1670
1542 1670
6049 1670
3702 1670
4744 1671
4989 1671
5640 1671
7538 1671
5806 1671
5696 1671
7070 1671
7408 1671
2508 1671
4453 1672
3885 1672
3652 1672
7426 1672
498 1672
7319 1672
6710 1672
4880 1672
257 1672
6013 1672
7246 1672
7192 1672
4966 1672
1997 1672
3590 1672
2618 1672
6191 1672
7293 1672
5569 1672
4619 1672
181 1672
2293 1672
742 1673
7590 1673
1745 1673
3627 1673
6414 1673
2755 1673
7504 1673
4129 1673
2371 1673
4921 1673
3492 1673
5120 1673
5297 1673
1369 1673
4887 1673
6173 1673
7018 1673
5306 1673
5018 1673
6667 1673
4445 1673
3223 1673
6863 1674
615 1674
5021 1674
772 1674
1035 1674
1974 1674
6078 1674
2879 1674
3710 1674
7053 1674
5063 1674
5570 1674
2089 1674
437 1674
7870 1674
2732 1674
6858 1674
2415 1674
1648 1674
7119 1674
1051 1674
3214 1674
519 1674
2606 1675
5925 1675
278 1675
4237 1675
4853 1675
6552 1675
79 1675
7678 1675
7087 1675
2790 1675
5062 1675
5702 1675
672 1675
2629 1675
6954 1675
1655 1675
4708 1675
7090 1675
1775 1675
5418 1675
4109 1675
4596 1675
2938 1675
1502 1675
7314 1676
3367 1676
1341 1676
7194 1676
5753 1676
2937 1676
8258 1676
7497 1676
4855 1676
4391 1676
448 1676
4494 1676
113 1676
1677 1677
8044 1677
496 1677
7467 1677
5854 1677
1752 1677
7891 1677
198 1677
4549 1677
3007 1677
2306 1677
3272 1677
6177 1677
4188 1677
5386 1677
1731 1677
1026 1677
249 1677
4019 1677
2633 1677
6808 1678
2576 1678
5228 1678
4429 1678
5473 1678
3441 1678
1227 1678
4008 1678
2105 1678
4523 1678
5641 1678
4189 1679
4666 1679
794 1679
1413 1679
5108 1679
7780 1679
6743 1679
7120 1679
2303 1679
5715 1679
2086 1679
5696 1679
5392 1679
409 1679
5785 1679
4730 1679
3539 1679
6251 1679
5439 1679
1906 1679
2619 1679
1774 1679
4735 1680
3777 1680
2778 1680
5491 1680
2240 1680
5087 1680
5562 1680
4486 1680
6982 1680
4908 1680
1095 1680
1051 1680
4840 1680
5785 1680
51 1680
933 1680
5947 1681
7963 1681
6720 1681
2287 1681
4575 1681
4593 1681
2182 1681
4081 1681
2776 1681
2148 1681
4612 1681
8187 1681
8269 1681
4973 1681
2768 1681
8296 1681
6250 1681
8221 1681
6808 1681
8297 1681
978 1681
3008 1681
3789 1682
556 1682
3859 1682
508 1682
1243 1682
6974 1682
6893 1682
3873 1682
6633 1682
4202 1682
5352 1682
7622 1682
5751 1682
6600 1682
6757 1682
7604 1682
48 1683
2957 1683
4836 1683
7925 1683
7282 1683
2006 1683
5739 1683
3201 1683
3567 1683
1791 1683
7320 1683
5518 1683
6514 1683
2394 1683
3914 1683
3095 1683
7531 1683
4607 1683
5557 1684
3984 1684
8296 1684
4865 1684
2813 1684
5261 1684
1188 1684
4586 1684
2516 1684
43 1684
7507 1684
1020 1684
5705 1684
5987 1684
658 1684
2244 1684
3263 1684
6496 1684
2872 1684
5450 1684
7559 1684
4394 1684
6428 1684
4490 1684
5826 1685
4744 1685
3903 1685
6444 1685
3939 1685
618 1685
5311 1685
938 1685
1525 1685
6261 1685
7107 1685
6628 1685
2575 1685
7486 1685
1774 1685
2283 1686
3588 1686
465 1686
7209 1686
2008 1686
439 1686
6223 1686
3218 1686
4879 1686
3633 1686
6056 1686
3084 1686
5335 1686
7110 1686
5779 1686
6588 1686
4352 1687
199 1687
2128 1687
7322 1687
1939 1687
5272 1687
378 1687
2324 1687
3541 1687
6284 1687
6591 1687
7357 1687
4292 1687
4183 1687
513 1687
3165 1687
859 1687
1688 1688
4441 1688
5464 1688
2138 1688
6366 1688
5919 1688
231 1688
3475 1688
3431 1688
739 1688
4502 1688
2912 1689
4800 1689
5478 1689
7916 1689
5360 1689
6594 1689
7437 1689
3054 1689
318 1689
6286 1689
6536 1690
5212 1690
4558 1690
4933 1690
2425 1690
46 1690
6656 1690
3772 1690
4653 1690
4579 1690
7275 1691
6394 1691
392 1691
1221 1691
4689 1691
1331 1691
4882 1691
3892 1691
7867 1691
6110 1691
2893 1691
423 1691
6705 1691
3969 1691
5025 1691
6150 1692
7465 1692
7809 1692
905 1692
4468 1692
5569 1692
6905 1692
6802 1692
756 1692
4496 1692
6536 1692
4307 1692
3562 1692
1564 1692
7113 1693
1708 1693
8180 1693
6327 1693
2764 1693
1769 1693
6225 1693
593 1693
705 1693
3804 1693
2582 1693
7403 1693
6228 1693
1839 1693
624 1693
4966 1693
4972 1694
2867 1694
98 1694
1894 1694
6803 1694
7115 1694
6483 1694
3400 1694
3117 1694
2641 1694
3451 1694
8261 1694
938 1694
71 1694
3243 1695
2331 1695
1559 1695
5420 1695
4913 1695
2594 1695
2430 1695
1811 1695
5153 1695
3770 1695
1555 1695
7044 1695
5582 1695
5734 1696
3137 1696
2430 1696
3446 1696
4565 1696
713 1696
6179 1696
3738 1696
787 1696
7791 1696
3052 1696
4004 1696
2145 1696
202 1696
1094 1696
1060 1696
4245 1697
7343 1697
1697 1697
4348 1697
3311 1697
3717 1697
1221 1697
1778 1697
5065 1697
7423 1697
1449 1697
2427 1697
600 1697
5342 1697
683 1697
1678 1697
1675 1697
3542 1697
4563 1697
5279 1697
689 1697
1594 1698
3194 1698
5878 1698
2448 1698
6029 1698
4122 1698
6714 1698
4175 1698
3284 1698
5363 1698
3075 1698
7225 1699
7133 1699
2133 1699
1781 1699
3048 1699
1695 1699
4501 1699
6140 1699
7475 1699
3481 1699
4966 1699
2080 1699
1996 1699
5160 1699
3168 1699
7716 1699
6475 1699
521 1699
3148 1699
2474 1699
5824 1699
4759 1700
521 1700
7163 1700
4452 1700
5127 1700
3609 1700
2932 1700
2734 1700
6629 1700
774 1700
6816 1700
1653 1700
7723 1700
3568 1700
1766 1700
3010 1700
109 1701
4724 1701
1100 1701
7789 1701
5444 1701
4768 1701
5242 1701
667 1701
4603 1701
5261 1701
616 1701
7824 1701
1702 1702
7202 1702
3695 1702
982 1702
1242 1702
4555 1702
6738 1702
2276 1702
6590 1702
636 1702
3811 1702
2280 1702
3270 1702
5798 1702
3760 1702
2520 1702
6950 1703
6780 1703
5723 1703
6472 1703
3930 1703
4668 1703
283 1703
1643 1703
1802 1703
1148 1703
1132 1703
1105 1703
6820 1703
7589 1703
7646 1703
7600 1703
2486 1703
5875 1703
4338 1703
535 1703
6659 1703
364 1703
2874 1703
4729 1703
5353 1703
7009 1703
392 1703
868 1703
4331 1703
1721 1703
3207 1704
327 1704
6551 1704
4841 1704
2165 1704
1703 1704
4292 1704
3541 1704
1542 1704
2371 1704
5701 1704
3807 1704
7298 1704
4668 1704
1996 1704
393 1704
7912 1705
1704 1705
2851 1705
3670 1705
6209 1705
2611 1705
4574 1705
179 1705
7386 1705
2051 1705
5423 1705
5538 1705
600 1705
8101 1705
8028 1705
1865 1705
2710 1706
166 1706
4585 1706
6208 1706
5978 1706
7731 1706
5022 1706
561 1706
1600 1706
7196 1706
4565 1706
4428 1706
7311 1706
4958 1706
5725 1706
2720 1706
4221 1706
5624 1706
5419 1706
6929 1706
6024 1707
4858 1707
7413 1707
2002 1707
6874 1707
4209 1707
2301 1707
4564 1707
992 1707
3781 1707
159 1707
2240 1707
690 1707
7950 1707
6837 1707
1536 1708
6816 1708
2755 1708
8041 1708
6708 1708
7745 1708
3152 1708
3543 1708
6580 1708
5349 1708
1052 1708
3891 1708
1828 1708
3695 1708
2593 1709
4929 1709
4465 1709
5522 1709
888 1709
3737 1709
5686 1709
3488 1709
7504 1709
7624 1709
3435 1709
1305 1709
2669 1709
5072 1709
2348 1709
481 1709
7481 1709
213 1710
804 1710
1107 1710
3858 1710
3972 1710
5371 1710
4556 1710
7095 1710
363 1710
5804 1710
2842 1710
2812 1710
3699 1710
7262 1711
4505 1711
3585 1711
2100 1711
8217 1711
6689 1711
6755 1711
3073 1711
6772 1711
6924 1711
1107 1711
95 1711
5576 1711
3904 1712
7766 1712
4369 1712
3332 1712
745 1712
2301 1712
185 1712
1716 1712
2332 1712
4882 1712
2335 1712
6577 1712
3354 1712
4165 1712
5176 1712
6294 1712
7538 1712
669 1712
1802 1713
6108 1713
2066 1713
8080 1713
7889 1713
4682 1713
5360 1713
7366 1713
2994 1713
6224 1713
1003 1713
4352 1713
5610 1713
3310 1713
2400 1713
2375 1713
5770 1713
2982 1713
3063 1713
5497 1713
1963 1713
7947 1713
4894 1714
6795 1714
7809 1714
4004 1714
2456 1714
2152 1714
2387 1714
6207 1714
6114 1714
6983 1714
4294 1714
8107 1714
6947 1714
7121 1714
5162 1715
381 1715
6129 1715
7507 1715
1822 1715
2692 1715
6989 1715
671 1715
3669 1715
320 1715
285 1715
7501 1715
2634 1715
4349 1715
8160 1715
3539 1715
4263 1716
5415 1716
8282 1716
3463 1716
2391 1716
4902 1716
1215 1716
7519 1716
3871 1716
2868 1716
2631 1716
4025 1716
8072 1716
1338 1716
774 1716
4356 1716
6003 1716
2930 1717
7651 1717
7774 1717
2127 1717
5164 1717
4446 1717
7991 1717
1311 1717
1860 1717
2875 1717
8177 1717
5735 1717
4076 1717
2123 1718
4835 1718
4201 1718
2229 1718
966 1718
5084 1718
7126 1718
4231 1718
2712 1718
7365 1718
8266 1718
4876 1718
1805 1718
3798 1718
1538 1718
1956 1718
174 1719
5575 1719
7181 1719
7630 1719
4704 1719
3246 1720
3654 1720
4670 1720
4107 1720
3753 1720
726 1720
6595 1720
1600 1720
3238 1720
913 1720
7092 1720
6769 1720
2105 1720
1353 1721
6972 1721
4938 1721
2581 1721
2633 1721
7975 1721
642 1721
89 1721
1063 1721
107 1721
2478 1721
5535 1721
6404 1721
2625 1721
3196 1721
4047 1721
2438 1721
3756 1721
6325 1721
950 1721
4035 1721
395 1722
6541 1722
4252 1722
1509 1722
3119 1722
6294 1722
3850 1722
3989 1722
6467 1722
6037 1722
727 1722
3634 1722
1144 1722
5469 1722
3611 1722
5900 1723
4267 1723
61 1723
4491 1723
7846 1723
2321 1723
1868 1723
4235 1723
2817 1723
2957 1723
1124 1723
4658 1723
1730 1723
3917 1723
165 1723
5914 1723
5884 1723
2784 1723
1094 1723
377 1723
6014 1724
1560 1724
4311 1724
7011 1724
6308 1724
6825 1724
1795 1724
2533 1724
7137 1724
3608 1724
7560 1724
1229 1724
4017 1724
7806 1724
5503 1724
6029 1724
4372 1724
8264 1725
5509 1725
2631 1725
8077 1725
6789 1725
3228 1725
5550 1725
1561 1725
2292 1725
3154 1725
2698 1725
7069 1725
5816 1725
591 1726
1365 1726
3740 1726
7166 1726
571 1726
6095 1726
7794 1726
2419 1726
662 1726
5439 1726
1088 1726
8078 1726
742 1726
6547 1726
640 1726
1178 1727
308 1727
2847 1727
1949 1727
2002 1727
2877 1727
6929 1727
266 1727
2709 1727
4678 1727
1520 1727
8159 1727
3669 1727
4392 1727
315 1727
592 1727
1990 1727
2952 1727
1908 1728
5701 1728
4986 1728
2635 1728
247 1728
3699 1728
2162 1728
4550 1728
4412 1728
5061 1728
3284 1728
7149 1728
7341 1729
6024 1729
6794 1729
4441 1729
3982 1729
1910 1729
5130 1729
2581 1729
3137 1729
8088 1729
6318 1729
4669 1729
4641 1729
4737 1729
6539 1729
1610 1729
5285 1730
8206 1730
2082 1730
3857 1730
1101 1730
96 1730
992 1730
5688 1730
6412 1730
7585 1730
5377 1730
423 1730
5234 1730
5462 1730
7957 1730
7400 1730
416 1730
2212 1730
6900 1730
7428 1730
5892 1730
3754 1731
2770 1731
1823 1731
7170 1731
197 1731
231 1731
4532 1731
2704 1731
8217 1731
1434 1731
5440 1731
5039 1731
2522 1731
1098 1731
3330 1731
5225 1731
357 1731
192 1731
2423 1731
4160 1731
519 1731
7912 1731
3391 1732
5692 1732
783 1732
6667 1732
4860 1732
2872 1732
7701 1732
6198 1732
4672 1732
1932 1732
6188 1732
4913 1732
1733 1733
355 1733
5737 1733
2 1733
2960 1733
1052 1733
3205 1733
3077 1733
7399 1733
4438 1733
6706 1733
5121 1733
4364 1733
207 1733
6946 1733
4908 1733
241 1733
5506 1734
137 1734
6330 1734
6227 1734
6919 1734
2988 1734
8289 1734
6706 1734
5878 1734
1775 1734
1183 1734
1526 1734
895 1734
3027 1734
4894 1734
7136 1734
7097 1734
5561 1735
5900 1735
3456 1735
7367 1735
4604 1735
2311 1735
2448 1735
168 1735
3566 1735
3325 1736
7738 1736
4853 1736
8220 1736
7582 1736
7511 1736
7396 1736
2938 1736
3012 1736
5694 1736
3580 1736
1737 1737
4822 1737
2113 1737
7166 1737
3483 1737
3741 1737
7887 1737
5120 1737
1913 1737
5532 1737
905 1737
4160 1737
8178 1737
7843 1737
4480 1737
6753 1737
5945 1738
1532 1738
1738 1738
2217 1738
1227 1738
8132 1738
7944 1738
3652 1738
1435 1738
6545 1738
6514 1738
48 1738
7562 1738
