6519 1738
6031 1738
7563 1738
1525 1738
6588 1738
1275 1738
4355 1739
6668 1739
6393 1739
2726 1739
433 1739
3811 1739
7246 1739
763 1739
7049 1739
1379 1739
57 1739
6734 1739
1976 1740
7654 1740
1806 1740
2529 1740
4178 1740
148 1740
219 1740
6591 1740
4907 1741
7119 1741
3365 1741
2163 1741
4590 1741
6638 1741
5715 1741
1791 1741
2013 1741
2168 1741
2287 1741
6618 1741
5722 1741
3003 1742
1498 1742
5923 1742
5834 1742
2281 1742
3836 1742
3120 1742
5890 1742
3446 1742
5990 1742
598 1742
770 1742
6779 1742
4545 1742
4742 1742
2731 1742
1803 1742
4316 1743
2663 1743
3260 1743
6627 1743
1498 1743
2327 1743
3143 1743
5245 1743
3583 1743
521 1743
4278 1743
6437 1743
7736 1743
7602 1743
1924 1743
7957 1743
4131 1743
4555 1743
4826 1744
4801 1744
4544 1744
4037 1744
8043 1744
6520 1744
7996 1744
533 1744
4422 1744
3761 1744
1994 1744
6420 1744
7607 1744
5958 1744
4574 1744
6713 1744
5818 1744
7721 1744
3828 1744
1580 1744
4569 1744
5692 1744
5515 1744
7935 1744
5412 1745
486 1745
3030 1745
6993 1745
5053 1745
868 1745
43 1745
765 1745
8123 1745
8015 1745
1997 1745
1562 1745
7160 1745
5114 1745
7835 1745
3950 1745
7464 1745
308 1746
3415 1746
2891 1746
1357 1746
1269 1746
3075 1746
7004 1746
3983 1746
4339 1746
5792 1746
6087 1746
1795 1746
3314 1746
1744 1746
1382 1746
2119 1746
2646 1746
488 1746
316 1746
6079 1746
4173 1747
3027 1747
7293 1747
2358 1747
4677 1747
929 1747
7348 1747
4738 1747
3646 1747
1661 1747
8046 1747
7789 1747
2611 1747
2312 1748
7139 1748
285 1748
7742 1748
2298 1748
1850 1748
5758 1748
1132 1748
6254 1748
2545 1748
4724 1748
5241 1748
48 1748
560 1748
8170 1748
7393 1748
2242 1748
7164 1748
1209 1748
882 1748
4461 1748
3778 1749
3193 1749
3371 1749
1756 1749
6068 1749
6769 1749
4573 1749
6969 1749
770 1749
1843 1749
5207 1749
6014 1750
5890 1750
4100 1750
1273 1750
40 1750
681 1750
7613 1750
3416 1750
4815 1750
4144 1750
4191 1750
6574 1750
6121 1750
2895 1750
3500 1750
598 1750
7733 1750
4585 1750
2169 1750
7877 1750
2835 1751
2310 1751
6183 1751
6689 1751
5576 1751
615 1751
5464 1751
4518 1751
8081 1751
4874 1751
7680 1751
1334 1751
440 1751
829 1751
154 1751
4633 1751
1310 1751
14 1752
2904 1752
4968 1752
5976 1752
3725 1752
889 1752
6325 1752
3159 1752
4445 1752
8229 1752
7535 1752
2198 1752
2278 1752
5721 1752
3364 1752
4961 1752
352 1752
6592 1752
3127 1752
533 1752
7832 1752
7892 1752
2694 1752
6761 1752
327 1753
6209 1753
2439 1753
5912 1753
7952 1753
2413 1753
7617 1753
562 1753
7781 1753
7775 1753
3531 1754
1830 1754
7225 1754
3200 1754
2330 1754
3657 1754
6554 1754
6144 1754
5082 1754
2580 1754
2294 1754
7895 1754
6318 1754
7362 1754
4621 1755
133 1755
6326 1755
2874 1755
7056 1755
5371 1755
8154 1755
3850 1755
5468 1755
4639 1755
5893 1755
2866 1755
7562 1755
1081 1755
1504 1755
6341 1755
4112 1756
1029 1756
1788 1756
4176 1756
1347 1756
4076 1756
4029 1756
6931 1756
7138 1756
7330 1756
3684 1756
4013 1756
6087 1756
5008 1756
1451 1756
8095 1756
3292 1756
3843 1756
2417 1756
1710 1756
159 1756
3838 1756
11 1757
1770 1757
863 1757
1673 1757
4126 1757
104 1757
4562 1757
7898 1757
5026 1757
1937 1757
935 1757
5183 1757
7076 1757
4176 1757
1460 1757
3791 1757
5772 1757
3669 1757
5938 1757
2315 1757
3575 1758
7869 1758
4026 1758
4439 1758
4321 1758
6332 1758
4488 1758
7824 1758
4216 1758
5239 1758
195 1758
3090 1758
5681 1758
6810 1758
8282 1758
717 1759
4035 1759
2498 1759
2675 1759
1783 1759
7256 1759
1548 1759
3498 1759
7081 1759
3597 1760
980 1760
665 1760
5058 1760
4093 1760
6389 1760
4986 1760
2753 1760
1794 1760
2551 1760
5158 1760
3555 1760
7646 1760
1301 1760
880 1760
833 1760
8240 1760
5252 1760
7116 1760
166 1760
5997 1760
5215 1760
395 1761
7999 1761
1761 1761
6397 1761
1204 1761
5473 1761
5667 1761
4746 1761
2720 1761
594 1761
5098 1761
3446 1762
6966 1762
4730 1762
2008 1762
4665 1762
341 1762
6873 1762
692 1762
1227 1762
5792 1762
5758 1762
6951 1762
4669 1762
2303 1762
292 1763
512 1763
1462 1763
5007 1763
5679 1763
3702 1763
7393 1763
6701 1763
6266 1763
2966 1763
4890 1763
3424 1763
6107 1763
6225 1763
1293 1763
7438 1763
7059 1764
6877 1764
537 1764
7394 1764
4125 1764
6931 1764
2867 1764
1867 1764
3949 1764
3139 1764
804 1764
2625 1764
8226 1764
4551 1764
1425 1765
1401 1765
5026 1765
588 1765
5338 1765
3136 1765
2899 1765
3858 1765
3971 1765
4486 1765
4835 1765
5048 1765
1921 1766
1517 1766
4185 1766
5406 1766
5918 1766
1778 1766
7709 1766
7030 1766
6696 1766
92 1766
942 1766
1749 1766
1900 1766
6609 1766
2043 1766
3855 1766
37 1766
594 1766
1205 1766
36 1766
5834 1766
3634 1767
7469 1767
8066 1767
3141 1767
3651 1767
5959 1767
471 1767
597 1767
1816 1767
3939 1767
8124 1767
8145 1767
3324 1767
7896 1767
7110 1767
439 1767
2972 1767
7811 1768
6326 1768
7348 1768
661 1768
5614 1768
2473 1768
112 1768
4799 1768
2646 1768
2809 1768
4350 1768
2365 1768
3396 1768
1420 1768
1932 1768
6031 1768
1038 1768
5238 1768
6318 1768
605 1768
3869 1768
3455 1769
1311 1769
3868 1769
7650 1769
1903 1769
4047 1769
2557 1769
288 1769
4558 1769
2247 1769
2081 1769
4686 1769
6929 1769
4102 1769
984 1769
7367 1769
3800 1770
88 1770
3249 1770
4689 1770
6211 1770
6913 1770
4812 1770
2725 1770
6434 1770
6965 1770
4794 1770
3609 1770
5565 1770
4425 1770
6888 1770
2861 1770
3568 1770
7819 1770
1322 1770
5817 1771
3142 1771
1447 1771
3013 1771
4908 1771
563 1771
540 1771
7255 1771
2315 1771
2881 1771
2207 1771
21 1772
1772 1772
33 1772
8255 1772
7625 1772
4813 1772
5899 1772
5329 1772
2642 1772
4023 1772
7710 1772
3930 1772
7300 1772
4743 1772
1233 1772
358 1772
1311 1772
4584 1772
1265 1772
6416 1773
1773 1773
3003 1773
1305 1773
64 1773
4858 1773
479 1773
8279 1773
2108 1773
6887 1773
5159 1773
2950 1773
5125 1773
2663 1773
7296 1773
4461 1773
394 1773
2180 1773
7783 1773
7260 1773
2254 1773
3876 1774
1920 1774
2597 1774
5710 1774
606 1774
2474 1774
5230 1774
1871 1774
6220 1774
3753 1774
1203 1774
6227 1774
4241 1774
6979 1774
5333 1774
6223 1774
7882 1774
3420 1774
4122 1774
1630 1774
8219 1775
2479 1775
4949 1775
3194 1775
6230 1775
4963 1775
6679 1775
6894 1775
2661 1775
7644 1775
3062 1775
1306 1775
200 1775
2133 1775
6344 1775
8183 1776
2904 1776
2654 1776
771 1776
7057 1776
5590 1776
2006 1776
123 1776
1188 1776
1777 1777
6918 1777
3194 1777
481 1777
2239 1777
6965 1777
1558 1777
4035 1777
3270 1777
240 1777
5162 1777
7137 1777
3174 1777
5300 1777
7247 1777
5648 1777
3102 1777
7392 1777
7752 1778
2768 1778
4805 1778
7160 1778
4097 1778
5526 1778
7788 1778
5419 1778
4225 1778
1999 1778
4908 1778
1104 1778
4496 1778
2269 1778
4622 1778
3667 1778
7092 1778
5025 1779
8108 1779
3270 1779
7215 1779
6067 1779
5266 1779
3166 1779
5576 1779
4556 1779
4564 1779
1943 1779
5819 1779
4835 1779
5545 1779
4348 1780
2423 1780
3637 1780
5867 1780
4084 1780
1746 1780
394 1780
6768 1780
8297 1780
2359 1780
5960 1780
1429 1780
7774 1781
2909 1781
2752 1781
2157 1781
5818 1781
7949 1781
2445 1781
5177 1781
4950 1781
3142 1781
3016 1781
5372 1781
676 1781
1409 1782
2222 1782
5880 1782
4544 1782
1124 1782
1612 1782
5890 1782
6369 1782
1504 1782
4086 1782
7488 1782
519 1782
824 1782
7575 1782
3001 1782
400 1782
7017 1783
4343 1783
7151 1783
6336 1783
3233 1783
7060 1783
3117 1783
6227 1783
5586 1783
7818 1783
1045 1783
7302 1783
6710 1783
7721 1783
2803 1783
2359 1783
911 1784
2830 1784
5005 1784
5438 1784
7916 1784
1985 1784
2540 1784
672 1784
6083 1784
2770 1784
7629 1784
4287 1784
6541 1785
4607 1785
5692 1785
7247 1785
1868 1785
2250 1785
894 1785
3174 1785
2406 1785
3306 1785
1151 1785
2659 1785
5112 1785
6175 1785
4723 1785
323 1785
8297 1785
4783 1785
2082 1786
7105 1786
4830 1786
1342 1786
2772 1786
1752 1786
3195 1786
3789 1786
2188 1786
5027 1786
6741 1787
46 1787
7013 1787
7644 1787
1349 1787
49 1787
1464 1787
5161 1787
4145 1787
4317 1787
6588 1787
125 1787
2816 1787
4820 1788
863 1788
5084 1788
7520 1788
2631 1788
3082 1788
5957 1788
186 1788
5189 1788
4258 1788
3159 1789
6888 1789
8201 1789
5574 1789
7347 1789
7687 1789
2892 1789
1179 1789
4408 1789
371 1789
5366 1789
5161 1789
4422 1789
321 1789
2908 1789
160 1789
4798 1789
4609 1789
1825 1789
5448 1789
7429 1789
6689 1789
1548 1789
563 1789
4109 1789
5457 1789
8231 1790
7176 1790
5938 1790
8116 1790
2495 1790
5420 1790
1127 1790
2725 1790
4996 1790
7927 1790
4127 1790
1445 1790
6294 1790
1088 1790
7709 1790
6697 1790
6285 1791
4279 1791
1645 1791
365 1791
3314 1791
5622 1791
4221 1791
3697 1791
2 1791
3550 1791
2701 1791
6064 1791
1796 1791
2963 1791
5387 1792
7589 1792
3658 1792
7937 1792
4123 1792
8294 1792
5799 1792
6949 1792
2391 1792
8074 1792
6615 1792
7085 1792
3496 1792
8070 1793
5410 1793
4232 1793
5538 1793
2761 1793
4061 1793
7778 1793
4702 1793
7126 1793
7340 1793
6011 1793
4881 1793
39 1793
6810 1793
365 1794
6158 1794
1264 1794
5212 1794
3785 1794
3945 1794
5101 1794
3699 1794
5046 1794
442 1794
4374 1794
7992 1794
140 1794
2413 1794
2047 1794
4120 1795
3207 1795
1536 1795
4071 1795
2960 1795
4335 1795
8244 1795
6285 1795
3406 1795
6570 1795
2551 1795
5061 1796
1549 1796
4061 1796
3090 1796
1555 1796
6083 1796
40 1796
520 1796
873 1796
7802 1796
4883 1796
7972 1796
7389 1797
8086 1797
5174 1797
4472 1797
1620 1797
4872 1797
2572 1797
6717 1797
1295 1797
1024 1797
5702 1797
7842 1797
344 1797
4778 1797
3044 1797
1798 1798
5042 1798
2483 1798
8101 1798
7648 1798
1074 1798
4962 1798
7743 1798
2276 1798
2231 1798
7151 1798
2561 1798
3534 1798
5068 1798
5866 1798
7460 1798
8075 1798
8254 1798
2467 1798
4316 1798
1664 1798
4950 1798
6746 1799
2895 1799
4916 1799
2196 1799
1538 1799
5253 1799
7127 1799
2009 1799
4290 1799
1079 1799
2740 1799
2242 1799
5670 1799
6266 1800
2618 1800
6600 1800
3964 1800
4695 1800
3084 1800
3032 1800
8079 1800
5931 1800
3488 1800
6709 1800
4494 1800
2138 1800
302 1800
5549 1801
4778 1801
5448 1801
6579 1801
5001 1801
8262 1801
982 1801
3037 1801
2738 1801
7037 1801
3808 1801
3688 1801
1212 1801
5563 1801
3702 1802
2273 1802
1107 1802
4977 1802
7962 1802
439 1802
6614 1802
1841 1802
3674 1802
2354 1802
7560 1802
3383 1802
2001 1802
1304 1802
3784 1802
1290 1802
8124 1802
7241 1802
8161 1803
4325 1803
2172 1803
3071 1803
791 1803
5776 1803
975 1803
3117 1803
3568 1803
7772 1804
3989 1804
4452 1804
5003 1804
3870 1804
6030 1804
2082 1804
3083 1804
2845 1804
6056 1804
5239 1804
543 1804
7396 1804
3085 1804
4531 1804
5593 1804
7632 1804
717 1804
4986 1805
4920 1805
5539 1805
3226 1805
5308 1805
4257 1805
7509 1805
6900 1805
54 1805
3246 1805
6554 1805
1740 1805
7997 1805
3793 1806
967 1806
426 1806
4286 1806
8251 1806
1369 1806
2262 1806
4439 1806
1940 1806
1133 1806
6611 1806
995 1807
6711 1807
2919 1807
2037 1807
4014 1807
3290 1807
2183 1807
7260 1807
6382 1807
3462 1807
7781 1807
6124 1807
1473 1807
4161 1807
3711 1807
1684 1807
6397 1807
640 1808
1970 1808
8169 1808
3977 1808
6251 1808
7022 1808
5327 1808
7281 1808
5283 1808
5789 1808
3544 1808
7819 1808
3473 1808
5390 1808
3148 1808
1861 1808
6071 1808
5513 1808
1809 1809
3523 1809
2738 1809
6483 1809
4995 1809
7778 1809
3642 1809
2966 1809
5377 1809
7384 1809
917 1809
5252 1809
5932 1809
6388 1809
2290 1809
3088 1809
8045 1809
4621 1810
363 1810
4010 1810
5973 1810
8107 1810
6681 1810
4612 1810
1548 1810
1075 1810
4509 1810
4870 1810
3934 1810
7240 1810
3519 1810
6931 1810
21 1811
5920 1811
383 1811
5792 1811
5121 1811
1187 1811
3370 1811
3095 1811
3562 1811
1203 1811
6962 1811
3472 1811
2423 1811
987 1811
973 1811
3351 1811
6326 1811
1374 1811
7692 1811
1058 1811
3949 1811
7936 1811
1931 1811
3608 1811
1964 1811
1721 1811
925 1811
2084 1811
3339 1811
1546 1811
3481 1812
1685 1812
5068 1812
529 1812
4686 1812
7649 1812
2600 1812
2654 1812
4651 1812
7322 1812
7684 1812
3639 1812
2567 1812
6347 1812
2173 1812
864 1812
1726 1812
8035 1812
6662 1812
1754 1812
4109 1812
2809 1812
565 1813
5917 1813
5428 1813
7277 1813
7149 1813
3424 1813
2188 1813
6430 1813
2786 1813
1203 1813
5237 1813
2253 1813
2310 1813
5652 1814
2067 1814
3123 1814
1921 1814
6048 1814
4315 1814
4879 1814
96 1814
7875 1814
4408 1814
4553 1814
5371 1814
2572 1814
1765 1814
3939 1814
3752 1815
6059 1815
5112 1815
2663 1815
7401 1815
5404 1815
352 1815
4875 1815
6611 1815
6421 1815
640 1815
4610 1815
3453 1815
2019 1815
5549 1815
7604 1815
984 1815
997 1815
5231 1815
2308 1815
4894 1815
6318 1815
447 1815
7728 1815
6951 1815
3074 1815
4440 1816
6342 1816
3375 1816
7997 1816
1978 1816
8204 1816
2595 1816
5426 1816
3105 1816
5938 1816
1720 1816
2103 1816
7390 1816
319 1816
3119 1816
859 1816
7629 1816
3242 1816
2265 1816
2301 1816
2499 1816
5207 1816
4647 1817
4199 1817
6340 1817
4202 1817
8083 1817
3554 1817
306 1817
309 1817
195 1817
3548 1817
3243 1817
6679 1818
3237 1818
2334 1818
904 1818
1075 1818
3946 1818
7977 1818
859 1818
3840 1818
6477 1818
7347 1818
6976 1819
6959 1819
7914 1819
5955 1819
6891 1819
6477 1819
268 1819
6770 1819
5689 1819
1029 1819
7277 1819
3222 1819
1822 1819
3029 1819
1565 1819
4840 1819
4333 1819
7138 1819
4941 1819
4122 1820
489 1820
6268 1820
1881 1820
5278 1820
3188 1820
5551 1820
8024 1820
1615 1820
3475 1820
1081 1820
2941 1820
7543 1820
3786 1820
7519 1820
3339 1820
991 1821
2443 1821
1976 1821
2673 1821
408 1821
4101 1821
7031 1821
2683 1821
7002 1821
2157 1821
4978 1821
8264 1821
4533 1821
7186 1822
2068 1822
5386 1822
730 1822
6213 1822
2976 1822
6289 1822
2345 1822
4537 1822
410 1822
2762 1823
1001 1823
6002 1823
2033 1823
7572 1823
5815 1823
1715 1823
6755 1823
1551 1823
3658 1823
4451 1823
1593 1823
5742 1823
1419 1823
4364 1823
888 1823
8297 1823
1828 1823
1704 1824
3475 1824
6358 1824
343 1824
7506 1824
5005 1824
6469 1824
3588 1824
7614 1824
1367 1824
2796 1824
5620 1824
7797 1824
1887 1824
1709 1824
4706 1824
1860 1824
2921 1824
2033 1824
4428 1824
4887 1825
1025 1825
6626 1825
6653 1825
3746 1825
7203 1825
2761 1825
1987 1825
7731 1825
3845 1825
3668 1825
2413 1825
4167 1825
634 1825
3933 1825
7255 1825
3696 1825
1340 1825
2036 1825
866 1825
8029 1825
1364 1825
1963 1825
7571 1825
855 1826
867 1826
4639 1826
3552 1826
5880 1826
7787 1826
3671 1826
6971 1826
5630 1826
2359 1826
7758 1826
3877 1826
2230 1826
6649 1826
4759 1826
2325 1826
1827 1827
5329 1827
293 1827
6968 1827
2890 1827
622 1827
6246 1827
3034 1827
2721 1827
5037 1827
3567 1827
7718 1827
2047 1827
4765 1827
7428 1827
664 1827
2736 1828
4745 1828
638 1828
1535 1828
2113 1828
2597 1828
2143 1828
6642 1828
5299 1828
5560 1828
5894 1828
8258 1828
3205 1828
1997 1828
836 1828
6236 1828
6208 1828
3850 1828
6626 1828
3802 1828
5700 1828
3235 1828
889 1828
1990 1828
6260 1828
4882 1828
1897 1828
4899 1828
3021 1828
8127 1828
6477 1828
5965 1829
5989 1829
3740 1829
1709 1829
1095 1829
4885 1829
720 1829
709 1829
7654 1829
4252 1829
7867 1830
8159 1830
2097 1830
4989 1830
6908 1830
7758 1830
349 1830
6644 1830
2569 1830
6394 1830
4737 1830
2692 1830
1698 1830
846 1830
2130 1830
6768 1830
6055 1830
1885 1830
3742 1830
5753 1831
3940 1831
6268 1831
1779 1831
1648 1831
7730 1831
637 1831
4425 1831
281 1831
5987 1831
2533 1831
5972 1831
2817 1831
3223 1832
4979 1832
8081 1832
1045 1832
5744 1832
427 1832
1107 1832
176 1832
6037 1832
2468 1832
650 1832
4590 1832
4204 1832
4892 1832
2327 1832
7121 1832
7935 1832
6792 1832
769 1833
3193 1833
3522 1833
1920 1833
793 1833
6213 1833
6116 1833
5618 1833
1486 1833
4232 1833
5818 1833
6325 1833
7435 1833
1038 1833
221 1833
6998 1833
6421 1833
311 1833
323 1833
1175 1833
177 1834
1917 1834
551 1834
747 1834
6757 1834
1207 1834
6633 1834
4820 1834
3465 1834
7829 1834
2796 1834
1165 1834
5656 1835
1885 1835
1236 1835
7788 1835
5754 1835
3483 1835
1169 1835
7311 1835
978 1836
5367 1836
6953 1836
7440 1836
1157 1836
6774 1836
1299 1836
4805 1836
1681 1836
185 1836
5569 1836
4175 1836
7525 1836
7330 1836
2776 1836
5430 1836
811 1836
3885 1836
6696 1836
6720 1836
4867 1836
4848 1836
2366 1836
72 1836
3575 1836
2420 1837
1001 1837
6231 1837
6360 1837
4439 1837
6767 1837
3234 1837
205 1837
6892 1837
3148 1837
4542 1837
5738 1837
7105 1837
4091 1837
6238 1837
1188 1837
1346 1838
5919 1838
2225 1838
2734 1838
1438 1838
391 1838
6079 1838
5228 1838
90 1838
856 1838
8026 1838
5048 1838
5816 1838
6697 1838
268 1838
6973 1838
889 1838
4160 1838
7074 1838
221 1839
3882 1839
7725 1839
2784 1839
1392 1839
145 1839
357 1839
2230 1839
5 1839
4776 1839
2186 1839
6813 1840
3453 1840
6633 1840
3801 1840
4915 1840
2694 1840
3612 1840
1796 1840
1029 1840
6576 1840
6512 1840
4278 1840
2957 1840
3107 1840
6154 1840
5315 1840
5110 1840
3005 1840
7708 1841
3988 1841
2269 1841
1020 1841
2358 1841
1322 1841
7149 1841
559 1841
1374 1841
4915 1841
3518 1841
1788 1841
5784 1841
3630 1841
6753 1841
219 1841
4343 1841
6702 1841
3742 1841
6240 1842
8073 1842
3260 1842
5997 1842
118 1842
3432 1842
3235 1842
560 1842
225 1842
2272 1843
7672 1843
6312 1843
3338 1843
6403 1843
3351 1843
7431 1843
3838 1843
7943 1843
5664 1843
7287 1843
6894 1843
7264 1843
4352 1843
6248 1843
7127 1843
5715 1843
7181 1843
3181 1843
6912 1843
3949 1843
1849 1843
6454 1843
4856 1843
668 1844
2115 1844
5289 1844
1730 1844
3464 1844
4695 1844
4465 1844
6156 1844
7665 1844
1811 1844
3545 1844
3782 1844
6469 1845
456 1845
7061 1845
2814 1845
515 1845
1902 1845
3052 1845
835 1845
2541 1845
568 1846
1715 1846
7344 1846
7153 1846
7932 1846
1298 1846
3659 1846
4183 1846
5097 1846
2277 1846
3565 1846
1521 1846
3541 1846
4334 1846
6802 1846
2851 1846
987 1846
4603 1846
284 1846
1782 1846
2749 1846
2771 1847
1494 1847
5010 1847
7590 1847
2383 1847
1203 1847
1847 1847
4358 1847
1846 1847
3976 1847
4013 1847
967 1847
3237 1847
7173 1847
7586 1847
462 1847
4267 1847
3862 1847
3839 1847
1419 1847
3516 1847
7608 1847
7429 1847
5330 1847
688 1847
1643 1847
1482 1847
1779 1847
8053 1848
7563 1848
7597 1848
4100 1848
7680 1848
4398 1848
3989 1848
5792 1848
4362 1848
733 1848
2951 1848
2365 1848
3853 1848
4943 1848
85 1849
7605 1849
4060 1849
4768 1849
623 1849
6755 1849
2313 1849
4612 1849
6810 1849
4637 1849
7925 1849
1334 1849
4717 1849
6017 1849
4625 1849
6080 1850
4267 1850
4890 1850
2712 1850
5410 1850
3668 1850
5272 1850
7611 1850
7829 1850
4919 1850
639 1850
5215 1850
447 1850
560 1851
3201 1851
967 1851
1967 1851
2077 1851
2834 1851
5608 1851
2118 1851
5273 1851
2398 1851
5511 1851
973 1851
6091 1851
1522 1851
5764 1851
2693 1851
1206 1851
7367 1851
5503 1852
7418 1852
6550 1852
1327 1852
378 1852
6142 1852
3228 1852
3275 1852
3743 1852
655 1852
5909 1852
6540 1852
5773 1852
447 1852
5824 1852
6643 1852
2877 1852
4242 1852
1694 1852
3609 1852
474 1853
1178 1853
4080 1853
2290 1853
4331 1853
903 1853
2942 1853
8262 1853
3148 1853
5764 1853
4983 1853
6968 1853
6714 1853
5230 1853
8095 1854
6853 1854
3220 1854
4030 1854
6261 1854
4981 1854
797 1854
5538 1854
1634 1854
6627 1854
6123 1854
4386 1854
1443 1854
2630 1854
6616 1855
7040 1855
5006 1855
5186 1855
4414 1855
6864 1855
1634 1855
444 1855
6437 1855
7166 1855
3035 1855
1698 1855
6104 1855
2924 1855
391 1855
4878 1855
3261 1855
2541 1855
1823 1855
7712 1855
2427 1855
7315 1856
4007 1856
524 1856
5461 1856
3540 1856
4329 1856
2866 1856
4440 1856
5494 1856
4627 1856
1569 1856
1499 1856
1652 1856
3960 1856
7883 1856
5142 1856
3139 1857
7804 1857
4518 1857
750 1857
686 1857
7241 1857
7429 1857
2543 1857
673 1857
4381 1857
6248 1857
5100 1857
1352 1857
1599 1858
3144 1858
1780 1858
1766 1858
7944 1858
6106 1858
135 1858
4505 1858
6610 1858
5712 1858
2885 1858
1428 1858
2013 1858
5344 1858
3172 1858
8166 1858
4848 1858
5487 1858
1281 1859
5587 1859
5835 1859
6809 1859
4061 1859
4272 1859
5621 1859
6772 1859
4496 1859
4189 1859
4908 1859
3964 1859
6563 1859
6307 1860
1117 1860
4750 1860
1819 1860
5692 1860
2387 1860
1148 1860
2981 1860
2495 1860
6781 1861
552 1861
4880 1861
5825 1861
3599 1861
3813 1861
5005 1861
2795 1861
4584 1861
7129 1861
1410 1861
141 1861
6106 1861
5274 1861
1613 1861
3214 1861
2201 1861
7386 1861
3708 1861
982 1861
726 1861
7519 1862
8054 1862
5027 1862
1730 1862
1049 1862
7180 1862
3439 1862
3407 1862
