6805 1862
5572 1862
2672 1862
7169 1862
5193 1862
4519 1862
5524 1862
5950 1862
4963 1862
8195 1862
3992 1862
2866 1862
6394 1862
5598 1862
724 1862
1863 1863
7095 1863
581 1863
6429 1863
8124 1863
376 1863
1786 1863
14 1863
1245 1863
2387 1863
5272 1863
559 1863
7912 1863
717 1863
8272 1863
7741 1863
1864 1864
2 1864
30 1864
3444 1864
2805 1864
1498 1864
3698 1864
1390 1864
398 1864
7203 1864
6831 1864
4633 1864
2658 1864
8251 1864
399 1864
2257 1865
1568 1865
3633 1865
2984 1865
536 1865
5150 1865
1477 1865
6395 1865
6985 1865
7946 1865
4611 1865
4973 1865
3026 1865
4965 1865
7364 1865
6123 1865
60 1865
1517 1865
4816 1865
6193 1866
5918 1866
5041 1866
7481 1866
3603 1866
7528 1866
6126 1866
4941 1866
2746 1866
4903 1866
5021 1866
961 1866
3780 1866
7599 1866
5010 1866
974 1866
8092 1866
7514 1866
322 1866
1565 1866
2090 1866
6284 1866
5389 1866
2977 1867
8159 1867
4664 1867
6751 1867
1037 1867
8297 1867
2227 1867
7441 1867
1523 1867
6033 1867
1601 1867
7298 1867
530 1867
553 1867
3153 1867
5225 1867
3248 1867
3048 1867
3687 1868
4253 1868
4041 1868
2089 1868
6773 1868
2477 1868
6000 1868
7347 1868
1968 1868
160 1868
6262 1868
3397 1868
306 1868
2481 1868
804 1868
268 1869
6722 1869
5139 1869
106 1869
2555 1869
781 1869
6037 1869
1473 1869
308 1869
2170 1869
6173 1869
1558 1869
4082 1870
7048 1870
8046 1870
2552 1870
4678 1870
2708 1870
6565 1870
3067 1870
3182 1870
3302 1870
5195 1870
8072 1870
869 1870
622 1870
1409 1870
7184 1870
2725 1870
4804 1870
520 1870
791 1870
6932 1870
7847 1871
4772 1871
2835 1871
2221 1871
488 1871
5210 1871
6026 1871
2813 1871
4663 1871
3856 1871
4199 1871
663 1871
7398 1871
7625 1871
2755 1871
1081 1872
5625 1872
72 1872
1778 1872
2712 1872
4927 1872
8124 1872
2998 1872
6457 1872
3477 1872
4478 1872
1349 1872
3516 1872
1538 1872
8010 1872
4505 1872
6122 1872
594 1872
2833 1872
4291 1872
6687 1873
3165 1873
7066 1873
7159 1873
4143 1873
7544 1873
4155 1873
5514 1873
7314 1873
3120 1873
226 1873
6879 1873
5807 1873
5532 1873
1313 1873
2174 1874
6017 1874
394 1874
4435 1874
6470 1874
4765 1874
480 1874
5506 1874
632 1874
4895 1874
1041 1875
2244 1875
4844 1875
3217 1875
1589 1875
5136 1875
7084 1875
1932 1875
6800 1875
5158 1875
565 1875
4229 1875
6054 1875
7770 1875
2777 1876
763 1876
1819 1876
4374 1876
5648 1876
8084 1876
3135 1876
6114 1876
7698 1876
3244 1876
5608 1876
6056 1876
4125 1876
5737 1876
5413 1876
2968 1876
6031 1877
790 1877
1877 1877
4980 1877
5590 1877
7869 1877
6232 1877
8074 1877
7847 1877
2245 1877
6601 1877
2735 1877
3327 1877
3426 1877
3473 1877
7194 1877
3633 1877
3596 1877
7132 1877
1207 1877
2300 1877
7772 1878
4551 1878
9 1878
2188 1878
3746 1878
7596 1878
340 1878
1782 1878
3461 1878
5872 1878
4553 1878
449 1878
6686 1878
748 1878
2635 1878
2849 1878
2315 1878
2963 1878
3089 1878
715 1878
3828 1878
2775 1879
1879 1879
3702 1879
320 1879
4193 1879
3880 1879
4563 1879
1486 1879
4800 1879
3603 1879
6104 1879
4246 1879
7730 1879
660 1879
7053 1879
1806 1879
6230 1879
3180 1879
816 1879
6269 1879
6029 1879
550 1880
1230 1880
6760 1880
5973 1880
4165 1880
1678 1880
2214 1880
5838 1880
1580 1880
4524 1880
807 1880
719 1880
703 1881
8098 1881
5108 1881
4645 1881
6032 1881
2653 1881
7531 1881
4374 1881
6198 1881
1032 1881
7189 1881
4025 1881
7287 1881
2229 1881
2763 1881
7087 1882
4933 1882
2097 1882
1830 1882
1987 1882
590 1882
2016 1882
8273 1882
935 1882
3086 1882
7854 1882
6916 1882
4857 1882
515 1882
2903 1882
4887 1882
6294 1882
1038 1883
5366 1883
5075 1883
3013 1883
4927 1883
2057 1883
8092 1883
5896 1883
5881 1883
148 1883
6580 1883
692 1883
3463 1883
4100 1883
5342 1883
2518 1883
7856 1884
2325 1884
2265 1884
4554 1884
6618 1884
6414 1884
4802 1884
8101 1884
709 1884
3898 1884
4708 1884
2913 1884
1339 1884
1548 1884
3513 1884
5389 1884
194 1884
1669 1884
2230 1884
1017 1884
40 1884
6637 1884
2109 1884
4562 1884
7315 1884
2836 1885
7829 1885
2290 1885
465 1885
6610 1885
2999 1885
3885 1885
4229 1885
1339 1885
2696 1885
4815 1885
8035 1885
2742 1885
345 1885
1187 1885
7237 1885
3903 1885
3371 1885
7149 1886
6520 1886
402 1886
6951 1886
1806 1886
2892 1886
225 1886
6949 1886
122 1886
8007 1886
6464 1886
6460 1886
733 1886
640 1886
7716 1886
4250 1886
471 1886
449 1886
6649 1886
6085 1887
4039 1887
3994 1887
6891 1887
6179 1887
5885 1887
7044 1887
5705 1887
7600 1887
6577 1887
655 1887
3219 1887
660 1887
5451 1887
6778 1888
1888 1888
7736 1888
171 1888
970 1888
2596 1888
6971 1888
7870 1888
6373 1888
8195 1888
5053 1888
474 1888
629 1888
3782 1889
5444 1889
3102 1889
7242 1889
5076 1889
4375 1889
4799 1889
230 1889
2200 1889
2355 1889
8162 1889
5186 1889
6888 1889
7315 1889
2701 1889
5409 1889
3426 1889
8073 1890
4251 1890
4633 1890
787 1890
225 1890
5925 1890
5570 1890
7827 1890
3437 1890
1855 1890
806 1890
4035 1890
2641 1891
4835 1891
4077 1891
742 1891
5133 1891
2183 1891
2077 1891
785 1891
3743 1891
6231 1891
5440 1891
2472 1891
7793 1891
5990 1892
2166 1892
3863 1892
1136 1892
5560 1892
264 1892
4765 1892
1223 1892
1692 1892
8162 1892
8041 1892
6611 1893
7856 1893
4138 1893
3482 1893
3329 1893
7949 1893
323 1893
5735 1893
4569 1893
3333 1893
7665 1893
4012 1893
7832 1893
7733 1893
171 1893
6037 1893
2987 1894
1568 1894
5142 1894
4234 1894
1782 1894
6125 1894
5524 1894
3599 1894
533 1894
6202 1894
2166 1894
5715 1894
4574 1894
5493 1894
7073 1894
6801 1894
773 1894
6168 1895
1758 1895
6213 1895
3140 1895
6285 1895
637 1895
5620 1895
7597 1895
3671 1895
5725 1895
6366 1895
2809 1895
7404 1895
1786 1895
5365 1895
3240 1895
6992 1895
173 1895
7692 1895
1792 1895
3645 1895
4422 1896
5593 1896
6395 1896
2065 1896
2447 1896
3576 1896
3251 1896
3633 1896
3439 1896
4942 1896
8289 1896
2477 1896
7743 1897
3147 1897
7731 1897
6412 1897
8092 1897
3510 1897
2971 1897
3543 1897
4702 1897
2676 1897
1472 1897
4061 1897
2740 1897
3863 1897
1601 1897
3855 1897
192 1898
3152 1898
6275 1898
5527 1898
1854 1898
884 1898
6510 1898
3977 1898
3093 1898
2352 1898
4446 1898
6383 1898
3542 1898
5237 1898
3272 1898
2486 1898
5789 1898
7585 1898
1742 1898
5961 1899
6720 1899
618 1899
4856 1899
5461 1899
1811 1899
543 1899
3891 1899
2151 1899
3980 1899
7575 1899
5590 1899
7560 1899
5632 1899
7936 1899
1914 1899
3646 1899
910 1899
6769 1900
8196 1900
4380 1900
792 1900
2715 1900
2710 1900
2231 1900
6188 1900
3044 1900
4715 1900
7113 1900
4105 1900
2705 1900
2649 1900
5130 1900
2474 1900
873 1900
3397 1900
1342 1900
2716 1900
7625 1901
3312 1901
4850 1901
2507 1901
3590 1901
3814 1901
6807 1901
1795 1901
6911 1901
5986 1901
616 1901
2903 1901
8296 1901
3400 1901
3786 1901
2868 1901
814 1901
2618 1902
6535 1902
2837 1902
7863 1902
7770 1902
3217 1902
455 1902
5257 1902
7286 1902
4850 1902
7632 1902
5025 1902
5150 1903
7308 1903
4451 1903
7894 1903
3123 1903
2229 1903
6763 1903
1242 1903
4052 1903
6272 1903
6588 1903
4956 1903
6841 1904
5900 1904
5379 1904
6431 1904
7927 1904
1703 1904
534 1904
6912 1904
583 1904
2417 1904
2915 1904
7394 1904
4858 1904
154 1904
5705 1904
833 1904
7569 1905
1558 1905
6191 1905
4236 1905
880 1905
4400 1905
563 1905
7011 1905
222 1905
2216 1905
1303 1905
2557 1905
6240 1905
3984 1905
5805 1905
2568 1905
8005 1906
7466 1906
100 1906
5938 1906
2620 1906
337 1906
5599 1906
6538 1906
5941 1906
3516 1906
104 1906
6743 1906
7282 1906
7819 1906
7959 1906
1673 1907
1907 1907
32 1907
6716 1907
1382 1907
2334 1907
3232 1907
4097 1907
3870 1907
3750 1907
2626 1907
7331 1907
4461 1907
6842 1907
3085 1907
6125 1907
3124 1907
5545 1907
8262 1907
4130 1907
7070 1907
5257 1907
2210 1907
868 1907
5411 1907
6767 1907
4783 1908
1125 1908
3711 1908
5704 1908
5125 1908
3743 1908
5872 1908
4853 1908
4453 1908
4609 1908
219 1908
5613 1908
5215 1908
6339 1909
4409 1909
6722 1909
5596 1909
4501 1909
2240 1909
3510 1909
4006 1909
7046 1909
3460 1909
6318 1909
5481 1909
5160 1909
1227 1909
5982 1910
171 1910
5637 1910
4841 1910
6626 1910
7401 1910
2935 1910
1342 1910
7713 1910
6972 1910
4631 1910
658 1910
6128 1911
4307 1911
7550 1911
2998 1911
2642 1911
4537 1911
6169 1911
2133 1911
6410 1912
1075 1912
7036 1912
3555 1912
6198 1912
2150 1912
4637 1912
3218 1912
7284 1912
1625 1912
941 1912
7183 1912
1718 1912
1915 1912
4847 1912
5744 1912
942 1912
2630 1912
5172 1912
6563 1913
2652 1913
4064 1913
6959 1913
4551 1913
8123 1913
7397 1913
5102 1913
4985 1913
3190 1913
1360 1913
6893 1913
357 1914
4575 1914
1767 1914
7402 1914
1463 1914
4509 1914
5211 1914
3031 1914
1006 1914
2807 1914
2100 1914
6472 1914
6383 1914
3054 1914
2972 1914
6782 1914
1042 1914
5767 1915
2522 1915
7258 1915
4879 1915
3200 1915
6748 1915
6627 1915
960 1915
7525 1915
7650 1915
6254 1915
4545 1915
5314 1915
6606 1915
1209 1915
4072 1915
3836 1915
851 1915
4821 1915
6974 1916
4107 1916
4143 1916
7501 1916
6394 1916
1767 1916
3604 1916
7058 1916
3249 1916
7982 1916
3679 1916
4593 1916
3343 1916
4778 1916
7588 1916
7585 1916
5108 1916
4530 1916
7592 1916
5065 1917
3098 1917
5750 1917
6753 1917
6969 1917
2234 1917
3128 1917
2666 1917
6031 1917
4675 1917
3708 1917
90 1917
4429 1917
1174 1917
5955 1917
2031 1917
2012 1917
6072 1917
4287 1917
4701 1918
3277 1918
3917 1918
3855 1918
1959 1918
7418 1918
4131 1918
5748 1918
173 1918
3958 1918
759 1918
4035 1919
4014 1919
5216 1919
6606 1919
3254 1919
7593 1919
3997 1919
7070 1919
1580 1919
4221 1919
687 1919
5449 1919
1936 1919
1435 1919
1837 1919
5679 1919
1657 1919
5964 1919
7543 1919
3614 1919
194 1919
5150 1920
455 1920
7650 1920
457 1920
3058 1920
2119 1920
7248 1920
153 1920
4538 1920
516 1920
7952 1920
4065 1920
6866 1920
212 1921
2856 1921
3316 1921
2231 1921
661 1921
3789 1921
3777 1921
6989 1921
3667 1921
1791 1921
3523 1921
6600 1921
7126 1921
802 1921
7859 1921
6820 1921
1615 1921
8123 1921
6075 1921
6512 1921
4059 1921
4930 1921
258 1921
1157 1922
5569 1922
2130 1922
5787 1922
5038 1922
7491 1922
50 1922
1910 1922
1900 1922
3927 1922
3614 1922
6892 1922
4242 1922
8073 1922
4331 1922
6898 1922
327 1922
7628 1922
703 1922
358 1922
223 1922
3016 1922
1657 1922
6725 1923
6630 1923
4184 1923
2196 1923
4291 1923
6309 1923
1408 1923
4395 1923
3974 1923
4501 1923
7578 1923
7468 1923
1190 1923
5543 1923
3483 1923
2670 1923
1089 1924
4686 1924
4206 1924
3872 1924
348 1924
4476 1924
5917 1924
3608 1924
3416 1924
8120 1924
6514 1924
2524 1924
1880 1924
6238 1924
1140 1924
7865 1924
769 1924
1522 1924
1224 1924
7432 1924
4777 1924
582 1924
7199 1924
738 1924
1604 1924
7056 1924
5885 1924
7841 1924
4051 1924
7079 1924
3548 1924
7148 1925
1005 1925
3791 1925
2248 1925
1095 1925
3348 1925
4266 1925
3070 1925
2584 1925
1311 1925
5262 1925
6740 1925
1412 1925
447 1925
1926 1926
5883 1926
3179 1926
5624 1926
6364 1926
2666 1926
1936 1926
6076 1926
8083 1926
437 1926
5695 1926
30 1926
7022 1926
8203 1926
7565 1926
2735 1926
5740 1926
4336 1926
6146 1927
1699 1927
390 1927
6117 1927
5894 1927
5449 1927
7605 1927
2480 1927
1517 1927
685 1927
7156 1927
5282 1927
6121 1928
1261 1928
614 1928
5194 1928
466 1928
7874 1928
2723 1928
5618 1928
2248 1928
163 1928
2187 1928
7650 1928
5149 1928
112 1928
8281 1928
7366 1928
3159 1928
2380 1928
898 1928
3554 1928
3736 1928
8280 1928
610 1928
5894 1928
4476 1928
8132 1929
2082 1929
4512 1929
6375 1929
4125 1929
5242 1929
4536 1929
921 1929
6232 1929
3029 1929
722 1929
5311 1929
588 1929
737 1929
1538 1929
4750 1929
4918 1929
2879 1929
3074 1929
3446 1929
7695 1929
643 1929
6469 1929
7234 1929
6019 1929
595 1929
3614 1929
785 1930
7698 1930
4482 1930
2303 1930
2316 1930
4083 1930
4206 1930
7480 1930
7714 1930
2230 1930
1993 1930
60 1930
4744 1930
448 1930
3171 1930
5068 1930
2953 1930
4644 1931
4502 1931
5036 1931
3991 1931
2853 1931
6206 1931
4031 1931
7929 1931
2812 1931
436 1931
292 1931
2802 1931
5237 1931
8107 1931
3071 1931
5650 1931
2742 1931
2696 1931
6725 1932
3898 1932
7907 1932
507 1932
5695 1932
4900 1932
2554 1932
4357 1932
5412 1932
2439 1932
1757 1932
4913 1932
4897 1932
2649 1932
1347 1932
7181 1932
1333 1932
8180 1932
3510 1932
8013 1932
7969 1933
2324 1933
721 1933
5822 1933
5286 1933
1695 1933
3419 1933
103 1933
7294 1933
3789 1933
7791 1933
2529 1933
5619 1933
3917 1933
1957 1933
4478 1934
1681 1934
4010 1934
8137 1934
7369 1934
7400 1934
935 1934
27 1934
8017 1934
2235 1934
991 1934
7310 1934
6208 1934
2777 1934
6258 1934
7637 1934
1382 1934
3878 1935
839 1935
391 1935
3296 1935
4288 1935
1407 1935
5591 1935
2953 1935
5632 1935
4704 1935
6737 1935
1144 1935
6961 1935
8139 1935
4008 1935
7852 1935
4857 1935
5803 1935
1892 1935
2342 1936
3566 1936
1902 1936
1667 1936
2306 1936
7338 1936
7034 1936
7061 1936
8059 1936
2108 1936
2847 1936
4258 1936
5451 1936
1748 1936
7184 1936
2853 1937
6681 1937
6183 1937
3574 1937
2411 1937
3645 1937
1370 1937
2990 1937
442 1937
5640 1937
3649 1937
4575 1937
6752 1937
740 1937
3080 1937
7531 1937
6083 1937
6651 1937
1460 1937
4004 1937
4919 1938
672 1938
3604 1938
7692 1938
2938 1938
6163 1938
3523 1938
7585 1938
3019 1938
5137 1938
5776 1938
4452 1938
4289 1938
5402 1938
2170 1938
6735 1939
7400 1939
7184 1939
5644 1939
1511 1939
4374 1939
4343 1939
6867 1939
1055 1939
3567 1939
2894 1939
277 1939
405 1939
3460 1939
2415 1939
4461 1939
2228 1940
2175 1940
6083 1940
6437 1940
228 1940
7491 1940
6998 1940
5133 1940
6916 1940
76 1940
7740 1940
1551 1940
5037 1940
54 1940
3051 1940
1356 1940
1540 1940
5012 1940
6993 1940
1386 1940
6683 1941
6447 1941
6748 1941
3867 1941
5582 1941
5883 1941
1275 1941
7473 1941
5917 1941
1910 1941
2834 1941
2012 1941
5721 1941
62 1941
4220 1941
3644 1941
3256 1942
2172 1942
7027 1942
5353 1942
6479 1942
7251 1942
197 1942
5056 1942
660 1942
6494 1942
3466 1942
4758 1942
2423 1942
5500 1942
2137 1942
8033 1942
7837 1942
5263 1942
7029 1942
781 1942
6512 1942
3463 1942
5222 1943
1290 1943
8281 1943
3269 1943
4472 1943
4042 1943
3454 1943
126 1943
7121 1943
2625 1943
7601 1943
3516 1943
1648 1943
5882 1943
6274 1944
6373 1944
189 1944
4880 1944
1855 1944
3031 1944
2631 1944
4291 1944
5910 1944
523 1944
6213 1944
4916 1944
3572 1944
5186 1944
2575 1944
3456 1944
7553 1945
2984 1945
7456 1945
5123 1945
7515 1945
2174 1945
6403 1945
5010 1945
6740 1945
1074 1945
2036 1945
8075 1945
4202 1945
284 1945
2832 1945
4062 1945
7906 1945
3515 1945
5262 1945
3343 1946
3669 1946
7246 1946
6435 1946
1063 1946
4030 1946
2292 1946
7580 1946
1301 1946
5566 1946
7611 1946
2977 1946
3750 1946
2831 1946
1668 1946
1866 1946
3280 1947
7532 1947
3305 1947
7796 1947
6566 1947
3310 1947
3193 1947
3307 1947
5093 1947
4807 1947
5258 1947
4379 1947
4885 1947
1352 1947
5738 1947
8174 1947
5909 1948
4269 1948
7698 1948
4317 1948
6050 1948
8078 1948
4888 1948
3709 1948
2445 1948
5570 1948
6098 1948
449 1948
5620 1948
981 1948
4978 1949
5375 1949
3608 1949
1066 1949
2362 1949
5253 1949
7366 1949
2870 1949
4896 1949
4241 1949
4800 1949
7362 1949
3534 1949
6116 1949
361 1949
1953 1949
4003 1949
7554 1949
8059 1949
2430 1949
6131 1949
2912 1949
2049 1950
5396 1950
6758 1950
1683 1950
5682 1950
3680 1950
213 1950
5264 1950
5153 1950
4907 1950
4127 1950
1058 1950
892 1950
2291 1950
4257 1950
5778 1950
3644 1951
2451 1951
3016 1951
7478 1951
7675 1951
2186 1951
4986 1951
7291 1951
4405 1951
1996 1951
1529 1951
6467 1951
3142 1951
4014 1951
2899 1951
6003 1951
5286 1951
4713 1951
419 1951
7086 1951
2746 1951
591 1951
7347 1951
7534 1951
5912 1951
4343 1951
2061 1952
4460 1952
2974 1952
753 1952
5186 1952
7432 1952
7264 1952
5449 1952
4530 1952
2734 1952
3632 1952
7255 1952
8277 1952
5569 1952
1985 1952
3466 1952
1559 1953
1058 1953
5637 1953
2039 1953
530 1953
5678 1953
4530 1953
742 1953
4388 1953
5121 1953
3002 1953
3357 1953
5145 1953
1074 1953
2016 1953
4060 1953
6590 1954
1954 1954
3478 1954
7242 1954
6087 1954
2017 1954
1783 1954
6536 1954
6066 1954
2634 1954
621 1954
2187 1954
5754 1954
6253 1954
2630 1954
4440 1954
5753 1954
5955 1954
4760 1954
2494 1955
4885 1955
2288 1955
4107 1955
938 1955
2280 1955
1277 1955
3540 1955
4372 1955
2581 1955
1665 1955
6440 1955
2049 1955
5778 1955
5700 1955
2841 1955
104 1955
1255 1955
7413 1955
583 1955
7393 1955
3766 1955
4176 1956
8254 1956
6675 1956
2670 1956
4203 1956
1347 1956
7523 1956
3039 1956
2552 1956
3056 1956
4353 1956
6089 1956
8107 1956
3728 1956
3383 1956
5150 1956
7734 1956
4406 1956
6056 1957
156 1957
4747 1957
3785 1957
4641 1957
3756 1957
4689 1957
7190 1957
5475 1957
3802 1957
5409 1957
3853 1957
3616 1957
6950 1957
4779 1958
1600 1958
8297 1958
6198 1958
6011 1958
5342 1958
178 1958
2585 1958
2351 1958
5 1958
5388 1959
7432 1959
4676 1959
1745 1959
3441 1959
4981 1959
763 1959
1993 1959
3129 1959
1372 1959
915 1959
6535 1959
4221 1959
3397 1959
1104 1959
675 1959
2128 1960
4947 1960
3549 1960
7435 1960
75 1960
7583 1960
989 1960
4542 1960
43 1960
4663 1960
8029 1960
6150 1960
1502 1960
7228 1960
7907 1960
410 1961
6844 1961
4139 1961
3129 1961
5088 1961
4941 1961
36 1961
4528 1961
4294 1961
3697 1961
2978 1961
2772 1961
2036 1962
1694 1962
1880 1962
6446 1962
5435 1962
8230 1962
5327 1962
6394 1962
3918 1962
3603 1962
4903 1962
1216 1962
1937 1962
4891 1962
2520 1962
3602 1963
1353 1963
1851 1963
671 1963
5143 1963
5809 1963
6775 1963
2773 1963
173 1963
5533 1963
734 1963
1140 1963
6954 1963
5777 1963
7944 1963
833 1963
5831 1963
2378 1963
6541 1963
4797 1963
856 1963
8172 1963
2628 1963
6850 1963
4312 1963
1129 1964
4867 1964
7076 1964
1816 1964
4604 1964
6035 1964
6616 1964
5273 1964
5516 1964
71 1964
5830 1964
3243 1964
4126 1964
5754 1964
2235 1964
4797 1964
4491 1964
6333 1965
5756 1965
28 1965
3234 1965
4052 1965
793 1965
5172 1965
1057 1965
5026 1965
2398 1965
3286 1965
6266 1965
814 1965
7116 1965
6383 1965
355 1965
2533 1966
7869 1966
3935 1966
6342 1966
2774 1966
72 1966
5001 1966
7895 1966
1450 1966
7000 1966
5475 1966
6114 1966
2509 1966
4823 1966
5396 1966
1844 1966
2974 1966
892 1967
3075 1967
4801 1967
1811 1967
6983 1967
1923 1967
2683 1967
1708 1967
2325 1967
6984 1967
5259 1967
153 1967
7314 1967
1979 1967
4388 1967
6169 1968
4661 1968
7137 1968
48 1968
7725 1968
893 1968
6483 1968
5396 1968
3157 1968
4839 1968
1700 1968
991 1968
2663 1968
2968 1968
662 1968
3466 1968
6398 1968
4506 1968
6538 1969
8224 1969
5816 1969
891 1969
1959 1969
5031 1969
2611 1969
3473 1969
7481 1969
3808 1969
1994 1969
355 1969
744 1969
6123 1969
6115 1969
705 1969
2344 1969
2205 1969
6201 1969
6980 1969
5547 1970
5566 1970
135 1970
1089 1970
8 1970
6614 1970
7891 1970
1493 1970
4695 1970
7302 1970
7084 1970
6002 1970
4030 1970
5943 1970
3022 1970
3460 1970
4704 1970
2903 1970
4189 1970
5720 1970
5681 1970
859 1970
138 1971
178 1971
6890 1971
5384 1971
4263 1971
3333 1971
5169 1971
8253 1971
2077 1971
7692 1971
563 1971
5321 1971
1150 1971
497 1971
3971 1971
5089 1971
1200 1971
4249 1972
739 1972
6936 1972
3523 1972
5388 1972
6087 1972
5814 1972
6188 1972
6223 1972
7277 1972
7447 1972
6736 1972
279 1972
2061 1972
6734 1972
7741 1972
2467 1972
3595 1972
6359 1972
1754 1972
478 1972
6128 1973
4544 1973
4668 1973
3710 1973
4943 1973
5072 1973
6364 1973
5947 1973
8203 1973
4062 1973
1290 1973
48 1973
3037 1973
2725 1973
8173 1973
474 1973
4442 1973
3729 1973
377 1973
4247 1973
3243 1973
3260 1974
646 1974
3486 1974
7532 1974
5243 1974
3269 1974
7347 1974
2653 1974
8296 1974
4478 1974
7494 1974
6768 1974
4343 1974
6643 1974
7862 1974
7327 1974
4438 1975
6715 1975
8176 1975
2817 1975
7438 1975
1161 1975
7845 1975
3604 1975
6009 1975
6195 1975
6713 1975
1321 1975
1991 1975
1336 1975
6573 1975
3940 1975
4894 1975
4092 1975
3404 1976
4022 1976
8121 1976
6535 1976
5649 1976
5720 1976
343 1976
1657 1976
6241 1976
3918 1976
4403 1976
1282 1976
3401 1976
2403 1976
6831 1976
1593 1976
6179 1976
2833 1976
2930 1976
2354 1977
3396 1977
3870 1977
887 1977
3740 1977
4573 1977
1987 1977
8025 1977
1676 1977
1708 1977
5536 1977
7977 1977
4030 1977
164 1978
4584 1978
1896 1978
2283 1978
667 1978
6808 1978
7271 1978
632 1978
1077 1978
170 1978
5421 1978
5254 1978
2204 1978
7575 1978
4549 1978
