747 1978
3154 1978
500 1978
3922 1979
8180 1979
6713 1979
621 1979
4793 1979
288 1979
2663 1979
4594 1979
6087 1979
1816 1979
4130 1979
1047 1979
4781 1979
4206 1979
269 1979
51 1979
7213 1979
7437 1979
5428 1979
2569 1979
2836 1979
4622 1979
7287 1980
1752 1980
8162 1980
5994 1980
579 1980
5521 1980
3008 1980
1204 1980
5432 1980
3946 1980
4102 1980
4686 1980
7509 1980
6746 1981
2212 1981
2269 1981
5207 1981
284 1981
949 1981
5232 1981
331 1981
4986 1981
5162 1981
7831 1981
3819 1981
2618 1981
4975 1981
3045 1981
6913 1981
933 1981
1923 1982
281 1982
1567 1982
6856 1982
1273 1982
4498 1982
2030 1982
2128 1982
1707 1982
4919 1982
1419 1982
3985 1982
1604 1982
5217 1982
3632 1982
5168 1982
4435 1982
340 1983
3170 1983
2771 1983
2274 1983
4744 1983
3761 1983
719 1983
735 1983
6483 1983
1881 1983
2151 1983
2497 1983
5254 1983
4746 1983
2233 1983
4224 1983
8172 1983
6712 1983
2894 1983
1498 1983
73 1983
34 1983
4879 1984
4110 1984
4238 1984
2110 1984
2221 1984
3027 1984
3379 1984
7583 1984
5431 1985
1723 1985
528 1985
5123 1985
4907 1985
7957 1985
2637 1985
2736 1985
500 1985
7578 1985
7343 1985
7361 1985
4316 1985
600 1985
2310 1985
2178 1985
594 1985
2631 1985
7769 1985
5555 1986
7144 1986
1332 1986
6511 1986
165 1986
43 1986
7302 1986
5990 1986
7983 1986
1098 1986
258 1986
3857 1986
5534 1986
6947 1987
8281 1987
3404 1987
3205 1987
3051 1987
5254 1987
3322 1987
4062 1987
3167 1987
3102 1987
7777 1987
8254 1987
416 1987
5666 1987
2306 1987
866 1987
1971 1987
8190 1987
5177 1987
6373 1987
3764 1988
6850 1988
6905 1988
1750 1988
8205 1988
3912 1988
2471 1988
3737 1988
4465 1988
2143 1988
6331 1988
6358 1988
5078 1988
7563 1988
987 1989
6759 1989
4339 1989
6158 1989
6429 1989
4269 1989
3330 1989
4544 1989
6059 1989
1542 1989
3013 1989
4476 1989
1851 1989
2206 1989
3793 1989
4715 1989
7606 1989
4112 1990
3472 1990
3098 1990
575 1990
7310 1990
6464 1990
3699 1990
14 1990
1101 1990
7341 1990
3791 1990
2411 1990
4637 1990
5293 1990
1750 1991
4822 1991
6865 1991
4760 1991
3583 1991
4553 1991
5232 1991
1856 1991
2716 1991
6431 1991
7004 1991
5423 1991
2119 1991
3211 1991
5297 1991
825 1991
4228 1992
1562 1992
2071 1992
7803 1992
6774 1992
7831 1992
3431 1992
4758 1992
436 1992
6032 1992
2891 1992
160 1992
355 1992
1716 1992
358 1992
6850 1992
5430 1992
6417 1992
782 1992
7719 1992
3009 1992
623 1992
5736 1993
826 1993
4931 1993
5506 1993
144 1993
7588 1993
2269 1993
5784 1993
1532 1993
3456 1993
2763 1993
6968 1993
4689 1993
2706 1993
3128 1993
3252 1993
1679 1993
1250 1993
6226 1993
2665 1993
6979 1993
1906 1993
2128 1994
205 1994
355 1994
5352 1994
4947 1994
3872 1994
5355 1994
471 1994
6628 1994
7491 1994
5026 1994
4317 1995
5475 1995
1676 1995
970 1995
4910 1995
807 1995
3405 1995
3792 1995
3574 1995
6828 1995
2472 1995
7097 1995
1605 1995
6899 1995
1302 1996
6759 1996
4534 1996
516 1996
5093 1996
8285 1996
3166 1996
4822 1996
987 1996
3687 1996
7186 1996
4774 1996
6004 1996
2579 1996
7630 1996
4377 1996
377 1996
7143 1996
5985 1996
6719 1996
208 1997
5574 1997
1935 1997
1188 1997
551 1997
2574 1997
4435 1997
361 1997
7231 1997
3056 1997
1287 1997
8198 1997
4749 1997
4156 1997
4394 1997
1764 1998
601 1998
5526 1998
7895 1998
5779 1998
4143 1998
5241 1998
7782 1998
5070 1998
5941 1998
5754 1998
6923 1998
5358 1998
3540 1998
3754 1998
1455 1998
5145 1999
4670 1999
3967 1999
4978 1999
6555 1999
4980 1999
2151 1999
975 1999
4273 1999
4464 1999
5733 1999
4933 1999
5493 1999
5695 1999
3463 1999
6947 1999
7349 1999
8067 2000
7246 2000
4655 2000
906 2000
1821 2000
5875 2000
5415 2000
2324 2000
7423 2000
7690 2000
2067 2000
6659 2000
1333 2000
1892 2000
3026 2000
6567 2000
2807 2000
5037 2000
1209 2000
4794 2001
5297 2001
7638 2001
7209 2001
6537 2001
5699 2001
4265 2001
7139 2001
7408 2001
5415 2001
8272 2001
166 2001
6227 2001
6845 2002
1281 2002
2451 2002
7568 2002
1923 2002
7786 2002
5005 2002
1040 2002
7181 2002
7391 2002
1703 2002
6970 2002
1552 2002
3156 2002
238 2002
7412 2002
7076 2002
290 2002
2872 2003
1493 2003
1873 2003
8017 2003
1599 2003
4412 2003
216 2003
749 2003
2882 2003
7494 2003
3745 2003
2653 2003
6656 2003
362 2003
4134 2003
1436 2003
4144 2003
1692 2003
6358 2003
846 2003
399 2004
4653 2004
8294 2004
5258 2004
8193 2004
2676 2004
7491 2004
2479 2004
6923 2004
1593 2004
5149 2004
7426 2004
3906 2004
6638 2004
5772 2004
6150 2004
3496 2005
4843 2005
1229 2005
8026 2005
7650 2005
3435 2005
7564 2005
3286 2005
425 2005
232 2006
6414 2006
1600 2006
3442 2006
1977 2006
2061 2006
5001 2006
3905 2006
5837 2006
2815 2006
4357 2006
906 2006
4735 2006
96 2006
5234 2006
3311 2006
2325 2006
1157 2006
2201 2006
513 2006
5113 2006
1103 2006
3671 2007
2414 2007
7711 2007
2960 2007
2862 2007
5439 2007
3984 2007
7233 2007
5522 2007
5494 2007
5702 2007
6493 2007
5976 2007
3324 2008
3517 2008
1047 2008
7281 2008
4505 2008
2641 2008
6150 2008
985 2008
4099 2008
5631 2008
5852 2008
2720 2008
6043 2008
900 2008
3202 2008
7856 2008
973 2008
1451 2009
3827 2009
4232 2009
2874 2009
1245 2009
7259 2009
1264 2009
629 2009
7572 2009
4364 2009
4343 2009
4820 2009
3785 2009
2858 2009
1347 2009
2333 2009
7737 2010
1911 2010
5045 2010
4363 2010
6236 2010
551 2010
7302 2010
5453 2010
2067 2010
169 2010
7374 2010
6380 2010
62 2010
2011 2011
7320 2011
5526 2011
212 2011
7772 2011
2004 2011
6071 2011
118 2011
2864 2011
915 2012
4587 2012
302 2012
7283 2012
1262 2012
1998 2012
6812 2012
7617 2012
6908 2012
714 2012
1501 2012
3289 2012
4899 2012
4180 2012
7437 2013
2809 2013
3555 2013
133 2013
5582 2013
4368 2013
5644 2013
8226 2013
7796 2013
1175 2013
4012 2013
4790 2013
4718 2013
1061 2013
4942 2013
6277 2013
3212 2014
2014 2014
24 2014
1194 2014
6087 2014
118 2014
7022 2014
4655 2014
911 2014
2160 2014
2780 2014
187 2014
1970 2015
4729 2015
4584 2015
6032 2015
5973 2015
6193 2015
3631 2015
1587 2015
263 2015
1027 2015
5637 2015
2017 2015
6312 2015
7011 2015
999 2015
2061 2016
4781 2016
5554 2016
7052 2016
828 2016
2472 2016
1340 2016
1047 2016
4556 2016
2086 2016
7031 2016
1859 2016
957 2016
6225 2016
3658 2016
6808 2016
7562 2016
7726 2016
1934 2016
5087 2016
2723 2016
1187 2016
5006 2017
1614 2017
3919 2017
3271 2017
3421 2017
3482 2017
7378 2017
6029 2017
3420 2017
8170 2018
2650 2018
2010 2018
6388 2018
6268 2018
6512 2018
7935 2018
4340 2018
3797 2018
7378 2018
5880 2018
1122 2019
7624 2019
8028 2019
3152 2019
3026 2019
487 2019
2208 2019
4769 2019
33 2019
1161 2019
7929 2019
3941 2019
1460 2020
5421 2020
5884 2020
7861 2020
8236 2020
4451 2020
1136 2020
5618 2020
6880 2020
2269 2020
5140 2020
4019 2020
8249 2020
100 2020
2585 2020
6429 2020
4750 2020
6014 2020
3499 2021
1546 2021
4194 2021
4129 2021
6856 2021
1147 2021
1097 2021
5463 2021
1367 2021
5282 2021
8090 2021
3825 2021
4357 2021
4858 2021
2985 2021
3051 2022
6898 2022
1221 2022
7558 2022
90 2022
4029 2022
2630 2022
224 2022
6193 2022
829 2022
5974 2022
2930 2022
3856 2022
296 2022
4387 2022
1295 2022
6403 2022
3316 2022
7754 2022
3333 2023
4339 2023
61 2023
3869 2023
5493 2023
3008 2023
1235 2023
6663 2023
4657 2023
423 2023
3126 2023
6950 2023
7712 2023
8190 2023
3758 2023
4781 2024
6420 2024
4252 2024
2188 2024
2088 2024
1532 2024
1174 2024
1968 2024
4176 2024
4548 2024
600 2024
5379 2024
1357 2024
7296 2024
455 2024
7842 2024
543 2025
1280 2025
5436 2025
425 2025
4451 2025
4440 2025
1869 2025
2468 2025
529 2025
3256 2025
97 2025
6578 2025
115 2025
4321 2025
7822 2025
4086 2025
4853 2025
721 2025
1805 2025
4254 2025
3271 2026
1130 2026
4274 2026
4802 2026
6266 2026
496 2026
2268 2026
8195 2026
6992 2026
4245 2026
3005 2026
7511 2026
5046 2026
692 2026
4429 2026
2391 2026
135 2026
7768 2026
7479 2027
8116 2027
6949 2027
7323 2027
6361 2027
3051 2027
5805 2027
5078 2027
616 2027
7129 2027
6253 2027
3373 2027
780 2027
105 2027
7494 2027
635 2027
8016 2027
8073 2027
3630 2027
2550 2027
2265 2027
1816 2027
196 2027
1057 2027
6684 2027
466 2027
4836 2027
2113 2027
1212 2028
3070 2028
7192 2028
8277 2028
30 2028
4972 2028
7928 2028
7030 2028
5543 2028
5296 2028
6080 2028
4954 2028
3182 2028
158 2028
1171 2028
7322 2028
5961 2028
7638 2028
8065 2029
6807 2029
2592 2029
5832 2029
4433 2029
7532 2029
3631 2029
2282 2029
1792 2029
1664 2029
7501 2029
7925 2029
4529 2029
2753 2029
4927 2029
1806 2029
7147 2029
883 2029
7497 2029
7638 2029
4666 2029
7300 2029
1690 2030
4604 2030
6412 2030
8201 2030
5155 2030
3836 2030
5605 2030
610 2030
4949 2030
7972 2030
5072 2030
3728 2030
6858 2031
3683 2031
7469 2031
5082 2031
7340 2031
4670 2031
2866 2031
6574 2031
1672 2031
8005 2031
2393 2031
4961 2031
4853 2031
1148 2031
3621 2032
5697 2032
7 2032
2393 2032
3614 2032
1129 2032
5927 2032
1953 2032
405 2032
2227 2033
6470 2033
5487 2033
8015 2033
3117 2033
1447 2033
5795 2033
2260 2033
7738 2033
811 2033
5932 2033
423 2033
5254 2033
7034 2033
7081 2033
878 2033
1729 2033
294 2033
4321 2033
75 2033
2693 2033
2377 2034
4889 2034
8295 2034
1381 2034
3552 2034
5730 2034
3638 2034
5896 2034
1388 2034
4607 2034
6982 2034
2774 2034
2885 2034
2919 2034
4717 2034
5920 2034
46 2034
2593 2034
1217 2034
3446 2035
7843 2035
7652 2035
530 2035
5489 2035
560 2035
2868 2035
7259 2035
1032 2035
494 2035
3139 2035
3179 2035
1097 2035
1035 2035
7284 2035
3851 2035
5692 2035
166 2035
6132 2036
5647 2036
1299 2036
7856 2036
4035 2036
2274 2036
4805 2036
1614 2036
6295 2036
4545 2036
2082 2036
8231 2036
7669 2036
6996 2037
2941 2037
25 2037
2274 2037
1484 2037
238 2037
1206 2037
1683 2037
3635 2037
4686 2037
4041 2037
2939 2037
3606 2037
3982 2037
5614 2038
5463 2038
178 2038
1214 2038
8161 2038
7126 2038
6053 2038
4682 2038
4847 2038
3202 2038
4458 2038
2377 2038
3396 2038
5140 2038
1769 2038
1307 2038
1187 2039
3574 2039
2940 2039
7045 2039
3059 2039
5770 2039
2583 2039
2424 2039
4858 2039
3581 2039
5685 2039
5410 2039
957 2039
7572 2039
3343 2039
7237 2039
6472 2039
7762 2039
8074 2039
7436 2039
6398 2039
6611 2040
5087 2040
7836 2040
7388 2040
940 2040
725 2040
5120 2040
1003 2040
5152 2040
7437 2040
7646 2040
6784 2040
1542 2040
4423 2040
5640 2040
3641 2040
5658 2040
8054 2041
2041 2041
1620 2041
1538 2041
4710 2041
4198 2041
6493 2041
2604 2041
3120 2041
1894 2041
2765 2041
2346 2041
5483 2041
2325 2041
5322 2041
6229 2041
5188 2041
4753 2041
355 2041
315 2041
4174 2041
4165 2041
1265 2041
2463 2041
6783 2042
1293 2042
1699 2042
8020 2042
1816 2042
3797 2042
3634 2042
6888 2042
6519 2042
8114 2042
6683 2042
3563 2042
4315 2042
7874 2043
7378 2043
6900 2043
8073 2043
5245 2043
3156 2043
6549 2043
1757 2043
7825 2043
3196 2043
4708 2043
7644 2043
3608 2043
460 2043
3988 2043
3386 2043
5150 2043
5109 2044
9 2044
614 2044
704 2044
3548 2044
3760 2044
4619 2044
1054 2044
1390 2044
6264 2044
1909 2044
7559 2044
2054 2044
5236 2044
3518 2044
4313 2044
3211 2044
6308 2045
7463 2045
4556 2045
2933 2045
6253 2045
4091 2045
1015 2045
6063 2045
6224 2045
1452 2045
8025 2045
2762 2045
7095 2045
6751 2045
3466 2045
5493 2045
7617 2045
624 2045
2046 2046
1643 2046
2237 2046
4740 2046
2706 2046
991 2046
5177 2046
7561 2046
2426 2046
7310 2046
6285 2046
4042 2046
1915 2046
708 2046
8165 2046
5739 2046
2012 2046
2485 2046
5012 2047
4858 2047
3518 2047
2563 2047
6566 2047
6394 2047
5238 2047
6866 2047
6874 2047
3933 2047
7214 2047
3513 2047
4505 2047
5087 2047
7127 2048
1908 2048
5766 2048
4908 2048
4299 2048
231 2048
7799 2048
2036 2048
771 2048
6782 2048
3907 2048
563 2048
6158 2049
5984 2049
3261 2049
2276 2049
7653 2049
933 2049
7437 2049
7621 2049
3847 2049
6380 2049
7244 2049
5941 2049
4246 2049
7927 2049
7597 2049
7340 2049
5035 2049
7000 2049
6541 2049
4889 2049
7564 2049
8230 2049
3609 2049
4857 2049
709 2049
7146 2050
7095 2050
598 2050
6236 2050
7073 2050
4459 2050
4900 2050
3228 2050
4269 2050
3680 2050
3271 2050
5472 2050
2816 2050
5122 2051
7011 2051
4229 2051
7652 2051
2791 2051
1844 2051
5358 2051
1244 2051
152 2051
6312 2051
682 2051
2984 2051
3843 2051
3725 2051
2145 2051
7524 2051
5637 2051
5618 2051
7040 2051
4670 2051
1185 2051
4641 2051
2052 2052
3029 2052
4666 2052
5209 2052
4052 2052
6557 2052
7283 2052
5405 2052
7862 2052
1265 2052
5666 2052
7475 2052
7263 2052
1972 2053
7535 2053
5518 2053
6710 2053
780 2053
3228 2053
4238 2053
3850 2053
1987 2053
270 2053
5614 2053
5625 2053
6288 2053
6792 2053
1074 2053
8010 2053
7748 2053
6966 2053
683 2053
6414 2053
5126 2054
1500 2054
6801 2054
635 2054
6473 2054
1036 2054
7302 2054
4755 2054
5766 2054
5082 2054
3908 2054
5005 2054
5274 2054
7743 2054
4502 2054
8162 2054
5649 2054
5700 2055
5620 2055
6131 2055
4961 2055
6570 2055
7388 2055
3260 2055
6317 2055
4413 2055
6493 2055
5398 2055
3167 2055
5472 2055
3695 2055
1775 2055
5353 2055
6008 2055
5473 2055
5025 2055
7001 2055
4338 2055
2056 2056
4607 2056
7859 2056
3207 2056
2956 2056
3745 2056
3247 2056
5048 2056
3357 2056
8142 2056
5944 2056
3117 2056
3233 2056
7387 2056
3293 2056
3710 2056
6039 2056
976 2057
1716 2057
4079 2057
4308 2057
1310 2057
8123 2057
3606 2057
2661 2057
7085 2057
1516 2057
2273 2057
4576 2057
960 2057
2549 2057
4428 2057
1978 2057
8086 2057
6892 2057
4309 2057
7600 2057
1730 2057
405 2057
2375 2057
3671 2057
7121 2058
4943 2058
2058 2058
1724 2058
1128 2058
2168 2058
4672 2058
4684 2058
3009 2058
2043 2058
2361 2058
2143 2058
866 2058
7160 2058
5273 2058
1524 2058
1908 2058
5158 2058
5787 2058
2282 2058
2059 2059
272 2059
1204 2059
7119 2059
1754 2059
2161 2059
4191 2059
3067 2059
1645 2059
5210 2060
7941 2060
344 2060
2683 2060
3927 2060
483 2060
3409 2060
2088 2060
271 2060
5678 2060
3735 2060
2283 2060
6983 2060
689 2060
3706 2060
7392 2060
668 2061
8083 2061
40 2061
6239 2061
6131 2061
2853 2061
7560 2061
7902 2061
6413 2061
4541 2061
2833 2061
3217 2061
2805 2061
163 2061
1159 2061
6773 2061
5701 2061
6723 2061
3013 2061
1746 2061
3699 2062
7393 2062
3010 2062
1546 2062
4235 2062
921 2062
1268 2062
3320 2062
2215 2062
4533 2062
5242 2062
6413 2062
1238 2062
7889 2063
2195 2063
7220 2063
1762 2063
159 2063
6675 2063
1245 2063
1722 2063
192 2063
6772 2063
5985 2063
4671 2063
2064 2064
4545 2064
3386 2064
2958 2064
7701 2064
2048 2064
4996 2064
3330 2064
734 2064
780 2064
4478 2064
1932 2064
3819 2064
7402 2064
6719 2064
1855 2065
4621 2065
1663 2065
3801 2065
3563 2065
6129 2065
2867 2065
3912 2065
5605 2065
971 2065
4334 2065
4884 2066
3667 2066
7228 2066
7977 2066
6413 2066
6929 2066
7341 2066
3015 2066
2153 2066
846 2066
633 2066
2972 2066
1913 2066
5687 2066
4086 2066
1889 2066
1900 2066
7990 2067
4175 2067
1200 2067
3022 2067
6239 2067
4122 2067
6512 2067
2708 2067
3759 2067
7399 2067
4482 2067
8016 2067
7771 2068
5366 2068
1046 2068
7478 2068
3260 2068
4930 2068
311 2068
3028 2068
1275 2068
7479 2068
8030 2068
4738 2068
5347 2068
6909 2068
581 2068
7220 2069
6464 2069
3366 2069
4916 2069
2203 2069
5283 2069
3766 2069
5315 2069
4007 2069
1089 2069
5575 2069
398 2069
3024 2069
3176 2069
7808 2069
619 2069
1718 2069
2888 2069
4603 2069
2030 2070
2813 2070
3209 2070
6024 2070
3670 2070
2561 2070
5493 2070
3709 2070
3054 2070
1263 2070
3339 2070
3238 2070
302 2070
3698 2070
5440 2070
353 2071
4026 2071
5961 2071
7342 2071
4433 2071
4533 2071
3054 2071
5656 2071
1595 2071
230 2071
4236 2071
2646 2071
257 2071
6085 2071
7437 2071
4018 2071
686 2071
4742 2071
6108 2072
1322 2072
3631 2072
4950 2072
8208 2072
703 2072
2320 2072
1501 2072
5637 2072
8153 2072
8 2072
3609 2072
1477 2072
4411 2073
8172 2073
2680 2073
7501 2073
3777 2073
5183 2073
3230 2073
7768 2073
2676 2073
1341 2073
485 2073
1056 2073
7482 2073
3456 2073
2228 2073
4823 2073
1979 2073
3248 2073
2074 2074
2875 2074
4843 2074
1998 2074
6535 2074
3791 2074
5539 2074
552 2074
4313 2074
7648 2074
2122 2074
8255 2074
2822 2074
3551 2074
2606 2074
8260 2074
7044 2074
1683 2074
582 2074
7508 2075
1636 2075
3990 2075
2706 2075
1994 2075
802 2075
1463 2075
3302 2075
6057 2075
7090 2075
7524 2075
3824 2075
4435 2075
1396 2075
2367 2075
2899 2075
7905 2075
2731 2075
7258 2075
1096 2075
4041 2076
8168 2076
7621 2076
3442 2076
2246 2076
346 2076
7078 2076
3506 2076
2328 2076
394 2076
7367 2076
2090 2076
3001 2076
7756 2076
3695 2076
8253 2076
6677 2076
2682 2076
2990 2076
3877 2076
6625 2076
7629 2076
6253 2076
5006 2077
2389 2077
4301 2077
3864 2077
5155 2077
5163 2077
7126 2077
4770 2077
838 2077
2845 2077
3170 2077
2036 2077
8102 2077
749 2077
7951 2077
5511 2077
2170 2077
7952 2078
5418 2078
6200 2078
1234 2078
1935 2078
713 2078
6914 2078
186 2078
765 2078
8241 2078
504 2078
690 2078
5022 2079
1055 2079
19 2079
169 2079
797 2079
6330 2079
5450 2079
7837 2079
2873 2079
4743 2079
8155 2079
5696 2079
5004 2079
2865 2079
7870 2079
2771 2080
6961 2080
1790 2080
315 2080
5615 2080
6162 2080
3545 2080
733 2080
107 2080
2719 2080
5980 2080
8231 2080
4182 2080
5720 2080
6443 2080
2354 2081
7275 2081
3559 2081
7009 2081
7854 2081
5897 2081
6076 2081
2604 2081
4590 2081
6209 2081
7974 2081
345 2081
486 2081
5555 2081
7253 2081
2068 2081
7370 2081
6177 2082
190 2082
3081 2082
4381 2082
6003 2082
1230 2082
7070 2082
2803 2082
7508 2082
2163 2082
990 2082
3609 2082
1097 2082
3798 2082
6398 2083
869 2083
3906 2083
5354 2083
7156 2083
7294 2083
4545 2083
7533 2083
4372 2083
3420 2083
2650 2083
3209 2083
3196 2083
402 2083
4770 2083
5682 2083
662 2083
5622 2084
3040 2084
519 2084
918 2084
5925 2084
2704 2084
1460 2084
7479 2084
1473 2084
1238 2084
4488 2084
3933 2084
837 2084
88 2084
7001 2084
137 2084
6053 2084
4087 2084
1107 2084
6733 2085
2160 2085
1372 2085
4411 2085
1803 2085
5592 2085
4465 2085
8263 2085
7415 2085
4936 2085
4277 2085
2555 2085
3370 2085
7967 2085
4259 2085
3828 2086
163 2086
4563 2086
4844 2086
5955 2086
8295 2086
2809 2086
609 2086
3999 2086
4698 2086
4961 2086
7802 2086
7869 2086
1408 2086
1113 2086
2810 2086
3541 2086
7204 2086
552 2087
1195 2087
3487 2087
5341 2087
4175 2087
3737 2087
7176 2087
140 2087
4340 2087
6536 2087
6554 2087
5248 2087
2483 2087
5096 2087
2643 2087
7698 2087
2922 2087
770 2087
455 2087
5140 2088
1895 2088
2495 2088
4777 2088
2344 2088
349 2088
1654 2088
2567 2088
3801 2088
5917 2088
1149 2088
4438 2088
5062 2088
658 2088
2438 2088
3634 2088
5989 2088
4857 2088
1612 2088
7974 2088
3988 2088
3817 2088
910 2089
4856 2089
5528 2089
6782 2089
7381 2089
7307 2089
3824 2089
5187 2089
5783 2089
173 2089
1657 2089
2221 2089
4030 2089
2032 2089
436 2089
5053 2089
7283 2089
2273 2090
6790 2090
2361 2090
3905 2090
7748 2090
5632 2090
6465 2090
3747 2090
3249 2090
2843 2090
3916 2090
4669 2090
1308 2091
1020 2091
361 2091
348 2091
3234 2091
4490 2091
3588 2091
8273 2091
2713 2091
3038 2091
2054 2091
6825 2091
68 2091
4037 2092
6195 2092
1037 2092
4546 2092
1934 2092
8007 2092
1147 2092
1830 2092
898 2092
3895 2092
3969 2092
5547 2092
6774 2092
4416 2092
3348 2092
2331 2093
1162 2093
399 2093
1538 2093
5978 2093
2010 2093
2913 2093
1641 2093
5614 2093
3940 2093
5973 2093
5036 2093
306 2093
3614 2093
714 2093
7819 2094
4374 2094
1201 2094
2080 2094
5899 2094
8043 2094
418 2094
2191 2094
5641 2094
223 2094
1999 2094
1518 2094
2475 2094
4290 2094
5089 2094
5943 2094
7898 2094
5391 2094
1770 2094
6760 2094
5309 2094
148 2095
4081 2095
5721 2095
7307 2095
4476 2095
7435 2095
353 2095
3346 2095
2294 2095
4931 2095
4880 2095
7436 2095
4525 2095
6717 2095
3800 2096
2096 2096
3638 2096
4995 2096
1484 2096
7169 2096
1432 2096
4534 2096
4782 2096
5992 2096
2403 2096
8123 2096
5021 2096
2016 2096
3060 2096
3791 2096
6209 2097
1094 2097
5202 2097
2067 2097
7864 2097
936 2097
6253 2097
7334 2097
2540 2097
780 2097
6784 2097
2356 2097
3343 2097
3799 2097
4092 2097
3483 2097
10 2097
3658 2097
2913 2097
4846 2098
5688 2098
4860 2098
331 2098
7552 2098
4472 2098
4314 2098
1534 2098
4178 2098
1436 2098
8252 2098
1978 2098
5575 2098
604 2099
5332 2099
5049 2099
2302 2099
1293 2099
2567 2099
318 2099
6371 2099
2099 2099
854 2099
2988 2099
7586 2099
4682 2099
537 2099
2854 2099
4774 2099
320 2099
5396 2099
1089 2099
7847 2099
8217 2100
3472 2100
4017 2100
5348 2100
