2053 2100
148 2100
7808 2100
1918 2100
3527 2100
4741 2100
4840 2100
447 2100
4910 2100
5297 2100
5517 2100
1770 2100
7591 2101
643 2101
520 2101
4793 2101
3002 2101
1897 2101
7601 2101
6136 2101
373 2102
7491 2102
681 2102
7147 2102
6474 2102
6335 2102
7394 2102
217 2102
3235 2102
7605 2102
7721 2102
7531 2102
3746 2102
1129 2102
1589 2102
4730 2102
1802 2102
7315 2102
2966 2103
5035 2103
866 2103
4530 2103
7862 2103
7350 2103
7583 2103
2302 2103
7906 2103
8120 2103
3238 2103
8187 2103
6407 2103
4024 2103
2635 2104
3290 2104
5521 2104
6309 2104
7161 2104
4839 2104
425 2104
4820 2104
3468 2104
996 2104
4902 2104
918 2104
4249 2104
5114 2104
3154 2104
4713 2104
1994 2104
4862 2105
4892 2105
2485 2105
4646 2105
7947 2105
2718 2105
1796 2105
8086 2105
2277 2105
900 2105
5551 2105
2430 2105
3264 2105
1953 2105
5151 2105
5878 2106
1104 2106
5637 2106
4843 2106
6460 2106
4662 2106
4941 2106
6689 2106
1094 2106
4568 2106
5413 2106
2635 2106
2892 2106
5795 2106
2145 2106
6531 2106
3605 2106
3867 2107
6899 2107
3628 2107
3630 2107
773 2107
6864 2107
5689 2107
7595 2107
4412 2107
4250 2107
5431 2107
321 2107
2356 2107
7896 2107
6959 2107
2267 2107
8035 2107
5469 2107
6687 2107
3809 2107
7045 2107
671 2107
6383 2108
2781 2108
1725 2108
2515 2108
4851 2108
294 2108
751 2108
2099 2108
4076 2108
5098 2108
1035 2108
4604 2108
5005 2108
5688 2108
6309 2108
1436 2108
3880 2108
1364 2108
7577 2108
4717 2108
3063 2108
7463 2108
2010 2109
4108 2109
3366 2109
4910 2109
6789 2109
2076 2109
6564 2109
488 2109
2303 2109
6927 2109
5393 2109
2 2109
5397 2109
649 2109
7670 2109
1829 2109
3458 2109
7332 2109
4481 2110
5900 2110
520 2110
5360 2110
6989 2110
1967 2110
4010 2110
4660 2110
3909 2110
5745 2110
3149 2110
3534 2110
174 2110
4766 2110
5644 2110
1839 2110
927 2110
1822 2110
4891 2111
4586 2111
7637 2111
1715 2111
6763 2111
6591 2111
2433 2111
3406 2111
565 2111
2898 2111
894 2112
6746 2112
2112 2112
4856 2112
1035 2112
2845 2112
2908 2112
2478 2112
990 2112
7867 2112
5372 2112
7695 2112
7936 2112
860 2112
6470 2112
1229 2112
6918 2112
5017 2113
1855 2113
7867 2113
5032 2113
5389 2113
4059 2113
2971 2113
7206 2113
3038 2113
5213 2113
1300 2113
8203 2113
5394 2113
3729 2113
1560 2113
4509 2114
7143 2114
6894 2114
7077 2114
7069 2114
4546 2114
4545 2114
8105 2114
5852 2114
1020 2114
2498 2114
6230 2114
3364 2115
6763 2115
5560 2115
3113 2115
5923 2115
6756 2115
583 2115
697 2115
6048 2115
357 2115
6429 2115
5755 2115
1962 2115
5708 2115
2254 2115
2854 2115
1669 2115
3132 2115
5225 2115
3905 2116
1665 2116
4288 2116
5137 2116
4536 2116
7394 2116
3456 2116
3527 2116
5262 2116
6332 2116
3050 2116
395 2116
5843 2116
6024 2116
7182 2116
112 2116
6264 2116
7487 2117
6899 2117
6574 2117
7229 2117
3408 2117
1920 2117
663 2117
5402 2117
381 2117
6687 2117
3960 2117
6264 2117
2433 2117
4161 2117
5 2117
1516 2117
4702 2117
5158 2117
772 2117
2287 2117
1061 2117
7209 2117
1407 2117
489 2117
2351 2117
1438 2117
7139 2117
5498 2117
1780 2117
6353 2118
6760 2118
1596 2118
7819 2118
2676 2118
2229 2118
6008 2118
3929 2118
1346 2118
2580 2118
4980 2118
4533 2118
3869 2118
5943 2118
5602 2118
7245 2119
4783 2119
2864 2119
3339 2119
5826 2119
4788 2119
8 2119
4594 2119
4400 2120
7995 2120
5156 2120
6464 2120
470 2120
7625 2120
2248 2120
5521 2120
4447 2120
7365 2120
5757 2120
7772 2120
300 2120
4542 2120
403 2120
7302 2120
5897 2120
617 2120
5569 2120
7780 2120
5918 2120
5900 2120
4398 2121
4585 2121
5419 2121
2981 2121
4891 2121
3148 2121
7730 2121
2957 2121
7426 2121
8145 2121
3147 2121
4563 2121
8208 2121
6125 2122
882 2122
1819 2122
7894 2122
7404 2122
2885 2122
7014 2122
1245 2122
1052 2122
5276 2122
1056 2122
1534 2122
1775 2122
4144 2122
1125 2122
4202 2123
3073 2123
6642 2123
8095 2123
3177 2123
200 2123
3062 2123
6431 2123
1509 2123
806 2123
4798 2123
3152 2123
2210 2123
5716 2123
6775 2123
5136 2123
6867 2123
1931 2123
6255 2123
1493 2124
2786 2124
644 2124
1892 2124
1353 2124
6687 2124
1672 2124
6060 2124
2669 2124
1664 2124
6890 2124
3201 2124
2625 2124
3409 2124
462 2124
7378 2124
3832 2124
5341 2124
3803 2125
7898 2125
8127 2125
2925 2125
7345 2125
6513 2125
3780 2125
3969 2125
2842 2125
362 2125
7605 2125
4061 2126
3159 2126
1244 2126
8260 2126
2635 2126
6317 2126
7315 2126
390 2126
7769 2126
1414 2126
1002 2126
2494 2126
4125 2126
365 2126
5723 2126
1894 2126
3235 2127
5718 2127
64 2127
878 2127
1474 2127
2138 2127
3836 2127
4633 2127
7806 2127
1936 2127
4131 2127
2565 2127
2174 2127
6186 2127
8127 2127
4751 2127
8000 2127
4715 2127
3102 2127
1245 2127
937 2127
8030 2128
8168 2128
1006 2128
3165 2128
376 2128
4140 2128
4109 2128
4408 2128
8157 2128
461 2128
7996 2128
512 2128
3713 2128
3559 2128
4190 2128
603 2128
2285 2128
2988 2128
6961 2128
7586 2128
6770 2128
1058 2128
3837 2128
3009 2129
4422 2129
7450 2129
6608 2129
4439 2129
3617 2129
3577 2129
1357 2129
3316 2129
1459 2129
1364 2129
6824 2129
5208 2129
7310 2129
2830 2129
6257 2129
499 2129
4466 2130
4930 2130
1303 2130
6210 2130
1551 2130
61 2130
927 2130
3754 2130
6688 2130
2611 2130
782 2130
1734 2130
3398 2130
6989 2130
3583 2130
119 2130
8190 2130
3879 2130
2630 2130
884 2130
2425 2130
7928 2131
4081 2131
202 2131
4755 2131
1473 2131
3290 2131
8121 2131
4301 2131
4846 2131
4768 2131
2736 2131
7045 2131
4926 2131
3082 2131
6002 2131
3044 2131
4793 2131
2132 2132
1000 2132
3750 2132
4661 2132
7467 2132
2165 2132
8017 2132
2019 2132
2682 2132
452 2132
2552 2132
4524 2132
2981 2132
6251 2132
5522 2132
6687 2133
3804 2133
2770 2133
5230 2133
3260 2133
3905 2133
8201 2133
2815 2133
6240 2133
3035 2133
6469 2133
2275 2133
2966 2133
3640 2133
5750 2133
6627 2133
6539 2134
1244 2134
6129 2134
5405 2134
4925 2134
1860 2134
5454 2134
3713 2134
6798 2134
522 2134
1051 2134
3154 2134
4883 2134
7806 2134
1995 2134
1892 2134
141 2134
854 2134
768 2135
6459 2135
1219 2135
3955 2135
5004 2135
6576 2135
6344 2135
6867 2135
5209 2135
7017 2135
1074 2135
4790 2135
4740 2135
1850 2136
7497 2136
6741 2136
950 2136
2906 2136
6810 2136
2698 2136
4795 2136
2214 2136
1648 2136
7290 2136
7508 2136
7345 2136
5972 2136
6696 2136
7189 2136
6877 2136
6317 2136
1985 2137
5742 2137
6414 2137
6539 2137
908 2137
4551 2137
3963 2137
8044 2137
1678 2137
7511 2137
7665 2137
2698 2137
1550 2137
5681 2137
518 2137
7443 2137
425 2137
5470 2137
1287 2137
3787 2137
4641 2137
5371 2138
2356 2138
5370 2138
4745 2138
4913 2138
7845 2138
7525 2138
7933 2138
1036 2138
2638 2138
3575 2139
1837 2139
2485 2139
873 2139
1467 2139
1291 2139
5535 2139
742 2139
231 2139
2314 2139
4407 2139
3304 2139
6043 2139
62 2140
4520 2140
2621 2140
7754 2140
4031 2140
3740 2140
1821 2140
1297 2140
163 2140
4816 2140
2367 2140
6232 2140
7554 2140
5245 2140
7256 2140
6195 2141
5983 2141
655 2141
2301 2141
6825 2141
5703 2141
5524 2141
5149 2141
2478 2141
390 2141
4107 2141
1130 2141
4224 2141
605 2141
3472 2141
5764 2141
1802 2142
4004 2142
4775 2142
7333 2142
248 2142
1574 2142
7330 2142
8279 2142
3438 2142
4160 2142
4194 2142
5666 2142
7909 2142
905 2142
1795 2142
2351 2142
2330 2142
4026 2143
62 2143
7340 2143
1156 2143
2283 2143
5761 2143
4584 2143
5336 2143
2367 2143
7711 2143
3047 2143
195 2143
276 2143
1620 2143
5349 2143
1663 2143
7403 2143
7592 2143
1378 2143
2272 2144
2144 2144
1994 2144
4773 2144
2248 2144
5166 2144
6702 2144
7061 2144
3605 2144
1511 2144
5459 2144
7293 2144
2198 2144
5205 2144
6195 2145
3935 2145
5041 2145
402 2145
1069 2145
1275 2145
2527 2145
4283 2145
4667 2145
5449 2145
449 2145
5441 2145
2728 2145
2666 2145
6000 2145
7896 2145
2764 2146
4236 2146
3141 2146
7997 2146
7829 2146
3924 2146
1940 2146
5349 2146
1186 2146
4919 2146
5426 2146
2195 2147
6895 2147
3022 2147
5734 2147
1194 2147
3123 2147
7856 2147
4929 2147
5736 2147
4080 2147
5687 2147
2161 2148
7860 2148
3491 2148
7402 2148
6320 2148
7469 2148
2659 2148
207 2148
5444 2148
424 2148
1585 2148
6453 2148
489 2148
3305 2148
1732 2148
1675 2148
7573 2148
1075 2148
7783 2148
2325 2149
6825 2149
1511 2149
528 2149
966 2149
6050 2149
2865 2149
781 2149
1290 2149
3713 2149
820 2149
7390 2149
2362 2149
7827 2149
8114 2149
5582 2149
7520 2149
443 2149
4181 2149
3465 2149
3971 2149
1289 2150
3193 2150
2376 2150
3415 2150
6801 2150
1673 2150
1337 2150
8260 2150
1999 2151
3152 2151
5659 2151
4338 2151
6412 2151
6729 2151
7321 2151
374 2151
7552 2151
4954 2151
4811 2151
5263 2151
5470 2151
6285 2152
291 2152
1387 2152
1451 2152
7634 2152
4092 2152
4986 2152
2683 2152
2833 2152
8054 2152
8077 2152
3026 2152
1108 2152
2974 2153
5544 2153
6433 2153
2864 2153
8048 2153
7152 2153
6457 2153
4451 2153
7904 2153
6506 2153
1044 2153
1054 2153
1931 2153
6325 2153
5048 2153
3992 2153
3207 2153
4190 2153
1647 2153
866 2153
4250 2153
4349 2153
534 2153
4271 2154
8176 2154
6927 2154
4844 2154
3764 2154
2833 2154
6910 2154
3688 2154
2721 2154
4799 2154
716 2154
7901 2154
3171 2154
2308 2154
1894 2154
7950 2154
6520 2154
853 2155
908 2155
3924 2155
1843 2155
2675 2155
5596 2155
3809 2155
2877 2155
5196 2155
3478 2155
6712 2155
4130 2155
4040 2155
6845 2155
2597 2156
6357 2156
1866 2156
1561 2156
853 2156
1596 2156
1747 2156
3245 2156
7021 2156
7652 2156
2718 2156
5195 2156
5241 2156
2133 2156
8257 2157
7850 2157
1278 2157
4467 2157
7253 2157
4585 2157
629 2157
1614 2157
4996 2157
716 2157
5534 2157
7 2157
321 2157
769 2157
2409 2157
6198 2158
6624 2158
3997 2158
7550 2158
7300 2158
7534 2158
7867 2159
2159 2159
4221 2159
2411 2159
7819 2159
6271 2159
300 2159
1574 2159
6179 2159
5188 2159
288 2159
4870 2159
2673 2159
6699 2159
6087 2159
7438 2160
3782 2160
4815 2160
3713 2160
6513 2160
6428 2160
6803 2160
4091 2160
956 2160
7302 2160
4425 2160
846 2160
2931 2161
3491 2161
1408 2161
1149 2161
4896 2161
6866 2161
8239 2161
6979 2161
296 2161
5355 2161
1411 2161
1118 2161
3606 2161
3497 2161
3604 2161
3548 2161
6320 2161
2726 2161
7461 2161
759 2161
2882 2161
6152 2161
2829 2161
1953 2161
7561 2161
92 2162
7315 2162
202 2162
4193 2162
2533 2162
6101 2162
3833 2162
5753 2162
7870 2162
561 2162
6114 2162
7214 2162
6936 2162
1401 2162
647 2162
2932 2162
6653 2162
971 2163
6598 2163
2030 2163
1276 2163
6277 2163
617 2163
4621 2163
426 2163
1118 2163
2392 2163
6609 2163
7011 2163
2386 2163
466 2163
6368 2163
7819 2163
1758 2163
2208 2163
4858 2163
6932 2163
6459 2163
2109 2164
5102 2164
3583 2164
326 2164
5379 2164
2174 2164
4360 2164
4573 2164
4826 2164
921 2164
1436 2164
5006 2164
349 2164
660 2164
311 2164
299 2164
3883 2164
2 2164
3351 2164
8217 2165
719 2165
2719 2165
4545 2165
6704 2165
2507 2165
3713 2165
5021 2165
5516 2165
7595 2165
5674 2165
8 2165
4123 2165
4319 2165
592 2165
2752 2165
2099 2165
5289 2165
4701 2166
1073 2166
5177 2166
2319 2166
5113 2166
2389 2166
42 2166
1445 2166
2561 2166
2033 2166
3243 2166
7137 2166
5451 2166
3060 2166
1771 2166
5431 2166
5839 2166
7018 2167
1238 2167
290 2167
347 2167
3974 2167
2520 2167
4213 2167
6512 2167
5477 2167
7856 2167
1185 2167
4357 2167
6025 2167
3137 2167
8229 2167
3398 2168
7967 2168
3504 2168
1353 2168
7943 2168
713 2168
1145 2168
1425 2168
6355 2168
535 2168
4120 2168
5794 2168
1843 2168
2004 2168
3229 2168
3154 2169
3788 2169
3375 2169
1779 2169
5982 2169
2410 2169
5140 2169
7914 2169
3446 2169
347 2169
3774 2169
833 2169
2633 2169
613 2169
126 2169
1184 2169
4732 2169
5142 2169
104 2169
868 2169
3478 2170
7841 2170
7408 2170
2978 2170
4185 2170
3267 2170
3167 2170
6702 2170
4741 2170
5997 2170
3842 2170
7594 2170
3898 2170
2732 2170
5771 2170
1003 2171
5725 2171
3704 2171
7229 2171
7033 2171
7320 2171
7959 2171
2619 2171
5645 2171
4491 2171
1713 2171
7634 2171
7138 2171
1352 2171
4042 2171
4910 2171
4942 2171
2172 2171
5231 2171
3932 2172
1442 2172
1342 2172
7338 2172
1186 2172
5872 2172
3995 2172
6551 2172
4748 2172
2331 2172
4865 2172
3073 2172
375 2172
5554 2172
5272 2172
2110 2172
5149 2172
8084 2173
5454 2173
6974 2173
7562 2173
5693 2173
5431 2173
4258 2173
2367 2173
1356 2173
6899 2173
8230 2173
5565 2173
6540 2173
7147 2173
773 2173
4244 2173
7802 2173
1472 2174
609 2174
4661 2174
4336 2174
2175 2174
4919 2174
3531 2174
7225 2174
5514 2174
96 2174
5421 2174
791 2174
2807 2174
2104 2174
6421 2174
816 2174
892 2174
1184 2175
5396 2175
4357 2175
5950 2175
5806 2175
1680 2175
6789 2175
2574 2175
3908 2175
2472 2175
5366 2175
1716 2175
4916 2175
1236 2175
4785 2176
7004 2176
4812 2176
7585 2176
225 2176
2529 2176
4301 2176
6741 2176
3867 2176
3073 2176
6091 2176
2162 2176
624 2176
565 2176
8221 2176
6371 2176
7558 2177
6716 2177
771 2177
7996 2177
4327 2177
6547 2177
1620 2177
4325 2177
2621 2177
7423 2177
4592 2177
2707 2177
6901 2177
4472 2177
2208 2177
6555 2177
7143 2178
2248 2178
2182 2178
451 2178
5262 2178
6792 2178
3200 2178
5742 2178
5233 2178
4121 2178
2985 2178
7192 2178
7355 2178
1934 2178
3234 2178
3026 2178
4829 2178
6841 2179
5342 2179
208 2179
2741 2179
7426 2179
975 2179
6015 2179
1601 2179
4959 2179
7263 2180
3190 2180
8254 2180
141 2180
6412 2180
1669 2180
4467 2180
6071 2180
1808 2180
6342 2180
7393 2180
113 2180
4279 2180
422 2180
7588 2180
1108 2180
5767 2181
7228 2181
3819 2181
8195 2181
6680 2181
7285 2181
5772 2181
4675 2181
7231 2181
4636 2181
4364 2182
4029 2182
5964 2182
2263 2182
2574 2182
7073 2182
2841 2182
85 2182
5182 2182
2552 2182
4282 2182
4699 2182
5620 2182
5101 2182
2279 2183
5854 2183
6983 2183
2524 2183
1145 2183
3750 2183
1136 2183
5688 2183
7366 2183
7361 2183
7466 2183
7512 2183
8293 2183
3516 2183
785 2183
6994 2183
3839 2183
8219 2183
5495 2183
2182 2183
6083 2184
2184 2184
527 2184
6117 2184
7894 2184
3256 2184
5991 2184
6575 2184
7389 2184
2237 2184
5068 2184
6550 2184
3582 2184
3463 2184
3804 2184
712 2184
5055 2184
804 2184
5142 2185
883 2185
5127 2185
2708 2185
7986 2185
3036 2185
2594 2185
1192 2185
6614 2185
1277 2185
585 2185
2061 2185
7842 2186
937 2186
2247 2186
7193 2186
434 2186
5253 2186
6949 2186
4730 2186
7825 2186
5708 2186
7274 2186
2204 2186
5400 2186
6817 2186
2329 2186
88 2186
7429 2186
3781 2186
7008 2186
2620 2186
8174 2187
3761 2187
1861 2187
7973 2187
3093 2187
4662 2187
4718 2187
7281 2187
8294 2187
291 2187
3867 2187
4442 2187
1694 2187
5918 2187
4126 2187
3946 2187
7256 2187
6927 2188
1215 2188
2393 2188
1245 2188
6230 2188
3838 2188
2344 2188
4894 2188
6049 2188
3913 2188
3729 2188
2971 2189
1337 2189
1236 2189
8236 2189
3001 2189
7682 2189
7574 2189
7808 2189
4324 2189
6030 2189
2215 2190
2740 2190
1169 2190
7116 2190
6048 2190
3296 2190
2333 2190
7578 2190
4017 2190
59 2190
483 2190
2151 2190
3572 2190
2263 2191
7551 2191
144 2191
98 2191
1233 2191
3667 2191
1009 2191
6343 2191
85 2191
2348 2191
3623 2191
7906 2191
1920 2191
483 2191
7797 2191
3804 2191
5973 2191
628 2191
2356 2191
7253 2191
7639 2191
3022 2191
2938 2191
5158 2191
656 2191
1932 2192
2940 2192
4379 2192
6060 2192
447 2192
6260 2192
238 2192
2843 2192
4059 2192
2989 2192
5693 2192
3062 2192
1639 2192
466 2192
4942 2192
568 2192
2383 2193
3144 2193
275 2193
2315 2193
6465 2193
3263 2193
6228 2193
5184 2193
4416 2193
6812 2193
2337 2193
2002 2193
5310 2193
8284 2193
6923 2193
2795 2193
2178 2193
7066 2193
5511 2193
1287 2193
2817 2193
5675 2193
940 2194
2471 2194
1356 2194
3872 2194
5045 2194
3446 2194
7123 2194
1216 2194
7027 2194
676 2194
1927 2194
8041 2194
6567 2194
1689 2194
46 2194
7259 2194
3008 2194
841 2194
1612 2195
5506 2195
3892 2195
5398 2195
3585 2195
5766 2195
4966 2195
7166 2195
8279 2195
5282 2195
1411 2195
6266 2195
2285 2195
278 2195
1770 2195
568 2196
4770 2196
2587 2196
5628 2196
6068 2196
6801 2196
4004 2196
4360 2196
8010 2196
3758 2196
8281 2196
7441 2196
4820 2196
1198 2196
8135 2196
449 2196
3069 2196
4555 2196
6758 2196
6900 2197
5489 2197
6914 2197
7778 2197
217 2197
4491 2197
8133 2197
6863 2197
6416 2197
1712 2197
4913 2197
7201 2197
4943 2197
6609 2198
6564 2198
7585 2198
6425 2198
745 2198
352 2198
4237 2198
1880 2198
6216 2198
2054 2198
4551 2198
2807 2198
8107 2198
7362 2198
1936 2198
3752 2199
2744 2199
7436 2199
1293 2199
3637 2199
160 2199
5935 2199
4936 2199
4439 2199
4007 2199
4778 2199
4141 2199
3174 2199
1630 2199
6565 2200
5624 2200
764 2200
638 2200
5654 2200
1599 2200
4202 2200
7610 2200
7311 2200
5758 2200
7811 2200
1303 2200
7863 2200
5771 2200
7569 2200
4699 2201
6549 2201
2376 2201
1442 2201
8123 2201
4315 2201
5411 2201
1653 2201
1300 2201
4062 2201
868 2201
3466 2201
7465 2201
6651 2201
2910 2201
2705 2201
6994 2201
1369 2201
1289 2202
5136 2202
1074 2202
7953 2202
1669 2202
5721 2202
6782 2202
2935 2202
5838 2202
1071 2202
5893 2202
5945 2202
1868 2202
5946 2202
2842 2203
4433 2203
520 2203
6240 2203
3035 2203
5752 2203
3770 2203
1157 2203
7997 2203
566 2203
8088 2203
5161 2203
8219 2203
7717 2203
1546 2203
4190 2203
6595 2203
6340 2203
4732 2203
1174 2203
4541 2203
6853 2203
7532 2204
8070 2204
322 2204
3357 2204
6717 2204
5753 2204
6098 2204
402 2204
241 2204
5739 2204
8229 2204
2228 2204
3554 2204
2370 2205
6808 2205
2178 2205
762 2205
4036 2205
6798 2205
5160 2205
3506 2205
2514 2205
6426 2205
3370 2205
6910 2205
4079 2205
2957 2205
784 2205
2104 2205
7679 2205
739 2205
8204 2206
2030 2206
3807 2206
2879 2206
1212 2206
5537 2206
1729 2206
6684 2206
3523 2206
7319 2206
2971 2206
5137 2206
2206 2206
4729 2207
3228 2207
5715 2207
1762 2207
7259 2207
460 2207
106 2207
5650 2207
5193 2207
3918 2207
5047 2207
7591 2207
873 2207
2419 2207
4292 2207
6116 2207
2538 2207
3972 2207
72 2207
5683 2208
4778 2208
3929 2208
8173 2208
5453 2208
4490 2208
2941 2208
6567 2208
7393 2208
2787 2208
4465 2208
3571 2208
3054 2208
37 2208
1372 2209
2359 2209
7731 2209
853 2209
7516 2209
2272 2209
2168 2209
5697 2209
5628 2209
7664 2209
7803 2209
8005 2209
6272 2209
2845 2209
5142 2209
6101 2210
6741 2210
345 2210
4742 2210
4584 2210
1341 2210
8173 2210
4444 2210
2051 2210
21 2210
2634 2210
2626 2210
1774 2210
8168 2210
19 2210
4877 2210
7622 2210
355 2210
3437 2210
2210 2210
2211 2211
5935 2211
2128 2211
1896 2211
742 2211
44 2211
5810 2211
2908 2211
322 2211
7 2211
1561 2211
6200 2211
175 2211
6495 2211
2267 2211
5585 2212
2247 2212
276 2212
392 2212
5394 2212
2082 2212
5867 2212
5250 2212
5582 2212
4029 2212
4861 2212
4750 2212
2140 2212
7514 2212
19 2212
4913 2212
6251 2212
6250 2212
3710 2212
2213 2213
5025 2213
2707 2213
7743 2213
6831 2213
171 2213
4604 2213
115 2213
6320 2213
3782 2214
4071 2214
4364 2214
5117 2214
6216 2214
1859 2214
7031 2214
1565 2214
929 2214
149 2214
5495 2214
1242 2214
6076 2214
1943 2214
1410 2214
1472 2214
3413 2215
7183 2215
2104 2215
6862 2215
5765 2215
697 2215
1334 2215
6274 2215
5130 2215
524 2215
6979 2215
1179 2215
2783 2215
5125 2215
2335 2215
6628 2215
7571 2215
1896 2215
5778 2215
9 2215
2328 2216
183 2216
7233 2216
2308 2216
3704 2216
6410 2216
1722 2216
1917 2216
1537 2216
726 2216
7892 2216
3883 2216
2349 2216
2714 2216
3006 2216
7186 2216
601 2216
4698 2216
5392 2216
7030 2216
3327 2216
3946 2216
2608 2216
427 2216
130 2216
1691 2216
3948 2217
2108 2217
4199 2217
2473 2217
2814 2217
7930 2217
3106 2217
7959 2217
5285 2217
1870 2217
3256 2217
6605 2217
6861 2217
6601 2217
6195 2217
6123 2217
5281 2217
1186 2217
2847 2217
6510 2218
316 2218
6631 2218
2218 2218
3148 2218
5309 2218
1731 2218
6541 2218
7515 2218
1529 2218
8280 2218
4619 2218
4290 2218
1305 2218
5159 2218
2542 2219
2263 2219
3327 2219
2652 2219
6913 2219
5674 2219
4071 2219
727 2219
1609 2219
6244 2219
4314 2219
2267 2219
4468 2219
8114 2219
2105 2219
5701 2219
4950 2220
5186 2220
4358 2220
3054 2220
2231 2220
1440 2220
859 2220
2221 2220
1435 2220
3312 2220
7997 2220
6535 2220
5489 2220
3877 2220
5228 2220
4307 2220
34 2220
5432 2220
5882 2220
3948 2220
2195 2220
4858 2221
3555 2221
3453 2221
8011 2221
7583 2221
295 2221
2581 2221
4251 2221
23 2221
352 2221
5652 2221
3483 2221
2161 2221
2982 2221
7181 2221
5770 2221
7849 2222
4185 2222
5202 2222
7052 2222
2732 2222
7831 2222
8100 2222
4249 2222
4165 2222
1917 2222
395 2222
2257 2222
4117 2222
7973 2223
6682 2223
7465 2223
