4464 2223
2272 2223
4003 2223
7247 2223
4825 2223
4258 2223
2974 2223
4029 2223
5907 2223
8135 2223
2635 2224
1910 2224
1310 2224
7720 2224
3500 2224
3696 2224
402 2224
2597 2224
7564 2224
1635 2224
6211 2224
164 2224
3885 2224
7086 2224
5358 2224
5502 2224
5620 2224
2334 2224
2394 2224
6139 2224
2268 2224
2707 2224
3143 2224
2773 2224
4488 2224
2965 2224
4277 2224
8037 2224
5659 2224
1717 2225
1006 2225
2847 2225
6511 2225
5 2225
5648 2225
5357 2225
4138 2225
8264 2225
5501 2225
2371 2225
3364 2225
8026 2225
5976 2225
7840 2225
7827 2225
238 2225
314 2225
299 2225
8203 2225
3302 2226
192 2226
7682 2226
4855 2226
4445 2226
4472 2226
3365 2226
2845 2226
5173 2226
7937 2226
1934 2226
4092 2226
5636 2226
268 2226
5924 2226
5332 2226
7037 2226
5835 2226
2451 2226
7329 2226
2229 2227
6087 2227
27 2227
1122 2227
7321 2227
6519 2227
2585 2227
3862 2227
7323 2227
6017 2227
460 2227
610 2227
2710 2227
6709 2227
8095 2227
639 2227
171 2227
7639 2227
3585 2227
168 2228
4189 2228
3400 2228
918 2228
5148 2228
7327 2228
4669 2228
4790 2228
2620 2228
179 2228
489 2228
3814 2228
2935 2228
6258 2228
5963 2228
822 2228
6364 2228
7482 2228
1223 2228
1306 2229
500 2229
129 2229
27 2229
7733 2229
173 2229
2034 2229
373 2229
3705 2229
5832 2229
3648 2229
7269 2229
248 2229
1858 2229
1327 2229
2170 2230
149 2230
5477 2230
3352 2230
5621 2230
1411 2230
3238 2230
5693 2230
4859 2230
6827 2230
7734 2230
3946 2230
7723 2230
7682 2230
5753 2230
6496 2231
185 2231
423 2231
3939 2231
2762 2231
2935 2231
2836 2231
4468 2231
5947 2231
6065 2231
551 2231
6108 2231
6224 2231
2359 2231
2771 2231
7156 2231
2232 2232
6333 2232
5189 2232
4896 2232
4335 2232
54 2232
4466 2232
6459 2232
4620 2232
2128 2232
3635 2232
2531 2232
5172 2232
2342 2232
1778 2232
3067 2232
704 2232
527 2232
4724 2232
1614 2232
2479 2233
4607 2233
7177 2233
1851 2233
3882 2233
3924 2233
3588 2233
7604 2233
6312 2233
3988 2233
7682 2234
6700 2234
3129 2234
2118 2234
5123 2234
1223 2234
5958 2234
5530 2234
2514 2234
7867 2234
1815 2234
5294 2234
1243 2234
7238 2234
2414 2234
3398 2234
4830 2235
6564 2235
4738 2235
7840 2235
7588 2235
1940 2235
7481 2235
3614 2235
1187 2235
2116 2235
5072 2235
2769 2235
6865 2235
7296 2235
1568 2235
2448 2235
2034 2235
5736 2235
5950 2235
4318 2236
4538 2236
3584 2236
6780 2236
2822 2236
4780 2236
3929 2236
1336 2236
532 2236
7733 2236
5522 2236
5159 2236
103 2236
7951 2236
6976 2236
4374 2236
7340 2236
7213 2236
5792 2236
4376 2236
7085 2236
7512 2236
619 2236
1526 2237
655 2237
534 2237
3245 2237
4439 2237
2665 2237
3870 2237
5133 2237
6312 2237
2103 2237
3798 2237
6212 2237
5324 2237
6227 2237
6753 2237
4087 2237
6158 2237
3721 2237
5738 2237
8273 2238
1382 2238
6191 2238
8263 2238
118 2238
1518 2238
6264 2238
5303 2238
865 2238
1218 2238
6971 2238
892 2238
1087 2238
6773 2238
8116 2238
3505 2238
6972 2238
5237 2239
5250 2239
4722 2239
5498 2239
770 2239
6195 2239
2168 2239
7716 2239
7423 2239
3516 2239
4815 2239
772 2239
7748 2239
3534 2239
6391 2239
4578 2239
575 2239
7330 2239
2351 2240
7122 2240
6545 2240
6089 2240
5342 2240
4515 2240
7246 2240
4161 2241
5429 2241
5172 2241
717 2241
1902 2241
7128 2241
4468 2241
1240 2241
4565 2241
2119 2241
3695 2241
7914 2241
7515 2241
5489 2241
6790 2241
525 2241
2988 2241
103 2241
2815 2241
5308 2241
5725 2241
5590 2242
4657 2242
6794 2242
6994 2242
2467 2242
1790 2242
4653 2242
7622 2242
4400 2242
4655 2242
4977 2242
7670 2242
2998 2242
1839 2242
6441 2242
7238 2242
6629 2242
5757 2242
8081 2242
5814 2242
1781 2242
1725 2242
4889 2243
3614 2243
5225 2243
4988 2243
7953 2243
6424 2243
5624 2243
5771 2243
1788 2243
6229 2243
1024 2243
1721 2243
2344 2243
6932 2243
465 2244
2265 2244
528 2244
1493 2244
3811 2244
4022 2244
6601 2244
6067 2244
2978 2244
7058 2244
3077 2244
2655 2244
990 2244
6976 2245
2040 2245
5483 2245
6979 2245
6266 2245
4792 2245
3021 2245
4647 2245
747 2245
1745 2245
3807 2245
5973 2246
4839 2246
6234 2246
5239 2246
4423 2246
3352 2246
841 2246
1362 2246
1276 2246
6389 2246
5561 2246
2039 2246
6063 2246
4004 2246
4329 2246
2879 2246
4195 2246
7468 2247
4288 2247
2057 2247
6609 2247
6239 2247
6376 2247
717 2247
3243 2247
4615 2247
2256 2247
8032 2247
7709 2247
5818 2247
4146 2247
8286 2247
3294 2247
1240 2248
892 2248
68 2248
171 2248
5855 2248
3581 2248
2770 2248
4143 2248
5570 2248
5497 2248
7258 2248
6923 2248
3856 2248
4451 2248
7620 2248
4189 2248
6579 2248
2160 2249
2966 2249
8178 2249
7493 2249
2814 2249
6364 2249
4876 2249
1235 2249
3446 2249
7284 2249
3997 2249
1386 2249
4807 2249
4162 2249
915 2249
2047 2249
7771 2249
4576 2250
3277 2250
3838 2250
5037 2250
2986 2250
5480 2250
602 2250
3438 2250
7259 2250
5332 2250
7333 2250
5704 2250
2089 2251
785 2251
3819 2251
314 2251
3060 2251
4775 2251
2394 2251
7170 2251
1656 2251
1296 2251
6050 2251
6779 2251
7516 2251
7463 2251
5452 2252
5140 2252
6927 2252
3853 2252
2910 2252
935 2252
4667 2252
3752 2252
4362 2252
4735 2252
7467 2252
6091 2253
2016 2253
4294 2253
4717 2253
4189 2253
4172 2253
2378 2253
7021 2253
2245 2253
2520 2253
6555 2253
5387 2253
5009 2253
1558 2254
6118 2254
1348 2254
3602 2254
3324 2254
4486 2254
268 2254
5495 2254
4307 2254
7766 2254
5242 2255
6095 2255
5212 2255
6314 2255
3093 2255
4069 2255
3263 2255
7731 2255
3171 2255
1069 2255
6433 2255
7596 2255
2899 2255
6673 2255
5423 2255
6494 2255
160 2255
4019 2255
7732 2255
7120 2255
6163 2255
7048 2255
7531 2255
4847 2255
1198 2255
3522 2256
5174 2256
1841 2256
2143 2256
1679 2256
1918 2256
2097 2256
5264 2256
4661 2256
6937 2256
194 2256
4648 2256
4468 2256
5950 2256
5548 2257
3188 2257
449 2257
639 2257
1145 2257
7141 2257
7728 2257
7297 2257
7036 2257
1067 2257
799 2257
5367 2257
5327 2257
7550 2257
272 2257
3037 2257
4224 2257
2939 2257
1668 2257
3673 2258
5374 2258
6087 2258
1183 2258
5363 2258
3329 2258
1024 2258
6982 2258
4024 2258
6557 2258
7770 2258
6800 2258
4711 2258
2075 2259
5750 2259
4708 2259
362 2259
644 2259
7359 2259
1278 2259
4607 2259
7466 2259
2423 2259
5108 2259
4590 2259
7211 2259
2168 2259
6295 2260
3718 2260
1558 2260
353 2260
905 2260
1006 2260
1107 2260
7944 2260
5481 2260
5557 2260
1935 2260
593 2260
4029 2260
5227 2260
2658 2260
4885 2260
6908 2260
5400 2261
4857 2261
3919 2261
1731 2261
1962 2261
3783 2261
7440 2261
5136 2261
3721 2261
8106 2261
6472 2261
3916 2261
151 2261
5412 2261
8230 2261
204 2261
1830 2261
1895 2261
7514 2262
2599 2262
1185 2262
8173 2262
3838 2262
1886 2262
287 2262
2269 2262
2869 2262
3491 2262
319 2262
4100 2262
5457 2262
2649 2262
2780 2262
270 2262
7865 2262
7825 2262
4848 2263
855 2263
5461 2263
2373 2263
5309 2263
2386 2263
3129 2263
444 2263
92 2263
4348 2263
349 2263
2298 2263
7463 2263
462 2263
5217 2263
3572 2263
6035 2263
5098 2263
4825 2263
4548 2263
3141 2263
4658 2263
6343 2263
207 2264
4590 2264
5675 2264
7359 2264
3953 2264
377 2264
5151 2264
4233 2264
7894 2264
135 2264
6343 2264
5126 2264
3488 2264
231 2264
3289 2264
140 2264
3804 2265
109 2265
602 2265
7403 2265
1620 2265
4985 2265
4022 2265
4194 2265
3674 2265
2570 2265
500 2265
1716 2265
3582 2265
3415 2265
3422 2265
8263 2265
5822 2265
1575 2266
4856 2266
2266 2266
408 2266
606 2266
3507 2266
296 2266
3857 2266
4216 2266
7617 2266
5037 2266
4201 2266
3934 2266
2470 2266
2568 2267
5670 2267
913 2267
5276 2267
6695 2267
7400 2267
7895 2267
7251 2267
4018 2267
5825 2267
2537 2267
4338 2267
4077 2267
7836 2267
7036 2267
5293 2267
2171 2267
4725 2267
823 2268
133 2268
5165 2268
6748 2268
7033 2268
7765 2268
3401 2268
6646 2268
837 2268
5593 2268
1894 2268
5552 2268
6295 2269
8098 2269
4592 2269
1527 2269
448 2269
5250 2269
1148 2269
4398 2269
3445 2269
2984 2269
681 2269
1482 2269
7563 2269
3671 2270
3551 2270
8083 2270
543 2270
5454 2270
1676 2270
3705 2270
1612 2270
1820 2270
1652 2270
73 2270
232 2270
3630 2270
3275 2270
4019 2270
8259 2270
1509 2270
2569 2270
616 2271
640 2271
6111 2271
919 2271
8284 2271
3482 2271
7019 2271
1978 2271
3549 2271
6909 2271
5923 2271
4324 2271
4587 2271
2733 2271
4405 2271
7286 2272
7029 2272
2126 2272
4350 2272
6669 2272
7382 2272
4740 2272
7949 2272
1217 2272
1708 2272
3747 2272
2900 2273
4751 2273
5133 2273
2950 2273
7413 2273
292 2273
1613 2273
7883 2273
1190 2273
6198 2273
727 2273
6424 2274
5278 2274
7263 2274
5691 2274
1815 2274
2931 2274
8048 2274
1372 2274
4430 2274
98 2274
2653 2274
5321 2275
8220 2275
6566 2275
976 2275
7147 2275
6461 2275
4231 2275
7481 2275
1493 2275
671 2275
8168 2275
2467 2275
5547 2275
1388 2276
7813 2276
7152 2276
3801 2276
4209 2276
4741 2276
7878 2276
7229 2276
2979 2276
4859 2276
49 2276
7774 2276
8002 2276
2971 2276
613 2276
1139 2276
5712 2276
2360 2276
5955 2276
8089 2277
6200 2277
4584 2277
4083 2277
498 2277
5946 2277
2988 2277
7009 2277
6607 2277
7765 2277
7096 2277
1873 2277
7936 2277
6667 2277
1303 2277
1124 2277
7517 2277
1810 2277
3200 2277
4572 2277
1665 2277
1145 2278
1679 2278
4357 2278
7711 2278
6430 2278
5149 2278
3075 2278
7717 2278
1204 2278
5599 2278
4938 2278
5188 2278
2078 2278
2584 2278
5087 2278
1463 2278
4107 2278
4308 2278
7982 2279
6919 2279
4731 2279
6440 2279
6676 2279
1238 2279
4702 2279
3882 2279
1585 2279
2580 2279
3507 2279
5888 2279
4375 2279
4696 2279
6700 2279
6229 2279
824 2280
5837 2280
1338 2280
4309 2280
6116 2280
8236 2280
3444 2280
4569 2280
4114 2280
183 2280
3846 2280
2741 2280
2383 2280
1694 2280
6643 2281
777 2281
3700 2281
1538 2281
1388 2281
6588 2281
5082 2281
7381 2281
361 2281
3547 2281
2655 2281
6873 2281
4989 2281
1230 2281
4780 2281
3967 2281
5768 2281
294 2281
6895 2282
2781 2282
4582 2282
7290 2282
367 2282
6890 2282
4217 2282
5400 2282
4902 2282
834 2282
4866 2282
1149 2282
1026 2282
17 2282
7011 2282
5321 2282
5819 2283
740 2283
7094 2283
802 2283
5789 2283
4145 2283
4556 2283
3803 2283
1097 2283
5914 2283
230 2283
3107 2283
6675 2283
7246 2283
456 2283
1035 2283
4885 2283
5994 2283
1779 2283
47 2283
7206 2284
1913 2284
1563 2284
7547 2284
6609 2284
3813 2284
7277 2284
4908 2284
7794 2284
4406 2284
7213 2284
1525 2284
5296 2284
3770 2284
7824 2284
6966 2284
4549 2284
4001 2285
1782 2285
4178 2285
2716 2285
3071 2285
6935 2285
7233 2285
1987 2285
4316 2285
2900 2285
6327 2285
3667 2285
7021 2285
2810 2285
3807 2285
601 2285
5248 2285
8084 2285
2497 2285
2498 2285
6717 2285
6198 2286
5625 2286
5139 2286
3013 2286
7973 2286
6474 2286
1498 2286
1908 2286
5803 2286
6446 2286
1963 2286
1313 2286
1989 2286
1565 2286
7286 2286
4464 2286
1027 2287
1366 2287
5839 2287
8135 2287
6858 2287
3134 2287
8258 2287
5719 2287
8057 2287
3281 2287
1486 2287
1542 2287
8153 2287
4092 2287
650 2287
6425 2287
4783 2287
7752 2287
5574 2287
3082 2287
7693 2287
6509 2287
7355 2288
7197 2288
2356 2288
3008 2288
7942 2288
5672 2288
966 2288
2768 2288
1612 2288
4416 2288
4851 2288
3343 2288
2981 2288
1144 2288
4039 2288
6948 2288
438 2288
289 2289
4142 2289
6100 2289
6606 2289
172 2289
7438 2289
3438 2289
7778 2289
2318 2289
1595 2289
6312 2289
4195 2289
6531 2289
3159 2289
5053 2289
4548 2289
970 2289
4891 2289
5548 2290
7576 2290
855 2290
2489 2290
5470 2290
7803 2290
672 2290
590 2290
8201 2290
747 2290
7588 2290
6676 2290
4963 2290
4732 2291
4885 2291
3669 2291
7081 2291
3635 2291
5116 2291
3705 2291
7730 2291
7914 2291
4145 2291
1678 2291
898 2291
8043 2291
7225 2291
3879 2291
7501 2291
3707 2291
1205 2292
5756 2292
1203 2292
2828 2292
6444 2292
1917 2292
138 2292
3552 2292
3052 2292
4545 2292
5972 2292
3343 2292
3636 2292
5149 2293
7734 2293
8110 2293
1978 2293
3238 2293
6537 2293
628 2293
3348 2293
7087 2294
3933 2294
8002 2294
395 2294
4079 2294
613 2294
5910 2294
7820 2294
6430 2294
8157 2294
2166 2294
7110 2294
7788 2294
2295 2295
1188 2295
6081 2295
4562 2295
4427 2295
7429 2295
5261 2295
3129 2295
201 2295
6009 2295
759 2295
7791 2295
2166 2295
5636 2295
4155 2295
6108 2295
1882 2295
1438 2296
6931 2296
1037 2296
5631 2296
5423 2296
1096 2296
98 2296
5723 2296
6195 2296
269 2296
200 2296
2370 2296
2594 2296
2297 2297
289 2297
4480 2297
1116 2297
5700 2297
618 2297
4372 2297
6162 2297
5332 2297
5239 2297
7920 2297
1263 2297
2257 2297
2595 2298
3126 2298
646 2298
5764 2298
2694 2298
6325 2298
7774 2298
7780 2298
3774 2298
6669 2298
929 2298
4497 2298
2628 2298
4655 2298
7569 2298
2125 2298
3599 2298
7925 2298
7525 2298
2507 2299
7488 2299
3113 2299
305 2299
625 2299
6932 2299
7896 2299
3870 2299
7252 2299
6262 2299
6472 2299
3513 2299
4025 2299
816 2299
2921 2299
3671 2299
2875 2299
127 2299
3254 2299
1150 2299
3772 2299
4144 2299
7722 2299
226 2299
274 2299
5259 2299
1870 2299
8098 2299
1093 2300
1567 2300
1041 2300
3940 2300
3739 2300
5136 2300
7675 2300
8257 2300
2019 2300
7787 2300
3292 2300
793 2300
6267 2300
851 2300
6 2301
4129 2301
3696 2301
1528 2301
4413 2301
6739 2301
2288 2301
5850 2301
50 2301
3614 2301
863 2301
4199 2301
1645 2301
663 2301
7463 2301
6735 2301
6413 2301
4093 2301
5354 2301
7 2302
3746 2302
6211 2302
3059 2302
5207 2302
3809 2302
5018 2302
4942 2302
2895 2302
5075 2302
4743 2302
3801 2302
2293 2302
991 2302
6250 2302
978 2303
1042 2303
2070 2303
4224 2303
2870 2303
6091 2303
5216 2303
6403 2303
7901 2303
7803 2303
8178 2303
2148 2303
1020 2303
1707 2303
5061 2303
7103 2303
7622 2304
6783 2304
5561 2304
2554 2304
464 2304
3918 2304
466 2304
672 2304
6407 2304
6620 2304
5670 2304
5005 2304
5243 2304
2268 2304
5964 2304
6664 2304
4411 2305
941 2305
6294 2305
2206 2305
7629 2305
5056 2305
5432 2305
5459 2305
4622 2305
4062 2305
8110 2306
4983 2306
3280 2306
1828 2306
3141 2306
3617 2306
7122 2306
1419 2306
2330 2306
6650 2306
2706 2306
3829 2307
3392 2307
2875 2307
6924 2307
7809 2307
551 2307
2269 2307
4763 2307
6031 2307
6840 2307
7629 2307
6260 2307
5138 2307
5227 2307
1769 2307
1360 2308
7904 2308
4139 2308
7630 2308
7152 2308
3184 2308
3154 2308
6908 2308
3177 2308
579 2308
3085 2308
2013 2308
5414 2308
2181 2308
3096 2308
4287 2309
2370 2309
7531 2309
5674 2309
4682 2309
3349 2309
6552 2309
5070 2309
2383 2309
3105 2309
7321 2309
6371 2310
5093 2310
3935 2310
6187 2310
3667 2310
682 2310
980 2310
703 2310
4648 2310
8084 2310
7925 2310
1487 2310
6242 2310
3051 2310
3510 2310
311 2310
1045 2310
2492 2311
1908 2311
1612 2311
3030 2311
4627 2311
635 2311
308 2311
3505 2311
8295 2311
4774 2311
1939 2311
1392 2311
5547 2311
2331 2311
3564 2312
738 2312
4874 2312
7687 2312
5518 2312
2316 2312
2261 2312
2371 2312
1405 2312
199 2312
8123 2312
4459 2312
2038 2312
3029 2312
7048 2312
6494 2312
399 2312
8074 2312
4572 2313
2165 2313
6953 2313
683 2313
2754 2313
6122 2313
4984 2313
201 2313
3251 2313
851 2313
6188 2313
2406 2313
5704 2313
3482 2313
1731 2313
6856 2313
5025 2313
2925 2313
1936 2313
6495 2313
1563 2313
240 2314
7487 2314
6552 2314
7408 2314
5882 2314
5756 2314
5379 2314
708 2314
2643 2314
1762 2314
1600 2314
2752 2315
1342 2315
3608 2315
7653 2315
6220 2315
5532 2315
7716 2315
4851 2315
5896 2315
4667 2315
217 2315
6572 2315
1501 2315
376 2316
7875 2316
5254 2316
4698 2316
6208 2316
4140 2316
992 2316
7695 2316
1264 2316
7287 2316
4627 2316
7859 2316
3307 2316
4961 2316
4840 2316
5438 2317
3700 2317
1284 2317
1443 2317
3601 2317
7648 2317
4901 2317
474 2317
2331 2317
1142 2317
5161 2317
4029 2317
3416 2317
7568 2318
3152 2318
2413 2318
7355 2318
4894 2318
4621 2318
7929 2318
5481 2318
2881 2318
2175 2318
4618 2318
2831 2318
2162 2318
6758 2318
6100 2318
6191 2318
3759 2318
3455 2318
3070 2318
2203 2318
4201 2318
4042 2318
6013 2319
3223 2319
1379 2319
2935 2319
2790 2319
1447 2319
7443 2319
1088 2319
3424 2319
726 2319
6861 2319
2796 2319
2909 2319
4747 2319
5624 2319
1518 2319
3182 2319
7435 2319
2237 2319
2584 2319
3117 2319
2163 2320
692 2320
182 2320
4830 2320
105 2320
7732 2320
4119 2320
3940 2320
3811 2320
1985 2320
7284 2320
443 2320
7473 2320
1990 2320
2479 2321
3547 2321
3853 2321
3212 2321
6748 2321
2649 2321
7141 2321
5285 2321
7082 2321
2385 2321
504 2321
6321 2321
4654 2322
3310 2322
4809 2322
2322 2322
200 2322
4948 2322
3772 2322
3129 2322
7382 2322
571 2322
2636 2322
3332 2322
4209 2322
7837 2322
1057 2322
6611 2322
7497 2322
625 2322
5654 2322
4675 2323
2097 2323
4184 2323
7069 2323
4144 2323
2425 2323
1182 2323
4319 2323
7516 2323
3486 2323
802 2323
1855 2323
231 2323
2912 2323
5031 2323
2953 2323
3633 2323
3953 2324
6811 2324
2645 2324
1630 2324
2605 2324
7281 2324
4553 2324
7528 2324
5165 2324
6177 2324
171 2324
3401 2324
5075 2324
4380 2324
7405 2324
2542 2324
3260 2324
6162 2324
7128 2324
6704 2325
4083 2325
5258 2325
5392 2325
4821 2325
4775 2325
494 2325
7585 2325
4915 2325
4537 2325
925 2325
4502 2325
1502 2325
7085 2325
7990 2326
5963 2326
6216 2326
6683 2326
1742 2326
5049 2326
4288 2326
5965 2326
2320 2326
2597 2326
2551 2326
504 2326
6229 2326
636 2327
7328 2327
7590 2327
8083 2327
1025 2327
3564 2327
3656 2327
5994 2327
7535 2327
3351 2327
95 2327
7519 2327
7396 2327
3670 2327
4092 2327
4597 2327
3758 2327
2299 2327
7058 2327
7809 2328
6304 2328
2090 2328
527 2328
226 2328
486 2328
6713 2328
7769 2328
1524 2328
5583 2328
4976 2328
1104 2328
2217 2328
213 2328
726 2329
2725 2329
6984 2329
6739 2329
5175 2329
7378 2329
4715 2329
5333 2329
2088 2329
4748 2329
1096 2329
888 2329
79 2329
2383 2329
7194 2329
6609 2330
6230 2330
6659 2330
1750 2330
2746 2330
4258 2330
751 2330
3608 2330
2540 2330
3776 2330
6696 2330
8257 2330
4190 2331
1529 2331
1648 2331
7506 2331
2537 2331
1334 2331
3092 2331
4789 2331
1403 2331
4882 2331
1221 2331
4726 2331
7389 2332
444 2332
5812 2332
8 2332
7050 2332
5750 2332
7096 2332
1719 2332
7832 2332
2530 2332
5432 2332
4204 2332
7290 2332
3292 2332
3645 2332
4740 2332
1989 2332
7390 2333
3586 2333
3442 2333
2620 2333
1631 2333
6819 2333
2776 2333
854 2333
4815 2333
4452 2333
7071 2333
4394 2333
4496 2333
2581 2333
575 2334
2683 2334
5050 2334
4762 2334
24 2334
7605 2334
1195 2334
4759 2334
1371 2334
3785 2334
1914 2334
4242 2334
633 2334
3165 2334
487 2334
5457 2334
4907 2334
1960 2335
5257 2335
4411 2335
7244 2335
1442 2335
7650 2335
6732 2335
232 2335
3813 2335
3048 2335
5861 2335
2367 2335
3084 2335
4364 2336
5168 2336
8010 2336
3800 2336
176 2336
4248 2336
7629 2336
5555 2336
973 2336
3346 2337
5410 2337
2380 2337
4941 2337
6404 2337
852 2337
200 2337
7800 2337
7090 2337
910 2337
5358 2337
1301 2337
4921 2337
3325 2337
7878 2338
7982 2338
3934 2338
5321 2338
739 2338
3699 2338
2626 2338
469 2338
1599 2338
2385 2338
2439 2338
1338 2338
49 2338
5890 2339
1246 2339
703 2339
5172 2339
3635 2339
5868 2339
1214 2339
6468 2339
6849 2339
2348 2339
5388 2339
8206 2339
4491 2339
2853 2339
5524 2339
6579 2339
1086 2339
7712 2340
2433 2340
2161 2340
2729 2340
1112 2340
4775 2340
3127 2340
956 2340
2744 2340
1295 2340
3670 2341
2652 2341
8088 2341
4181 2341
383 2341
4411 2341
6992 2341
7491 2341
2054 2341
3250 2341
5925 2341
2203 2341
7670 2341
2119 2341
1802 2341
1718 2341
5464 2341
7398 2341
451 2341
7804 2342
2293 2342
4751 2342
7713 2342
7664 2342
8269 2342
4080 2342
5815 2342
7260 2342
346 2342
4594 2342
3671 2342
2813 2342
5723 2342
6511 2343
2951 2343
3545 2343
2343 2343
6563 2343
7461 2343
5656 2343
7511 2343
6537 2343
8271 2343
3409 2343
4505 2343
833 2343
2415 2343
2915 2343
1303 2343
3717 2343
4696 2343
496 2344
2740 2344
5534 2344
1461 2344
2097 2344
5276 2344
4682 2344
6598 2344
2260 2344
6700 2344
2034 2344
880 2344
7504 2344
8176 2344
4253 2344
750 2345
2547 2345
6973 2345
485 2345
3008 2345
5590 2345
2126 2345
6950 2345
7646 2345
3913 2345
3778 2345
7017 2345
1595 2345
6767 2345
3026 2345
2406 2345
1060 2346
639 2346
1747 2346
751 2346
1636 2346
2952 2346
5534 2346
7941 2346
2188 2346
4894 2346
6412 2346
7133 2346
5185 2346
69 2346
4505 2346
1728 2346
7969 2346
6537 2346
2347 2347
2795 2347
3537 2347
632 2347
1782 2347
1968 2347
5475 2347
5182 2347
6820 2347
5457 2347
6339 2347
4290 2347
1769 2347
7074 2347
6467 2347
6444 2347
3717 2347
8257 2347
3214 2347
531 2348
7428 2348
5072 2348
1609 2348
1061 2348
6356 2348
4804 2348
4780 2348
7909 2348
6776 2348
6053 2348
7059 2348
5435 2348
