6116 2348
7428 2349
3797 2349
2543 2349
3545 2349
5805 2349
6274 2349
4790 2349
6802 2349
2533 2349
3564 2349
4979 2349
5443 2349
2853 2349
3929 2349
8065 2349
3249 2350
4492 2350
1161 2350
1501 2350
362 2350
1565 2350
34 2350
4534 2350
859 2350
4670 2350
4377 2350
5342 2350
6549 2351
4622 2351
5222 2351
603 2351
7060 2351
1313 2351
2763 2351
5882 2351
681 2351
1429 2351
34 2351
6769 2351
425 2351
7291 2351
2371 2351
1764 2351
2921 2351
367 2351
7108 2351
4178 2351
2202 2351
6918 2352
8070 2352
2570 2352
5477 2352
6795 2352
8075 2352
1443 2352
3988 2352
6701 2352
7553 2352
8205 2352
2257 2352
2195 2353
4331 2353
4847 2353
938 2353
3688 2353
6376 2353
442 2353
4498 2353
713 2353
1001 2353
4071 2353
4546 2353
1715 2353
4836 2353
4745 2354
6752 2354
8029 2354
5162 2354
2956 2354
1540 2354
2195 2354
3120 2354
5155 2354
5137 2354
1996 2354
5005 2354
2483 2354
5976 2354
7479 2354
1357 2354
6191 2355
4943 2355
2693 2355
6772 2355
4653 2355
7193 2355
3380 2355
6538 2355
3770 2355
797 2355
7574 2355
1998 2355
2620 2355
1299 2355
7577 2355
1522 2355
4438 2355
5205 2355
6463 2355
6641 2355
295 2355
2875 2355
3934 2355
6248 2356
125 2356
8265 2356
6420 2356
1762 2356
4225 2356
1057 2356
3456 2356
1066 2356
3658 2356
1903 2356
5110 2356
2357 2357
2346 2357
6273 2357
4793 2357
7169 2357
7718 2357
176 2357
2760 2357
4889 2357
5703 2357
1047 2357
1846 2357
3975 2357
7291 2357
7203 2357
3238 2357
5216 2357
4050 2357
1122 2358
4291 2358
6158 2358
6736 2358
1626 2358
6071 2358
1321 2358
276 2358
6429 2358
3706 2358
3288 2358
1025 2358
487 2358
1502 2358
1448 2358
8075 2358
3419 2358
54 2358
4072 2359
814 2359
5897 2359
5314 2359
7854 2359
536 2359
7693 2359
2828 2359
1873 2360
772 2360
5801 2360
623 2360
1246 2360
3864 2360
6013 2360
3048 2360
4091 2360
2135 2360
7400 2360
3891 2360
8100 2360
7943 2360
2866 2361
966 2361
7648 2361
3599 2361
5353 2361
3113 2361
7443 2361
418 2361
4178 2361
5294 2361
2842 2361
1918 2361
4622 2361
2606 2361
7418 2362
4542 2362
904 2362
3286 2362
2570 2362
2474 2362
7152 2362
2755 2362
6769 2362
5853 2362
122 2362
2004 2362
1100 2362
7364 2362
2172 2362
3713 2362
5705 2362
7203 2362
226 2362
1700 2362
5919 2363
4494 2363
7605 2363
4093 2363
3507 2363
1015 2363
1074 2363
1563 2363
1855 2363
3560 2363
6953 2363
4265 2363
1409 2363
540 2363
4119 2363
7186 2363
1360 2364
2055 2364
8239 2364
4593 2364
2486 2364
2263 2364
724 2364
791 2364
6361 2364
4224 2365
6691 2365
5463 2365
8272 2365
30 2365
4704 2365
5689 2365
1454 2365
8084 2365
3882 2365
4501 2365
2898 2365
4533 2366
4478 2366
5009 2366
1371 2366
7578 2366
1074 2366
2257 2366
4183 2366
6509 2366
2805 2366
3041 2366
6369 2366
6782 2366
5080 2366
956 2367
8057 2367
6150 2367
1808 2367
3977 2367
3504 2367
6343 2367
8279 2367
3223 2367
4287 2367
1353 2367
6627 2367
1001 2367
3462 2367
4411 2367
4826 2367
498 2367
5641 2367
6305 2368
3614 2368
4188 2368
3699 2368
1712 2368
3539 2368
4829 2368
18 2368
4816 2368
4444 2368
7765 2368
3101 2368
5415 2368
5981 2368
2086 2368
4572 2368
592 2368
425 2368
6487 2368
2369 2369
2925 2369
2864 2369
4097 2369
2099 2369
973 2369
6098 2369
7539 2369
6168 2369
2477 2369
1378 2369
609 2369
6594 2369
605 2369
1563 2369
6776 2369
2836 2369
1703 2369
4708 2369
383 2369
2084 2369
3752 2369
5812 2369
4339 2370
1414 2370
5240 2370
6474 2370
6729 2370
1849 2370
5515 2370
8100 2370
5992 2370
8161 2370
7547 2370
257 2370
2790 2370
6932 2370
2047 2370
8249 2370
1728 2370
6768 2371
8257 2371
7734 2371
8171 2371
8165 2371
1514 2371
7065 2371
6702 2371
1344 2371
4097 2371
3254 2371
1562 2371
7183 2371
4029 2371
5986 2372
1787 2372
2054 2372
6962 2372
2030 2372
1035 2372
2283 2372
7920 2372
4666 2372
3293 2372
4900 2372
1757 2372
1032 2372
3797 2372
17 2372
7397 2373
5447 2373
4467 2373
8046 2373
5169 2373
4329 2373
7022 2373
6592 2373
3188 2373
8067 2373
2783 2373
7251 2373
2389 2373
3679 2373
7342 2373
2723 2373
4101 2373
5983 2373
2701 2373
3201 2373
2237 2374
6179 2374
3523 2374
6326 2374
1881 2374
8176 2374
2641 2374
6578 2374
2507 2374
4794 2374
519 2374
347 2374
2186 2374
3595 2375
2321 2375
3747 2375
7142 2375
5327 2375
8095 2375
5358 2375
4225 2375
3735 2375
3012 2375
903 2375
6964 2376
5140 2376
3126 2376
247 2376
4216 2376
6495 2376
283 2376
5801 2376
6506 2376
8253 2376
5478 2376
2960 2376
4639 2376
3877 2376
3263 2376
7932 2376
5806 2376
2276 2376
1752 2377
3245 2377
6547 2377
4097 2377
5300 2377
1538 2377
8125 2377
5900 2377
5117 2377
5078 2377
1694 2377
6516 2377
6982 2377
1447 2377
1442 2377
6179 2377
8262 2377
1686 2377
2201 2377
525 2378
1310 2378
4808 2378
2659 2378
1162 2378
5972 2378
5751 2378
2201 2378
8030 2378
4617 2379
3240 2379
7678 2379
750 2379
4206 2379
614 2379
1479 2379
7691 2379
3174 2379
592 2379
4052 2379
4976 2379
1763 2379
5687 2379
4220 2379
5923 2379
7564 2379
4112 2379
2298 2379
5959 2379
2130 2379
6797 2379
1851 2379
6802 2379
2792 2379
137 2380
5795 2380
3172 2380
2661 2380
6273 2380
2160 2380
6382 2380
2271 2380
6741 2380
7824 2380
5560 2380
292 2380
6644 2381
4112 2381
6746 2381
5744 2381
7388 2381
6511 2381
7737 2381
3101 2381
3605 2381
2619 2381
267 2381
3183 2381
4167 2381
7895 2381
8024 2381
1432 2382
8206 2382
7164 2382
6696 2382
2572 2382
2481 2382
57 2382
2162 2382
4783 2382
7293 2382
2502 2382
4851 2382
2271 2382
3070 2382
2237 2382
2206 2382
559 2382
1341 2383
6866 2383
3991 2383
1443 2383
8168 2383
7618 2383
8208 2383
921 2383
1310 2383
1293 2383
1464 2383
6646 2383
2749 2383
7792 2383
7541 2383
2034 2383
8240 2383
1093 2383
2870 2384
5008 2384
6430 2384
71 2384
3416 2384
734 2384
1200 2384
2550 2384
2952 2384
1811 2384
6699 2384
4631 2384
5419 2384
5745 2384
198 2385
199 2385
7957 2385
5586 2385
6217 2385
4013 2385
7468 2385
7556 2385
7390 2385
2913 2385
4079 2385
3242 2385
601 2385
7959 2385
7920 2385
5718 2385
3137 2385
1750 2385
6369 2386
3468 2386
1610 2386
3635 2386
4235 2386
1811 2386
4546 2386
2391 2386
4434 2386
1481 2386
2160 2386
8005 2386
7962 2386
6893 2386
5236 2386
480 2386
5535 2386
2456 2386
7532 2386
2162 2387
4918 2387
3876 2387
4706 2387
2776 2387
7241 2387
967 2387
3859 2387
3871 2387
3270 2387
4109 2387
2565 2387
5265 2387
1600 2387
88 2387
4290 2387
2802 2387
1535 2387
4701 2387
5108 2387
276 2388
5423 2388
4698 2388
8176 2388
4989 2388
7236 2388
5177 2388
316 2388
4938 2388
829 2388
2242 2388
4578 2388
7066 2389
1260 2389
374 2389
3275 2389
5320 2389
6864 2389
1301 2389
6248 2389
1078 2389
3692 2389
7543 2389
6280 2389
7378 2389
5572 2389
1822 2389
4684 2389
617 2389
8259 2389
3483 2390
7815 2390
8006 2390
2696 2390
6852 2390
566 2390
1372 2390
5752 2390
6572 2390
72 2390
6798 2390
4637 2390
5022 2390
1599 2390
1779 2390
6877 2390
825 2391
6217 2391
6459 2391
1434 2391
2397 2391
2183 2391
478 2391
316 2391
5688 2391
3235 2391
2034 2391
4586 2391
2522 2391
3851 2391
970 2391
1995 2391
7 2391
6134 2391
2584 2391
4638 2391
5454 2391
4931 2392
3499 2392
3827 2392
9 2392
908 2392
3768 2392
4076 2392
6485 2392
2234 2392
2201 2392
5704 2392
1917 2392
4795 2392
3787 2392
1300 2392
1894 2392
4465 2392
7213 2392
2195 2392
561 2393
4710 2393
2912 2393
4872 2393
7837 2393
1915 2393
2994 2393
1140 2393
2419 2393
4467 2393
4663 2393
7466 2393
3609 2393
3261 2393
4658 2393
4839 2393
6025 2393
6808 2394
4037 2394
2477 2394
3642 2394
7147 2394
5263 2394
5641 2394
795 2394
3552 2394
4478 2394
7624 2394
4013 2394
6227 2394
3691 2394
3547 2394
222 2394
7845 2394
5878 2395
7160 2395
4031 2395
7904 2395
5294 2395
5151 2395
4072 2395
6912 2395
4180 2395
1653 2395
2669 2395
146 2395
2244 2395
5647 2395
6538 2395
3380 2395
6831 2395
5100 2395
891 2396
7741 2396
2048 2396
5897 2396
1338 2396
5536 2396
7693 2396
2638 2396
4331 2396
7535 2396
2795 2396
5614 2397
3560 2397
166 2397
5804 2397
1698 2397
976 2397
6382 2397
208 2397
2942 2397
1080 2397
1964 2397
5895 2397
365 2397
5434 2397
4380 2397
3488 2397
498 2397
5914 2397
1336 2398
3287 2398
3229 2398
6535 2398
5058 2398
1631 2398
3833 2398
7664 2398
7183 2398
3127 2398
2222 2398
7703 2398
3288 2398
7535 2398
690 2398
1678 2398
5387 2398
4625 2398
4660 2398
6905 2399
6919 2399
5010 2399
426 2399
2281 2399
8180 2399
1046 2399
5907 2399
7155 2399
2043 2399
3036 2399
2595 2399
7352 2399
179 2399
1075 2399
2679 2399
7428 2399
7158 2399
2577 2399
2957 2400
1995 2400
3342 2400
5597 2400
6416 2400
6181 2400
7436 2400
1353 2400
3824 2400
3551 2400
4981 2400
4813 2400
834 2400
8025 2400
4271 2401
369 2401
4178 2401
3016 2401
6738 2401
882 2401
1819 2401
7944 2401
378 2401
6669 2401
3814 2401
7725 2401
4603 2401
781 2402
8162 2402
2314 2402
3141 2402
42 2402
7648 2402
5719 2402
7 2402
5641 2402
6449 2402
768 2402
1797 2402
2479 2402
7927 2402
168 2402
2949 2402
5842 2403
1206 2403
7046 2403
2387 2403
4975 2403
6862 2403
7506 2403
6277 2403
7061 2403
5964 2403
7197 2403
4488 2404
4751 2404
5742 2404
344 2404
1641 2404
405 2404
2077 2404
4045 2404
5772 2404
6320 2404
749 2404
6587 2404
2665 2404
900 2404
2577 2404
4036 2404
1790 2404
6193 2404
511 2405
2414 2405
6467 2405
5811 2405
4850 2405
4919 2405
4079 2405
7571 2405
6567 2406
2967 2406
1783 2406
2977 2406
3054 2406
675 2406
6739 2406
3638 2406
2113 2406
2817 2406
6740 2406
6416 2406
1347 2406
4512 2406
6417 2407
3153 2407
3352 2407
4669 2407
2233 2407
5658 2407
7553 2407
6856 2407
3997 2407
4176 2407
5039 2407
7348 2407
5572 2407
920 2407
3220 2407
6389 2407
3269 2407
5253 2407
6175 2407
7121 2407
1308 2408
1900 2408
5923 2408
2207 2408
8110 2408
4521 2408
1949 2408
2104 2408
4744 2408
7618 2408
4751 2408
2210 2408
5509 2408
646 2408
5073 2408
5792 2409
7654 2409
7081 2409
2242 2409
6312 2409
6814 2409
271 2409
6536 2409
2967 2409
3169 2409
2845 2409
2816 2409
5489 2409
2791 2409
5946 2409
6739 2409
8201 2409
6429 2409
7478 2409
4573 2409
4531 2409
6844 2409
2960 2410
4665 2410
204 2410
5448 2410
4738 2410
5527 2410
6712 2410
6717 2410
6606 2410
212 2410
2205 2410
820 2410
4821 2410
3742 2410
1806 2410
6971 2410
2386 2410
2988 2410
913 2410
4556 2410
6275 2411
7349 2411
2375 2411
1118 2411
8106 2411
4364 2411
2040 2411
3460 2411
6708 2411
5925 2411
424 2411
5319 2411
1811 2411
757 2411
1766 2411
4263 2411
7247 2411
1654 2412
3668 2412
2867 2412
4364 2412
4889 2412
7815 2412
5143 2412
4514 2412
1447 2412
5348 2412
829 2412
2436 2412
8090 2412
7716 2412
5036 2412
5005 2412
5193 2413
2811 2413
7059 2413
2475 2413
4217 2413
568 2413
7611 2413
971 2413
1717 2413
4109 2413
8289 2413
4959 2413
5688 2413
6954 2414
7120 2414
8253 2414
5428 2414
7447 2414
4553 2414
4783 2414
8120 2414
6472 2414
63 2414
794 2414
7286 2414
4976 2415
1130 2415
6022 2415
1669 2415
6077 2415
1976 2415
2634 2415
769 2415
593 2415
3670 2415
4331 2415
5156 2415
3270 2415
982 2415
1897 2415
4283 2415
4775 2416
6459 2416
4586 2416
2419 2416
3512 2416
7229 2416
4892 2416
277 2416
6573 2416
2354 2416
62 2416
6531 2416
7079 2416
6193 2416
3843 2416
1364 2416
4872 2416
2199 2416
2133 2416
6144 2416
3054 2417
2471 2417
6931 2417
417 2417
1742 2417
3590 2417
6814 2417
51 2417
7714 2417
2514 2417
3273 2417
6 2417
3172 2417
3988 2417
1057 2417
7664 2417
5394 2417
7690 2417
1429 2418
1734 2418
3709 2418
1806 2418
3898 2418
5321 2418
5689 2418
340 2418
5910 2418
190 2418
1816 2418
5028 2418
3742 2418
3242 2418
601 2419
7716 2419
7329 2419
5940 2419
5018 2419
3839 2419
6795 2419
1719 2419
1839 2419
1284 2420
6460 2420
7883 2420
4153 2420
846 2420
6383 2420
3401 2420
52 2420
3193 2420
1322 2420
442 2420
806 2420
3845 2420
100 2420
3331 2420
3704 2420
4780 2420
3222 2421
2830 2421
3697 2421
1854 2421
2706 2421
290 2421
3200 2421
1096 2421
4746 2421
3790 2421
122 2421
5176 2421
556 2421
8240 2421
5327 2422
3106 2422
898 2422
1349 2422
4776 2422
5614 2422
4030 2422
7850 2422
1877 2422
5173 2422
1923 2422
2390 2422
4228 2422
7932 2422
2642 2423
5712 2423
5421 2423
3705 2423
120 2423
1965 2423
5697 2423
1683 2423
4452 2423
6017 2423
3988 2423
6537 2423
3568 2423
5721 2423
8152 2423
6209 2423
5420 2423
309 2423
6055 2423
5113 2424
5148 2424
3366 2424
3421 2424
4778 2424
1009 2424
2240 2424
5245 2424
6211 2424
172 2424
4846 2424
269 2424
581 2424
593 2424
2037 2424
5117 2424
5867 2425
163 2425
3075 2425
7535 2425
6801 2425
30 2425
6056 2425
4315 2425
1187 2425
1947 2425
1192 2425
1572 2425
2920 2425
2489 2425
980 2425
6588 2425
7127 2426
4972 2426
5342 2426
30 2426
1171 2426
3560 2426
1742 2426
2302 2426
3525 2426
6796 2426
6668 2427
5647 2427
1871 2427
361 2427
5152 2427
1254 2427
4514 2427
487 2427
1719 2427
5882 2427
7562 2427
1684 2427
1551 2427
4741 2427
2810 2427
3254 2428
2513 2428
7116 2428
1362 2428
7009 2428
5133 2428
4334 2428
6271 2428
2111 2428
6226 2428
1885 2428
3027 2428
1057 2429
2985 2429
6255 2429
6714 2429
4452 2429
457 2429
846 2429
6421 2429
2579 2429
6910 2429
7613 2429
1656 2429
8067 2430
1835 2430
6466 2430
7776 2430
2427 2430
391 2430
8089 2430
1766 2430
1483 2430
3988 2430
771 2430
6227 2430
7190 2430
4079 2430
3968 2431
129 2431
5279 2431
7391 2431
3295 2431
3316 2431
5097 2431
3522 2431
6479 2431
4883 2431
3038 2431
34 2431
3113 2431
1289 2431
4710 2431
7562 2431
5743 2431
7270 2431
163 2431
2066 2431
7877 2431
3168 2431
7482 2431
1956 2431
3534 2431
3745 2431
7599 2431
4540 2432
2448 2432
6767 2432
671 2432
7383 2432
7862 2432
2423 2432
4468 2432
5143 2432
4710 2432
7469 2432
7722 2432
2851 2432
2508 2432
8173 2432
7564 2432
2247 2432
6186 2432
4701 2432
3824 2433
4155 2433
1668 2433
1589 2433
7521 2433
5199 2433
7703 2433
6746 2433
6285 2433
824 2433
5319 2433
3758 2433
6098 2433
783 2433
1844 2433
3867 2433
140 2434
3261 2434
5516 2434
4101 2434
5738 2434
4710 2434
7507 2434
64 2434
502 2434
391 2434
8017 2434
6778 2434
2196 2434
1952 2434
1850 2434
1778 2434
5652 2434
5443 2435
5739 2435
7512 2435
7692 2435
8133 2435
7362 2435
3445 2435
1849 2435
1575 2435
2787 2435
2186 2435
3750 2435
4271 2435
6529 2435
6126 2435
349 2435
2584 2435
230 2435
6475 2436
5199 2436
3080 2436
452 2436
1641 2436
4384 2436
6477 2436
2626 2436
1187 2436
4290 2436
5473 2436
8286 2436
1296 2436
5538 2436
3982 2436
1455 2436
2874 2436
6026 2436
4836 2436
2592 2436
2628 2436
5692 2436
4308 2437
2437 2437
6594 2437
5379 2437
4734 2437
4458 2437
3646 2437
7651 2437
3998 2437
4286 2437
3400 2437
1487 2437
7551 2437
28 2437
232 2438
4726 2438
4042 2438
7056 2438
4773 2438
4131 2438
2832 2438
2514 2438
4404 2438
6588 2438
1323 2438
4319 2438
1920 2438
6406 2438
6468 2438
4675 2438
3170 2438
602 2439
6065 2439
3843 2439
1518 2439
5532 2439
3960 2439
3157 2439
6435 2439
6128 2439
6607 2439
5213 2439
2565 2439
2401 2439
3250 2439
512 2439
3037 2439
1238 2439
4738 2439
2050 2440
1240 2440
5815 2440
478 2440
4151 2440
1923 2440
5732 2440
4518 2440
4467 2440
5951 2440
6193 2440
2398 2440
5399 2440
6444 2440
2153 2440
5944 2440
8173 2440
3684 2440
2108 2440
2355 2441
8110 2441
2594 2441
425 2441
748 2441
8239 2441
204 2441
1464 2441
4244 2441
499 2441
4572 2441
3364 2441
6971 2441
4224 2441
4589 2441
3523 2441
6936 2441
5433 2441
4453 2441
3883 2441
6326 2441
4472 2441
3931 2441
3454 2442
2940 2442
2697 2442
5193 2442
3209 2442
635 2442
311 2442
2180 2442
7787 2442
2865 2442
1275 2442
1663 2442
984 2442
1081 2442
4626 2442
8237 2442
757 2442
762 2442
5443 2442
40 2442
2986 2443
6305 2443
7371 2443
8087 2443
1842 2443
4076 2443
3622 2443
680 2443
4973 2443
8174 2443
4080 2443
3295 2443
2829 2443
2265 2443
7347 2443
2480 2443
722 2443
2443 2443
1686 2443
4110 2443
2490 2443
2342 2443
839 2443
971 2444
7260 2444
5824 2444
1669 2444
1521 2444
774 2444
4314 2444
645 2444
51 2444
6715 2444
444 2444
7374 2444
5294 2444
6406 2444
3088 2444
6403 2444
7020 2444
6592 2444
5389 2444
6059 2444
3015 2445
417 2445
2233 2445
5432 2445
1752 2445
427 2445
4591 2445
1461 2445
7599 2445
3675 2445
8133 2445
4184 2445
3630 2445
3964 2445
3934 2445
3687 2445
8142 2445
4766 2445
1940 2445
5946 2445
7674 2445
3913 2445
4244 2445
1221 2445
6188 2446
1136 2446
942 2446
533 2446
8135 2446
6201 2446
5224 2446
1784 2446
6536 2446
5565 2446
3998 2446
837 2446
3304 2446
2342 2446
1379 2446
6761 2446
8219 2446
1374 2446
768 2446
5545 2446
1203 2446
5126 2446
4749 2446
133 2446
268 2446
2666 2446
8101 2446
730 2446
6213 2446
300 2447
6425 2447
6235 2447
5739 2447
2802 2447
6606 2447
2356 2447
2813 2447
6224 2447
2872 2447
2217 2447
4811 2447
6951 2447
2126 2447
3330 2447
1561 2447
7236 2447
1074 2447
4901 2447
7967 2447
6696 2447
174 2448
2315 2448
1209 2448
685 2448
7867 2448
5108 2448
2115 2448
1148 2448
4931 2448
4014 2448
7582 2448
4731 2448
3850 2448
1540 2448
5910 2448
5683 2448
7359 2448
8259 2448
7668 2448
7386 2448
6453 2448
4319 2448
1885 2449
1689 2449
5121 2449
2245 2449
1074 2449
5225 2449
4203 2449
4836 2449
6371 2449
1124 2449
1128 2449
2477 2449
5375 2449
7887 2449
3636 2449
8259 2449
4608 2449
1382 2449
2913 2449
7391 2450
1307 2450
7617 2450
7418 2450
3784 2450
5347 2450
3522 2450
2165 2450
7768 2450
2661 2450
3445 2450
2290 2450
640 2450
1729 2450
5712 2450
7603 2451
2401 2451
4645 2451
3488 2451
5127 2451
1438 2451
6812 2451
5110 2451
2166 2451
8 2451
3539 2451
3383 2451
7439 2451
1953 2451
3761 2451
310 2451
5756 2452
919 2452
154 2452
3157 2452
4059 2452
2585 2452
5068 2452
6774 2452
1260 2452
8244 2452
1871 2452
7231 2452
3873 2452
3913 2452
6708 2452
483 2452
3964 2452
1669 2452
2463 2452
5113 2452
7135 2452
3251 2452
4105 2453
3697 2453
4973 2453
5166 2453
2680 2453
756 2453
641 2453
5978 2453
3669 2453
2290 2453
2728 2453
1227 2453
6800 2453
4212 2453
6035 2453
671 2453
6056 2453
1742 2453
3012 2453
7460 2453
6279 2453
7977 2453
3292 2453
1174 2453
7891 2454
5626 2454
3699 2454
5624 2454
61 2454
7391 2454
1177 2454
4374 2454
71 2454
3728 2454
5367 2454
2019 2454
3324 2454
6435 2454
4807 2454
4324 2454
6866 2454
1550 2454
7394 2454
1412 2454
1599 2455
5536 2455
5682 2455
4197 2455
7029 2455
7936 2455
6257 2455
3307 2455
8125 2455
136 2455
6060 2455
7246 2455
749 2456
5563 2456
8203 2456
3214 2456
2926 2456
5174 2456
8125 2456
4467 2456
2646 2456
6570 2456
7749 2456
8026 2456
5388 2456
1641 2456
6363 2456
617 2456
6916 2456
1796 2456
690 2456
1754 2456
5583 2457
7769 2457
2450 2457
2736 2457
7925 2457
125 2457
3254 2457
7789 2457
1814 2457
4879 2457
5274 2457
5436 2457
4429 2457
3806 2457
3487 2457
1821 2457
3414 2457
6595 2457
4909 2458
6440 2458
4047 2458
3473 2458
6304 2458
1747 2458
4077 2458
6861 2458
6864 2458
1322 2458
3603 2458
140 2458
4022 2458
826 2458
4807 2458
1917 2458
5801 2458
5100 2458
5093 2458
3828 2459
3074 2459
8025 2459
88 2459
7398 2459
4916 2459
4299 2459
152 2459
4491 2459
6274 2459
2973 2459
6709 2459
789 2459
1301 2459
5619 2459
4544 2459
600 2460
1749 2460
6327 2460
7332 2460
3640 2460
4657 2460
5750 2460
3455 2460
7119 2460
2332 2460
4450 2460
4530 2460
7457 2460
1704 2460
6867 2460
1361 2461
8028 2461
7898 2461
740 2461
682 2461
2778 2461
2197 2461
815 2461
8219 2461
8239 2461
347 2461
1880 2461
4900 2461
3858 2461
3760 2461
8173 2461
7719 2461
5564 2461
7769 2461
296 2461
815 2462
2419 2462
7158 2462
2520 2462
6357 2462
8005 2462
6567 2462
1727 2462
4451 2462
7387 2462
489 2462
1220 2462
6317 2462
4903 2462
8290 2462
1674 2462
2108 2462
4456 2463
6000 2463
6789 2463
2962 2463
7518 2463
5390 2463
7600 2463
7386 2463
5168 2463
7030 2463
3182 2463
4642 2463
1074 2463
2952 2463
5684 2463
759 2463
838 2463
1340 2464
2464 2464
6232 2464
1449 2464
7147 2464
7497 2464
7521 2464
7878 2464
3850 2464
8261 2464
3790 2464
7494 2464
3397 2464
4403 2464
3263 2464
2673 2464
5976 2464
6461 2464
6080 2464
3908 2464
2874 2464
5254 2465
3339 2465
3669 2465
4909 2465
3859 2465
3960 2465
7045 2465
5276 2465
6932 2465
2231 2465
846 2465
6743 2465
164 2465
7366 2465
7136 2465
392 2465
5112 2465
6470 2465
2815 2465
1873 2466
7607 2466
2828 2466
2358 2466
6261 2466
4978 2466
1572 2466
2417 2466
4563 2466
7958 2466
529 2466
4654 2467
6098 2467
2760 2467
5139 2467
7286 2467
6616 2467
7013 2467
5743 2467
4737 2467
2706 2467
4835 2467
6333 2467
3763 2467
1562 2467
5238 2467
3251 2467
5475 2467
