7220 250
7461 250
2479 250
3339 250
7044 250
7160 250
2847 251
7733 251
5708 251
251 251
8105 251
5421 251
5334 251
2140 251
7481 251
4977 251
8073 251
7743 251
4071 251
5775 251
6288 251
2279 251
1005 251
1802 251
6924 251
4641 251
69 251
2788 251
5212 252
2370 252
4121 252
2299 252
1425 252
6099 252
5217 252
8266 252
6679 252
4317 252
7320 252
6837 252
1594 252
1161 252
3380 252
6175 252
7494 252
3306 253
512 253
2647 253
1956 253
4798 253
6 253
82 253
1906 253
2795 253
6276 253
3971 253
4357 253
4138 253
4331 253
5473 253
2131 253
6874 253
7052 253
8155 253
7038 254
7598 254
3305 254
2490 254
4622 254
7215 254
2937 254
416 255
3401 255
4516 255
534 255
2160 255
7105 255
1058 255
494 255
5276 255
5045 255
7373 255
2078 255
5602 255
7349 255
5049 255
340 255
1378 255
205 255
170 255
5444 255
5900 255
4846 255
7243 255
1245 255
5872 255
6905 256
1940 256
579 256
1551 256
6844 256
6437 256
3233 256
2239 256
457 256
1156 256
5278 256
6285 256
6685 256
7516 256
4772 256
395 256
3580 257
4440 257
3725 257
1445 257
7287 257
3837 257
7300 257
3809 257
7205 257
4099 257
51 257
2865 257
2070 257
2957 257
6658 257
1052 257
2832 257
3645 257
1461 257
7718 258
2178 258
7004 258
3464 258
3135 258
4024 258
144 258
6511 258
6862 258
4569 258
1478 258
5892 258
5944 258
692 258
2040 259
259 259
4626 259
7940 259
1243 259
6996 259
7682 259
7000 259
2773 259
5238 259
8230 259
4191 259
8013 259
8025 259
5801 259
4745 259
260 260
5690 260
7381 260
61 260
4386 260
5826 260
4837 260
7894 260
7258 260
3105 260
7605 260
4865 260
3972 260
7862 260
5242 260
1932 260
5319 260
1937 260
4575 260
4199 260
3601 260
2641 261
6261 261
804 261
352 261
983 261
2169 261
1918 261
895 261
3891 261
6923 261
2929 261
2173 261
7008 261
1135 261
6625 261
6954 261
628 261
6493 261
7311 262
395 262
1762 262
2577 262
8116 262
2781 262
4090 262
6447 262
1264 262
4478 262
2833 262
2012 262
7314 262
1463 262
3717 262
2268 262
6592 262
6633 262
4395 262
6347 262
2803 262
7895 263
2163 263
2130 263
2240 263
3174 263
1518 263
602 263
5473 263
7468 263
2967 263
3338 263
4812 263
2864 263
6003 263
3644 263
2477 263
6466 263
2081 263
1620 264
3614 264
2792 264
3280 264
6496 264
179 264
1808 264
1263 264
6808 264
525 264
7909 264
2772 264
202 264
3656 264
4141 264
4379 264
981 264
6887 264
3270 264
549 264
1080 264
5282 265
2376 265
7632 265
2774 265
3292 265
199 265
2127 265
5825 265
6510 265
4404 265
84 265
3824 265
6775 265
6976 265
4327 265
990 266
377 266
4813 266
3124 266
7733 266
1537 266
8025 266
8239 266
4860 266
4185 266
7675 266
7019 266
4122 266
5755 266
690 266
2271 266
3617 266
6601 266
7243 267
6516 267
1720 267
1675 267
3188 267
7754 267
6240 267
913 267
3431 267
6100 267
5795 267
1095 267
3646 267
4112 267
2795 267
1935 267
4425 267
1871 267
6540 267
2494 267
6286 267
5514 267
440 268
8197 268
4356 268
3314 268
6912 268
5597 268
4071 268
2775 268
221 268
7137 268
6970 268
5262 268
7073 268
6794 268
6686 268
5253 269
5309 269
5399 269
6081 269
2815 269
4031 269
223 269
4174 269
588 269
7670 269
1855 269
3513 269
8073 269
465 269
3560 269
8106 269
5695 270
4369 270
168 270
5412 270
6732 270
7075 270
3314 270
448 270
2165 270
6461 270
8175 270
4415 270
5925 270
4603 271
5418 271
3148 271
1927 271
2729 271
4109 271
3391 271
6591 271
447 271
7946 272
2180 272
6431 272
5065 272
7610 272
6662 272
3878 272
6537 272
585 272
2792 272
2414 272
865 273
377 273
3474 273
6085 273
6285 273
3211 273
4022 273
7738 273
4153 273
5758 273
6867 273
23 273
878 273
4815 273
6628 273
786 273
6937 273
790 273
2746 273
4076 273
6916 273
2963 274
3424 274
3939 274
7595 274
7491 274
1923 274
816 274
7852 274
2822 274
2225 274
705 275
319 275
2733 275
2950 275
2741 275
6767 275
2122 275
6428 275
2212 275
5157 275
5569 275
6687 275
6992 275
910 275
3063 275
2468 276
1770 276
5330 276
8065 276
1641 276
2303 276
703 276
4526 276
4494 276
3127 276
1136 276
4158 276
891 276
5659 276
1540 277
7820 277
7517 277
308 277
7898 277
4077 277
6985 277
4220 277
6145 277
4591 277
8177 277
3309 277
3077 277
4537 277
2692 277
6620 277
5297 278
999 278
3714 278
7852 278
4871 278
6714 278
3946 278
5279 278
2769 279
7227 279
3580 279
6612 279
5286 279
3088 279
8027 279
4859 279
8254 279
7820 279
5487 279
1188 279
7450 279
6993 279
1910 279
425 279
782 279
247 279
7418 279
7076 279
2531 279
5598 279
7201 279
3985 279
2123 280
1571 280
3859 280
82 280
1859 280
5044 280
1205 280
5699 280
7103 280
7972 280
1005 280
1790 280
742 280
1964 280
2864 280
1442 281
1909 281
1885 281
7997 281
2587 281
2931 281
7753 281
2934 281
4705 281
1497 281
529 281
6716 281
5483 281
7818 281
5329 281
7323 281
5444 282
5347 282
5776 282
44 282
690 282
6693 282
7496 282
3872 282
1307 282
1828 282
2165 282
1254 282
7050 282
7491 282
6163 282
4429 282
708 282
6341 282
5093 282
3183 282
6743 283
4622 283
5371 283
7624 283
4620 283
3092 283
1420 283
532 283
6769 283
2977 283
4715 283
2658 283
24 284
2549 284
3346 284
5923 284
987 284
1902 284
49 284
305 284
3946 284
5027 284
3481 284
369 284
5866 284
5705 284
4262 284
4498 285
824 285
3596 285
3486 285
970 285
2228 285
467 285
6994 285
5935 285
933 285
1381 285
4313 285
118 285
5327 285
5435 285
682 285
6809 285
2981 286
4537 286
2831 286
2163 286
2291 286
5733 286
1166 286
2250 286
4035 286
7720 286
295 286
783 286
1268 286
4536 286
4554 286
1764 286
5120 286
7540 286
4998 286
5481 286
7390 286
3674 286
7085 286
7056 286
7628 286
2564 287
3898 287
5575 287
4008 287
5714 287
485 287
4251 287
7999 287
6701 287
3863 287
6441 287
376 287
4352 287
8129 287
381 287
6305 287
5535 287
759 287
5560 287
7132 287
8203 287
4041 288
4416 288
6250 288
7605 288
1653 288
5678 288
7148 288
4139 288
3631 288
5910 288
1149 288
2934 288
6547 288
5565 288
3721 288
4912 288
6888 288
3312 289
5838 289
280 289
5248 289
3552 289
4621 289
897 289
6600 289
3182 289
8221 289
1974 289
5100 289
4582 289
7514 289
3847 289
804 289
2817 289
4930 289
8265 290
2962 290
7606 290
1760 290
4572 290
4653 290
6465 290
1307 290
4812 290
408 290
78 290
6706 290
2990 290
8030 290
1784 290
4086 290
2360 290
2976 291
6659 291
2128 291
5744 291
4080 291
2113 291
1009 291
7401 291
6817 291
7378 291
3320 291
3148 291
7543 291
7469 291
4714 291
5509 291
5482 292
7554 292
5701 292
7916 292
3948 292
190 292
2163 292
60 292
378 292
2979 292
5349 292
6302 292
1939 292
1147 292
321 292
1769 292
2417 292
4120 292
3468 292
893 292
3711 293
363 293
1673 293
1994 293
5443 293
3507 293
1058 293
5371 293
346 293
3451 293
7443 293
2164 293
7227 293
3636 293
462 293
5772 293
4943 293
5237 293
2362 293
7342 294
6524 294
4206 294
1179 294
586 294
3772 294
8124 294
2988 294
165 294
4029 294
1727 294
1957 294
7327 294
5722 294
5853 294
737 294
5685 295
42 295
8034 295
1217 295
3311 295
5955 295
4232 295
5406 295
3718 295
4107 295
6580 295
966 295
8271 295
5758 295
4981 295
6292 295
1844 295
8088 296
6748 296
6738 296
323 296
4949 296
2445 296
4512 296
3005 296
5583 296
4476 296
7927 296
594 296
4877 296
1999 296
3880 296
59 296
5155 296
6420 296
297 297
1223 297
2441 297
5625 297
5523 297
3400 297
6364 297
7370 297
79 297
4059 297
2732 297
4184 297
3310 297
6225 297
8217 297
878 297
4290 297
5272 297
264 298
3431 298
2415 298
1895 298
3809 298
794 298
1835 298
115 298
3497 298
5801 298
2892 298
7437 298
6350 299
3964 299
152 299
5070 299
3496 299
4036 299
7622 299
3218 299
249 299
5733 299
6136 299
410 299
6570 299
7022 299
6186 300
8011 300
734 300
3798 300
522 300
439 300
7544 300
6266 300
7094 300
1407 300
6067 300
2072 300
6180 301
398 301
5282 301
4045 301
893 301
1535 301
4203 301
2225 301
785 301
3072 301
5258 301
4041 301
6807 301
1341 301
6465 301
5493 301
6433 301
4491 302
2754 302
668 302
5768 302
3684 302
4386 302
4900 302
1523 302
2125 302
7004 302
4070 302
6864 302
1808 302
1169 302
3827 302
1923 302
5035 302
3086 302
4596 303
5867 303
1162 303
122 303
398 303
2324 303
4061 303
2110 303
2397 303
1731 303
4569 303
2055 303
5983 303
8134 303
7847 304
4562 304
1478 304
8024 304
7573 304
1341 304
6932 304
764 304
6775 304
1162 304
6592 304
712 304
2817 304
2734 304
141 304
8271 305
2450 305
7242 305
8053 305
4193 305
1535 305
7000 305
5699 305
103 305
5193 305
2508 305
1297 305
7638 305
5644 305
7227 305
3925 305
1046 305
5565 305
2577 306
8029 306
440 306
1538 306
5212 306
6929 306
6446 306
2731 306
3174 306
314 306
1810 306
1594 306
4458 306
6923 306
4209 306
4451 306
6472 306
8077 306
3971 306
7969 307
198 307
4238 307
4441 307
212 307
2281 307
4871 307
1428 307
896 307
2762 307
5255 307
5619 307
5190 307
7481 308
4701 308
5447 308
4313 308
3525 308
3102 308
5955 308
4315 308
2301 308
6618 308
5463 308
6230 308
1665 308
6495 308
7854 308
5365 308
4209 308
4438 308
3165 309
6464 309
792 309
3847 309
797 309
7928 309
8053 309
3946 309
6749 309
7330 309
4706 309
5332 309
4525 310
3602 310
1214 310
422 310
7970 310
7447 310
6286 310
2982 310
1201 310
1674 310
8008 310
904 310
7252 310
3772 310
3445 311
3639 311
6929 311
1129 311
30 311
2655 311
6737 311
2937 311
3674 311
7192 311
6555 311
6188 311
312 312
5135 312
5125 312
7056 312
5282 312
6080 312
7571 312
6600 312
14 312
8067 312
3364 312
7928 312
5501 312
7768 312
5923 313
3250 313
7970 313
6026 313
5365 313
4072 313
2862 313
1680 313
7073 313
2915 313
3786 313
3028 313
7170 313
3117 313
4908 313
5139 313
8157 313
820 314
1463 314
2281 314
3954 314
6493 314
145 314
6304 314
1856 314
258 314
3977 314
1263 314
3554 314
7639 314
3870 314
5836 314
4014 314
5927 314
4194 314
7551 315
1000 315
878 315
4943 315
3329 315
4622 315
2287 315
3244 315
5656 316
2548 316
1832 316
1652 316
4545 316
3635 316
7378 316
7774 316
7607 316
4145 316
1542 316
5358 316
6712 317
8177 317
6068 317
4903 317
4758 317
5792 317
8079 317
7625 317
2908 317
782 317
2646 317
4181 317
2697 317
3029 317
7652 318
2331 318
5387 318
7571 318
5246 318
8196 318
383 318
6294 318
6239 318
3445 318
4930 318
751 318
7904 318
1989 318
7591 319
667 319
6150 319
3710 319
518 319
6980 319
3964 319
1569 319
1684 319
3781 319
8009 319
1695 319
2274 319
3059 319
4645 319
2800 319
6837 320
3872 320
4179 320
7478 320
2209 320
4172 320
197 320
3639 320
7209 320
7418 320
3834 320
2682 320
6414 320
7675 320
2691 320
5637 320
1135 320
6968 320
4317 320
289 321
1995 321
4798 321
4174 321
7975 321
744 321
6067 321
2692 321
1096 321
2786 321
4466 321
6688 321
3713 321
2387 322
1780 322
604 322
4890 322
6254 322
7331 322
2770 322
889 322
2334 322
1060 322
1841 322
536 322
4355 322
4595 322
7692 323
7220 323
1610 323
4795 323
4491 323
1304 323
621 323
5885 323
5973 323
1990 323
8183 323
1074 323
3117 323
8011 323
656 323
306 323
7680 323
1390 323
7678 323
7787 323
7021 323
2604 323
3354 323
5273 323
447 323
852 323
7133 323
324 324
1269 324
3783 324
3130 324
2835 324
7617 324
6077 324
30 324
6317 324
681 324
927 324
4837 324
7720 324
8263 324
3127 324
4491 324
7997 324
202 324
4907 324
456 324
2592 324
5365 324
3209 325
1373 325
3176 325
5716 325
2057 325
4640 325
1839 325
1690 325
6100 325
5341 325
4723 325
2509 325
2650 325
1219 325
5487 325
950 326
1088 326
7086 326
3797 326
1455 326
2263 326
2672 326
1096 326
6565 326
6840 326
6810 326
4213 326
3134 326
4654 326
32 326
7976 326
507 327
3207 327
4380 327
6680 327
232 327
4265 327
2228 327
5321 327
2851 327
8240 327
6180 327
4919 327
7539 327
1578 327
2100 327
6437 327
4206 327
6391 327
7763 327
4363 328
6701 328
4514 328
5386 328
5503 328
7073 328
4104 328
7597 328
8289 328
6723 328
7678 328
4675 328
5735 328
7981 329
3307 329
275 329
5257 329
2858 329
4569 329
708 329
2862 329
2122 329
3572 329
330 330
2365 330
2202 330
1250 330
5666 330
1257 330
527 330
2072 330
6637 330
7155 330
3745 330
1880 330
1960 330
452 330
1839 330
165 330
1391 330
4141 330
5523 330
1908 330
3929 330
6080 331
2513 331
4673 331
4478 331
4795 331
6414 331
6520 331
2808 331
7600 331
4238 331
4272 331
6121 331
3608 331
4983 331
4176 331
1136 331
550 332
289 332
3771 332
3845 332
3702 332
499 332
6266 332
6881 332
1213 332
6240 332
5783 332
5582 332
6501 332
1685 332
3135 332
3511 332
333 333
1293 333
6312 333
224 333
1987 333
3136 333
280 333
8229 333
5896 333
3316 333
375 333
7297 333
1952 333
7996 333
4265 333
561 334
3663 334
7281 334
4644 334
6451 334
5397 334
7927 334
112 334
60 334
1713 334
5499 334
6187 334
5118 334
4805 334
3070 334
7350 335
5046 335
335 335
5096 335
4251 335
3019 335
864 335
2187 335
1648 335
6110 335
6225 335
3948 335
690 335
5222 335
7492 335
4998 335
855 336
729 336
479 336
1219 336
803 336
4481 336
2568 336
8226 336
71 336
7596 336
4137 336
5329 336
2773 336
6254 337
486 337
8204 337
1665 337
8013 337
3491 337
3492 337
2099 337
474 337
1704 337
4077 337
5296 337
499 337
6519 337
419 337
7126 337
2696 337
4142 337
5027 338
3486 338
3080 338
1601 338
2389 338
739 338
7874 338
1337 338
5070 338
2104 338
7572 338
5217 338
5804 338
721 338
8115 338
7769 338
7108 338
3431 338
2304 338
96 338
7130 338
2100 338
1542 338
971 339
7621 339
2937 339
7680 339
3344 339
4278 339
4301 339
1145 339
1722 339
4519 339
8269 339
5008 339
2253 339
2605 339
3873 339
2736 339
1275 339
7017 339
4899 339
7350 339
1149 339
6659 339
319 340
358 340
4362 340
4671 340
7692 340
2389 340
7523 340
140 340
6884 340
1003 340
7554 340
6716 340
4774 340
4575 340
3322 340
605 340
4441 340
903 340
1234 340
7466 341
6772 341
6890 341
5267 341
7962 341
6631 341
8041 341
6749 341
854 341
1026 341
2252 341
1866 341
4144 341
6248 341
6477 341
7224 341
2315 341
5932 341
3067 341
342 342
2483 342
4224 342
3273 342
3455 342
4313 342
2472 342
7693 342
3785 342
5157 342
2867 342
5271 342
866 342
5881 342
3745 342
4368 342
6180 343
7944 343
6817 343
2780 343
8155 343
8168 343
6248 343
1236 343
5812 343
1643 343
5114 343
3120 343
6009 343
4722 343
395 343
1935 343
7865 344
5279 344
640 344
3327 344
4725 344
7768 344
7225 344
6228 344
4286 344
434 344
3228 344
2354 344
73 344
6796 344
3088 344
8132 344
2301 344
6738 344
5194 344
1413 344
3396 344
6575 344
5630 344
6058 344
483 344
3788 345
5168 345
7569 345
2967 345
7608 345
7507 345
911 345
2254 345
6236 345
4712 345
2620 345
7387 345
4012 345
7972 345
3913 345
1829 345
4782 346
571 346
5596 346
2163 346
1067 346
1207 346
4708 346
5031 346
7682 346
7726 346
5372 346
4651 346
1056 346
4144 346
1221 346
4572 346
7738 346
1851 346
3614 346
2191 346
6039 346
6688 346
7302 346
4851 346
5950 347
4848 347
675 347
3413 347
6552 347
639 347
5561 347
7079 347
6937 347
3518 347
6054 347
2652 347
1026 347
3422 347
6964 347
2611 348
5118 348
4283 348
1098 348
175 348
6753 348
6520 348
394 348
1475 348
6126 348
4333 348
6663 348
620 348
1962 348
3024 348
3732 349
2731 349
4592 349
498 349
1231 349
7285 349
7996 349
1224 349
3238 349
487 349
823 349
6673 349
7049 349
4638 349
2744 349
7726 349
8217 349
2707 349
302 349
8170 349
6812 350
7515 350
4701 350
3850 350
4549 350
6537 350
3333 350
2380 350
7511 350
7129 350
294 350
6226 351
2229 351
4866 351
2575 351
2304 351
5825 351
5734 351
5624 351
6453 351
5988 351
1086 351
2253 351
3424 351
8270 351
5404 351
1540 352
7578 352
393 352
2631 352
7194 352
6913 352
7709 352
1244 352
6554 352
2654 352
1835 352
1957 352
8011 352
7349 352
168 352
866 352
1174 352
2994 352
1075 352
5690 352
2072 352
868 353
4782 353
5165 353
3007 353
975 353
4696 353
917 353
2415 353
7722 353
4182 353
3059 353
6913 353
2300 353
181 353
1935 353
4689 353
3789 353
3997 353
3048 353
4538 353
4181 354
4801 354
780 354
4406 354
7260 354
6072 354
79 354
6559 354
2113 354
1959 354
1526 354
1920 354
5815 354
5689 354
1133 354
3081 354
3924 354
4280 354
4801 355
6563 355
6535 355
4459 355
7997 355
3311 355
1828 355
7506 355
6577 355
3342 355
1303 355
1580 355
5919 355
3714 355
602 355
4112 355
433 355
3780 355
1913 356
5630 356
6273 356
4763 356
3022 356
4065 356
981 356
7487 356
3261 356
8280 356
6412 356
2385 356
4368 356
1610 356
5976 357
393 357
7590 357
4791 357
7588 357
5699 357
3028 357
727 357
780 357
1726 357
3047 358
5984 358
1685 358
2842 358
4779 358
7451 358
3929 358
7896 358
1814 358
4433 358
498 358
6601 358
3776 358
6101 358
719 359
7177 359
6629 359
98 359
5773 359
2217 359
2010 359
5878 359
3195 359
384 359
8282 359
2941 359
2277 359
6715 359
898 359
6686 359
1026 359
3603 359
3649 359
7797 359
5313 359
3990 359
1724 359
6772 360
360 360
3321 360
4737 360
4097 360
7137 360
258 360
2269 360
2342 360
1866 360
5938 360
2424 360
2854 360
8059 360
2502 360
8297 360
5031 360
7046 360
2579 361
6347 361
394 361
3596 361
8193 361
3492 361
2890 361
2580 362
1860 362
5597 362
579 362
2039 362
1887 362
3438 362
1331 362
5538 362
3212 362
5794 362
2638 362
7103 362
1057 362
1107 362
6579 362
7436 363
68 363
5697 363
189 363
1808 363
7156 363
2312 363
2592 363
19 363
6485 363
7883 363
6091 363
2597 363
222 363
1766 363
2582 363
5613 363
2600 363
7563 363
5055 363
5566 363
852 363
1367 364
7018 364
7139 364
2292 364
5248 364
3963 364
2293 364
3107 364
6729 364
3293 364
5493 364
7037 364
6551 364
3302 364
7962 364
5253 364
8290 364
7349 364
1861 364
6043 365
4851 365
4627 365
1128 365
4749 365
5699 365
6858 365
1331 365
4442 365
443 365
4817 365
140 365
7186 365
3796 365
1095 365
2753 365
2972 365
420 365
6154 366
5714 366
3800 366
2855 366
5885 366
7095 366
2199 366
1686 366
3183 366
2060 366
7576 366
6549 366
5436 366
8244 366
6080 366
4518 366
5699 366
5658 366
7144 366
48 366
2082 367
1136 367
465 367
4104 367
144 367
5570 367
9 367
734 367
4781 367
3958 367
2216 367
779 367
7867 367
363 367
5893 367
4534 367
6273 367
4388 367
4180 368
368 368
508 368
7844 368
2302 368
6236 368
3127 368
6207 368
5276 368
5699 368
3188 368
6594 368
4012 368
4099 368
3949 368
7601 368
3207 368
2759 368
1284 368
3357 368
4943 368
3515 368
1096 368
6776 368
1478 368
1593 368
4185 368
2239 369
5770 369
2638 369
6578 369
8102 369
4052 369
7556 369
1061 369
4827 369
2137 369
7887 369
3366 369
7405 369
2735 369
2574 369
6709 369
6894 369
268 369
