1183 2467
4989 2468
4505 2468
8100 2468
1991 2468
92 2468
1548 2468
3669 2468
3721 2468
7408 2468
135 2468
2600 2468
2864 2468
2574 2468
1253 2469
2862 2469
1529 2469
3741 2469
6342 2469
3989 2469
2125 2469
6312 2469
7390 2469
5666 2469
1762 2469
4353 2469
4972 2469
7176 2469
961 2470
3861 2470
5022 2470
4195 2470
2596 2470
6483 2470
748 2470
8041 2470
315 2470
4627 2470
4620 2470
727 2470
3170 2470
5483 2470
3760 2470
1910 2470
7182 2470
5844 2471
3605 2471
4874 2471
5056 2471
4684 2471
7628 2471
316 2471
697 2471
5965 2471
64 2471
2247 2471
3228 2471
7167 2471
3046 2471
7574 2471
3364 2472
5017 2472
5514 2472
7511 2472
5342 2472
2388 2472
7142 2472
7728 2472
6983 2472
7775 2472
584 2472
7629 2472
362 2472
1213 2473
1113 2473
1704 2473
5533 2473
896 2473
5196 2473
7450 2473
1726 2473
4233 2473
8161 2473
2345 2473
3607 2473
4574 2473
7959 2473
6183 2473
5155 2473
3753 2473
6312 2473
3120 2474
7033 2474
6746 2474
4134 2474
6421 2474
7829 2474
7388 2474
2875 2474
588 2474
3780 2474
4621 2474
7387 2474
4661 2474
7920 2474
5224 2474
2391 2475
6905 2475
6464 2475
2252 2475
7163 2475
7596 2475
3968 2475
4280 2475
8004 2475
2389 2475
1846 2475
1409 2475
4664 2475
5715 2475
3062 2475
8169 2475
95 2475
467 2475
2253 2475
6209 2475
5991 2475
636 2476
1177 2476
6691 2476
4090 2476
2197 2476
6529 2476
153 2476
5704 2476
1572 2476
1860 2476
3545 2476
5719 2477
6193 2477
6520 2477
7234 2477
3339 2477
8166 2477
683 2477
8251 2477
4878 2477
7672 2477
6689 2477
6347 2477
591 2477
387 2477
4001 2477
1200 2477
6824 2477
7196 2477
4531 2477
6207 2477
6714 2477
869 2477
1596 2478
5203 2478
6305 2478
7611 2478
7334 2478
530 2478
4859 2478
4804 2478
7290 2478
269 2478
6621 2478
3343 2479
7192 2479
3242 2479
3540 2479
3079 2479
7014 2479
3982 2479
4314 2479
248 2479
4234 2479
1333 2479
6969 2479
2939 2479
880 2479
3026 2479
4343 2479
6467 2480
186 2480
6662 2480
5652 2480
3306 2480
6873 2480
770 2480
2234 2480
897 2480
4715 2480
1673 2480
46 2480
4913 2480
8295 2480
5714 2480
2939 2481
7722 2481
1977 2481
7603 2481
4127 2481
3354 2481
1306 2481
3891 2481
7269 2481
5961 2481
5585 2481
3310 2482
2482 2482
7189 2482
1049 2482
1284 2482
4907 2482
2165 2482
2636 2482
3170 2482
6320 2482
3991 2482
5136 2482
501 2482
4690 2482
771 2482
1763 2482
7320 2482
3913 2482
5140 2483
5133 2483
8000 2483
4195 2483
2352 2483
834 2483
1300 2483
5075 2483
3991 2483
5742 2483
5740 2483
895 2483
7265 2483
7614 2483
6474 2483
6225 2483
616 2483
289 2483
2484 2484
3024 2484
402 2484
6331 2484
346 2484
6000 2484
4805 2484
7990 2484
4249 2484
2475 2484
2217 2484
5854 2484
7245 2484
2008 2484
4550 2484
2162 2484
2304 2484
951 2484
6695 2484
7361 2484
3964 2485
7377 2485
8195 2485
1009 2485
7788 2485
393 2485
4127 2485
7347 2485
4592 2485
1178 2485
7573 2485
2429 2486
4925 2486
6269 2486
7744 2486
852 2486
2781 2486
3240 2486
5156 2486
3090 2486
6211 2486
739 2486
7206 2486
2537 2486
8009 2486
4576 2487
6797 2487
873 2487
4241 2487
4640 2487
4712 2487
7269 2487
7765 2487
4502 2487
4110 2487
3627 2487
3799 2487
4311 2487
1235 2487
4648 2487
3564 2487
6686 2487
6858 2487
771 2488
6958 2488
7014 2488
6841 2488
734 2488
2411 2488
5306 2488
1614 2488
2153 2488
713 2488
7048 2488
3777 2488
5687 2488
2345 2488
2917 2488
4930 2488
731 2489
7634 2489
2016 2489
3227 2489
5432 2489
2002 2489
113 2489
5273 2489
689 2489
6554 2489
1364 2489
7610 2489
7022 2489
3549 2489
1795 2489
48 2489
2060 2489
4715 2489
6710 2489
6831 2489
6713 2489
7283 2490
7173 2490
6739 2490
4141 2490
4732 2490
4512 2490
7048 2490
7308 2490
3839 2490
3293 2490
7031 2490
6058 2490
6812 2490
3046 2490
5100 2490
5775 2490
6851 2490
1723 2490
1857 2490
3487 2490
7293 2491
7029 2491
5447 2491
5097 2491
4994 2491
5324 2491
6091 2491
6631 2491
5795 2491
2683 2491
620 2491
3817 2491
7496 2491
5694 2491
2168 2491
6057 2491
2459 2491
3154 2491
7533 2491
3611 2491
1434 2492
8229 2492
5503 2492
4018 2492
1854 2492
2755 2492
7431 2492
1880 2492
1396 2492
3649 2492
6273 2492
4136 2492
5301 2492
7133 2492
4976 2493
5190 2493
7712 2493
5186 2493
4760 2493
6658 2493
3519 2493
177 2493
268 2493
5276 2493
5597 2493
1051 2493
4973 2493
2244 2493
1708 2493
5912 2493
3517 2493
6320 2493
5733 2494
5991 2494
593 2494
1299 2494
996 2494
7840 2494
488 2494
8015 2494
6099 2494
6861 2494
3451 2494
7693 2494
4104 2494
1381 2494
1780 2494
5564 2494
1953 2494
5686 2494
3091 2494
7946 2495
825 2495
2183 2495
524 2495
7777 2495
3810 2495
7433 2495
4156 2495
619 2495
8176 2495
1767 2495
4001 2495
4763 2495
4646 2495
1764 2495
3702 2495
7840 2496
1032 2496
5357 2496
5045 2496
5560 2496
583 2496
1936 2496
7808 2496
3645 2496
7713 2496
4708 2496
5063 2496
5637 2496
5334 2496
1129 2496
1106 2496
6060 2496
2277 2496
2561 2496
6808 2496
5038 2496
2202 2496
3559 2496
667 2496
479 2496
7323 2497
5506 2497
6173 2497
2240 2497
650 2497
8087 2497
3591 2497
5980 2497
7333 2497
1238 2497
7541 2497
1894 2497
3309 2497
3102 2497
1849 2497
2037 2497
6910 2497
6631 2497
4762 2497
740 2498
8137 2498
3113 2498
5664 2498
408 2498
5430 2498
4710 2498
5931 2498
7645 2498
2392 2498
2209 2498
6892 2498
3808 2498
7910 2499
2171 2499
1195 2499
5072 2499
3056 2499
3783 2499
5773 2499
5450 2499
5614 2499
5470 2499
2621 2499
896 2499
6949 2499
5960 2499
2260 2499
1851 2499
3134 2499
3684 2499
5822 2499
4091 2499
515 2499
3003 2499
650 2500
3850 2500
4398 2500
248 2500
6087 2500
3988 2500
4704 2500
1420 2500
3768 2500
3747 2500
3511 2500
2109 2500
779 2500
2217 2500
1245 2500
1561 2500
2764 2500
4258 2500
8041 2500
6914 2500
3445 2500
7991 2500
1129 2500
1913 2501
4990 2501
6519 2501
2441 2501
7592 2501
1414 2501
487 2501
2587 2501
6794 2501
1095 2501
2542 2501
6998 2501
3659 2501
2250 2501
4544 2501
6021 2502
6708 2502
689 2502
2688 2502
5355 2502
257 2502
5875 2502
2222 2502
1450 2502
7049 2502
1550 2502
7792 2502
5262 2502
3460 2503
3197 2503
8206 2503
3037 2503
3982 2503
5209 2503
6690 2503
1614 2503
3964 2503
4049 2503
174 2503
8265 2503
5826 2503
1683 2503
3129 2503
7708 2503
6758 2503
7429 2503
2371 2503
628 2504
2828 2504
3948 2504
2842 2504
6954 2504
2973 2504
6487 2504
6523 2504
983 2504
2809 2504
645 2504
6285 2504
8270 2504
7847 2504
3612 2504
3038 2504
2505 2505
4644 2505
7473 2505
75 2505
5012 2505
892 2505
3089 2505
4131 2505
3922 2505
7390 2505
5377 2505
3431 2505
3391 2505
3924 2505
3478 2505
6389 2505
6240 2506
2400 2506
4181 2506
5391 2506
2960 2506
363 2506
681 2506
1691 2506
727 2506
2487 2506
628 2506
5201 2506
6128 2506
8084 2507
3193 2507
483 2507
1047 2507
4883 2507
895 2507
5145 2507
2441 2507
7237 2507
2082 2507
8092 2507
6937 2507
59 2507
4653 2507
2701 2507
7742 2507
1147 2508
2237 2508
3333 2508
7464 2508
1911 2508
2036 2508
4198 2508
941 2508
7520 2508
3940 2508
1529 2508
2217 2508
120 2508
4072 2508
1668 2508
529 2508
7896 2508
5776 2508
5036 2508
126 2509
8264 2509
6065 2509
4802 2509
1302 2509
7405 2509
2401 2509
23 2509
2924 2509
2225 2509
3424 2509
5530 2509
1396 2509
7142 2509
3165 2509
6901 2509
6609 2509
7149 2509
3093 2509
2131 2509
2812 2509
269 2510
4794 2510
6049 2510
6959 2510
5976 2510
6861 2510
1764 2510
3676 2510
5062 2510
1036 2510
1214 2510
1097 2510
1767 2510
1620 2511
1017 2511
6512 2511
2479 2511
1661 2511
478 2511
5687 2511
1494 2511
2791 2511
8059 2511
3705 2511
5117 2511
6591 2511
7076 2511
5767 2511
2594 2511
4706 2511
3641 2511
6916 2511
8165 2511
5031 2512
1885 2512
4909 2512
370 2512
3217 2512
3674 2512
3270 2512
4064 2512
3286 2512
5322 2512
5615 2512
905 2512
5057 2512
281 2512
5093 2512
1803 2512
5649 2512
1535 2512
2013 2512
100 2513
2498 2513
540 2513
6213 2513
809 2513
8217 2513
1816 2513
4590 2513
5773 2513
3038 2513
4488 2513
5990 2513
7412 2513
5537 2513
3790 2513
2201 2513
1101 2513
591 2513
2261 2514
8264 2514
6695 2514
5539 2514
4591 2514
5776 2514
5888 2514
1841 2514
8010 2514
6075 2514
2291 2514
2239 2515
1742 2515
973 2515
2760 2515
7182 2515
2399 2515
5321 2515
7896 2515
4024 2515
5614 2515
7504 2515
4077 2515
1367 2515
4867 2515
7802 2515
553 2515
2049 2515
6206 2515
3098 2515
673 2515
7610 2516
3683 2516
1546 2516
2788 2516
1302 2516
7401 2516
6789 2516
2436 2516
1528 2516
1069 2516
7277 2516
4453 2516
4578 2516
4151 2517
8192 2517
3404 2517
4841 2517
7228 2517
2888 2517
5918 2517
8293 2517
2912 2517
1254 2517
5108 2517
5183 2517
5693 2517
533 2517
5798 2517
5475 2517
2443 2517
4309 2517
2951 2518
794 2518
4204 2518
6414 2518
5441 2518
7703 2518
2516 2518
5141 2518
5205 2518
6227 2518
1186 2518
4156 2518
97 2518
6080 2518
4165 2518
6312 2518
4136 2518
6242 2518
7709 2518
628 2518
799 2518
4331 2518
6980 2518
6116 2518
7040 2518
2620 2518
6531 2518
1774 2519
7283 2519
2214 2519
2076 2519
5701 2519
1364 2519
2365 2519
1894 2519
6461 2519
2708 2519
4112 2519
1968 2519
1934 2519
3077 2519
7598 2519
7911 2519
426 2519
3070 2519
2356 2519
3792 2520
5768 2520
2755 2520
6827 2520
3688 2520
7338 2520
1338 2520
3571 2520
496 2520
4925 2520
3560 2521
1440 2521
6820 2521
4313 2521
5313 2521
469 2521
5202 2521
7818 2521
1808 2521
4636 2521
4956 2521
276 2521
1161 2521
7177 2522
3659 2522
950 2522
2300 2522
591 2522
3783 2522
2109 2522
633 2522
7854 2522
5420 2522
5537 2522
1150 2522
868 2522
6466 2523
7381 2523
3502 2523
6164 2523
4180 2523
8262 2523
559 2523
4052 2523
1990 2523
3695 2523
8180 2523
5265 2523
2231 2523
7405 2523
4861 2523
4972 2524
1568 2524
3431 2524
992 2524
3811 2524
4387 2524
2967 2524
8053 2524
1355 2524
4538 2524
3451 2524
1783 2525
4708 2525
6472 2525
7618 2525
4984 2525
6496 2525
829 2525
7152 2525
3572 2525
4294 2525
6858 2525
777 2525
7622 2525
6180 2525
6457 2525
2235 2525
4533 2525
1685 2526
4109 2526
7149 2526
4430 2526
4724 2526
897 2526
2065 2526
1744 2526
5771 2526
7194 2526
5243 2526
7559 2526
39 2526
7975 2526
2733 2526
7388 2526
2097 2526
4414 2526
1661 2527
8124 2527
4765 2527
2967 2527
4061 2527
230 2527
1390 2527
3472 2527
165 2527
2010 2527
1674 2527
6276 2527
6308 2527
2925 2527
6962 2527
8161 2527
5770 2527
7907 2527
5411 2527
5255 2527
913 2527
5755 2527
2356 2527
3176 2527
5113 2527
1441 2527
283 2527
4758 2527
3676 2528
4617 2528
4404 2528
2593 2528
4093 2528
7355 2528
2490 2528
1366 2528
6628 2528
3455 2528
8175 2528
2565 2528
5822 2528
7809 2528
3485 2529
1976 2529
6078 2529
3531 2529
6910 2529
4481 2529
556 2529
2085 2529
884 2529
5153 2529
3365 2529
5245 2529
8290 2529
4158 2529
2635 2529
8137 2529
3771 2529
4876 2529
4509 2529
6150 2529
7999 2529
1200 2529
6574 2530
7703 2530
3168 2530
4815 2530
1060 2530
3542 2530
294 2530
3706 2530
8241 2530
4204 2530
1364 2530
5805 2530
2467 2530
971 2530
1923 2530
3992 2530
8273 2530
1721 2530
4144 2530
63 2530
3803 2530
4101 2531
6924 2531
4962 2531
327 2531
5344 2531
7712 2531
7543 2531
2214 2531
1388 2531
5557 2531
2104 2531
3312 2531
2188 2531
6959 2531
1921 2531
4941 2532
5664 2532
1280 2532
5434 2532
7891 2532
7231 2532
4070 2532
1494 2532
664 2532
7999 2532
4165 2532
5826 2532
927 2532
5883 2532
1096 2532
3995 2532
7074 2533
6361 2533
4083 2533
7291 2533
3375 2533
8203 2533
3870 2533
6653 2533
3627 2533
4253 2533
4136 2533
7034 2533
7011 2533
7727 2533
2477 2533
2133 2533
7831 2533
4883 2534
2216 2534
1873 2534
5297 2534
6968 2534
5618 2534
7467 2534
6198 2534
4856 2534
4579 2534
4743 2534
7718 2534
5501 2534
3864 2534
3518 2534
6183 2534
836 2534
2810 2535
7684 2535
4381 2535
1101 2535
2652 2535
3409 2535
3123 2535
1750 2535
6211 2535
8266 2535
2441 2536
3195 2536
3713 2536
6253 2536
4963 2536
2417 2536
2387 2536
4595 2536
4244 2536
59 2536
2442 2536
2354 2536
2324 2536
6790 2536
5448 2537
6611 2537
1846 2537
7281 2537
6632 2537
1747 2537
7573 2537
7539 2537
7262 2537
3295 2537
4461 2537
3364 2537
5881 2537
4608 2537
3607 2537
3603 2537
7468 2538
4717 2538
828 2538
2637 2538
5538 2538
1428 2538
6470 2538
1381 2538
7783 2538
2894 2538
5160 2538
474 2538
1409 2538
7004 2538
5141 2538
8236 2538
1742 2538
4724 2538
3784 2539
7066 2539
6720 2539
5618 2539
5899 2539
2269 2539
4097 2539
5533 2539
3444 2539
1057 2539
5914 2539
3237 2539
1987 2539
7947 2539
5475 2539
1734 2539
1924 2540
1720 2540
5352 2540
6856 2540
219 2540
4657 2540
5336 2540
3760 2540
6961 2540
2166 2540
3222 2540
889 2540
2772 2540
4375 2540
1654 2540
1066 2540
5693 2541
3027 2541
2209 2541
3999 2541
7844 2541
5500 2541
3663 2541
1722 2541
7516 2541
8292 2541
1887 2541
4747 2541
8269 2541
5428 2541
1221 2541
1463 2542
2974 2542
878 2542
5636 2542
3307 2542
358 2542
7478 2542
791 2542
381 2542
3634 2542
1234 2542
3649 2542
1775 2542
5751 2542
7596 2542
7711 2542
1786 2542
392 2542
5563 2543
7744 2543
1719 2543
2727 2543
7070 2543
3977 2543
5483 2543
1268 2543
8166 2543
4669 2543
3324 2543
3223 2543
4661 2543
4777 2544
6841 2544
2451 2544
8154 2544
277 2544
983 2544
1305 2544
1609 2544
5423 2544
5628 2544
5136 2544
1653 2544
2733 2544
3456 2544
6850 2544
8205 2544
5780 2544
867 2544
2376 2544
2940 2544
4271 2544
7190 2544
1794 2545
2100 2545
1683 2545
5351 2545
1127 2545
4699 2545
137 2545
7589 2545
7433 2545
4273 2545
1387 2545
2272 2545
2981 2545
6355 2545
4716 2545
5212 2545
531 2545
938 2545
3167 2545
3930 2546
4379 2546
84 2546
2800 2546
7953 2546
7362 2546
1684 2546
5101 2546
5311 2546
7709 2546
3414 2546
5391 2546
2371 2546
5533 2546
5815 2546
4799 2546
3774 2546
6371 2546
4357 2547
5935 2547
839 2547
7570 2547
6254 2547
5088 2547
1148 2547
5134 2547
680 2547
6545 2547
6608 2547
4877 2547
6013 2547
185 2547
1051 2547
7107 2548
6187 2548
7137 2548
6152 2548
7907 2548
2774 2548
969 2548
2472 2548
6611 2548
4839 2548
391 2548
4790 2548
6946 2548
3634 2548
168 2548
2768 2548
3839 2548
1322 2548
2261 2548
2633 2549
2153 2549
6416 2549
816 2549
1434 2549
5465 2549
3230 2549
3444 2549
6706 2549
6551 2549
5221 2549
2922 2549
6186 2549
6209 2549
4919 2549
7741 2549
2625 2549
7905 2549
3684 2550
2205 2550
4369 2550
5991 2550
1304 2550
6912 2550
5914 2550
4555 2550
3743 2550
6633 2550
5450 2550
6808 2550
4136 2550
6971 2550
4897 2550
4725 2551
1887 2551
4234 2551
4563 2551
820 2551
4759 2551
1727 2551
7895 2551
5997 2551
6719 2551
7225 2551
1454 2551
3496 2551
4776 2551
2868 2551
1278 2552
536 2552
2530 2552
903 2552
104 2552
7096 2552
1000 2552
1327 2552
5352 2552
2834 2552
4929 2552
6397 2552
7975 2552
3462 2552
4612 2552
1060 2552
6292 2552
5497 2552
1654 2552
2110 2552
709 2552
7880 2552
2792 2552
4726 2552
1881 2552
1206 2552
3383 2553
2830 2553
5539 2553
8265 2553
8138 2553
2507 2553
4745 2553
7818 2553
8124 2553
7995 2553
6077 2553
4948 2553
7986 2553
8032 2553
2205 2553
5494 2553
6536 2553
2978 2553
417 2553
7001 2553
6136 2553
5110 2554
1650 2554
3351 2554
3254 2554
2153 2554
8253 2554
6691 2554
6220 2554
7525 2554
5722 2554
6685 2554
4954 2554
5549 2554
3192 2554
7066 2554
6026 2554
417 2554
3832 2554
703 2554
8048 2554
6094 2554
4308 2554
7060 2554
4585 2555
2742 2555
1511 2555
8029 2555
8075 2555
1392 2555
2752 2555
7552 2555
7799 2555
3041 2555
7486 2555
4609 2555
3223 2555
2555 2555
152 2555
4407 2555
4915 2555
7201 2556
7595 2556
7036 2556
2288 2556
7079 2556
5449 2556
5890 2556
3707 2556
6081 2556
7440 2556
2127 2556
4825 2556
4797 2556
8166 2556
5701 2556
2277 2556
2903 2556
7158 2556
7070 2556
5844 2556
4813 2556
3293 2556
1443 2557
6272 2557
2950 2557
310 2557
5703 2557
4800 2557
3006 2557
5908 2557
891 2557
2065 2557
7040 2557
5297 2557
5440 2557
571 2557
3039 2557
773 2557
4075 2557
2276 2557
7355 2557
7399 2558
1871 2558
5826 2558
3510 2558
5366 2558
2814 2558
6554 2558
4282 2558
2050 2558
5596 2558
1694 2558
6898 2558
2885 2558
1778 2558
1882 2558
3046 2558
7203 2558
6003 2559
1205 2559
3797 2559
4805 2559
1410 2559
470 2559
5555 2559
1242 2559
5946 2559
7298 2559
1264 2559
3758 2559
5740 2559
5733 2559
2925 2559
3637 2559
7293 2559
1894 2559
7110 2559
8205 2559
4198 2559
1923 2559
2390 2560
2174 2560
2576 2560
2250 2560
1593 2560
3878 2560
2169 2560
2709 2560
5134 2560
4441 2560
283 2560
3196 2560
5085 2560
1910 2560
1959 2560
3194 2560
1057 2561
2579 2561
3252 2561
337 2561
2197 2561
1078 2561
4439 2561
3135 2561
6098 2561
4482 2561
6638 2561
6689 2561
6388 2561
7912 2561
6683 2561
2908 2562
7412 2562
3230 2562
2809 2562
4336 2562
4670 2562
2334 2562
2796 2562
426 2562
6268 2562
6284 2562
257 2562
2809 2563
1626 2563
3519 2563
5767 2563
4387 2563
2033 2563
5032 2563
6591 2563
7647 2563
1936 2563
4848 2563
5154 2563
3099 2563
978 2563
7608 2563
2904 2563
3975 2563
1338 2563
5672 2563
4087 2563
5355 2563
4894 2564
6687 2564
1194 2564
6929 2564
2135 2564
5255 2564
6550 2564
6059 2564
3813 2564
5315 2564
7771 2564
79 2564
49 2564
4994 2564
5648 2564
7105 2564
6160 2564
6890 2564
1268 2564
4926 2564
1719 2564
772 2565
6790 2565
7710 2565
5410 2565
3539 2565
2447 2565
4001 2565
1756 2565
4156 2565
4896 2565
5454 2565
7617 2565
6072 2565
5389 2565
5049 2566
6428 2566
4486 2566
323 2566
4671 2566
2731 2566
8145 2566
1766 2566
4673 2566
7508 2566
3244 2566
5899 2566
5009 2566
6008 2566
6972 2566
3136 2566
1784 2566
6457 2566
3737 2566
2593 2566
1716 2567
2123 2567
2584 2567
5784 2567
4395 2567
4087 2567
1052 2567
7401 2567
263 2567
910 2567
5392 2567
7345 2567
8152 2567
1349 2567
2392 2567
6395 2567
1498 2568
2611 2568
1604 2568
6375 2568
2618 2568
5313 2568
5737 2568
7728 2568
6115 2568
4840 2568
7930 2568
7794 2568
722 2568
2427 2568
6600 2568
6077 2568
727 2568
3496 2568
5033 2568
2178 2568
6576 2568
3791 2568
1750 2569
1796 2569
1355 2569
1636 2569
5853 2569
7775 2569
7206 2569
2523 2569
3174 2569
8041 2569
7649 2569
1475 2569
7550 2569
5286 2569
1007 2569
4801 2569
3912 2569
2629 2569
1165 2569
4512 2569
8159 2569
4617 2570
5730 2570
4213 2570
4107 2570
4315 2570
300 2570
5909 2570
1525 2570
4724 2570
4265 2570
6090 2570
7902 2570
3808 2570
2342 2570
2389 2570
7841 2570
6644 2570
2571 2571
392 2571
4234 2571
1073 2571
3504 2571
1051 2571
290 2571
4515 2571
2299 2571
2830 2571
2411 2571
4407 2571
3473 2571
1281 2571
11 2572
1552 2572
6573 2572
4548 2572
1769 2572
8054 2572
6071 2572
2301 2572
4759 2572
1411 2572
7741 2572
6193 2572
1534 2572
3159 2572
1786 2572
5448 2572
6317 2572
6984 2572
4760 2573
1745 2573
1124 2573
8205 2573
4876 2573
1806 2573
4272 2573
1479 2573
2735 2573
3702 2573
5214 2573
4565 2573
474 2574
1238 2574
2760 2574
6465 2574
6551 2574
5778 2574
6110 2574
565 2574
7497 2574
2840 2574
1583 2574
668 2574
1499 2574
4318 2574
4975 2574
137 2574
5743 2574
4565 2574
2937 2575
4604 2575
7286 2575
6536 2575
6723 2575
4820 2575
6295 2575
3220 2575
292 2575
3633 2575
343 2575
1725 2575
6903 2575
3742 2576
4586 2576
1585 2576
6340 2576
3768 2576
1165 2576
2148 2576
5001 2576
5527 2576
8123 2576
2636 2576
7438 2576
1084 2576
3574 2576
8165 2576
7065 2576
591 2576
4983 2576
536 2576
6763 2576
42 2576
6126 2577
1585 2577
2474 2577
1701 2577
2061 2577
8129 2577
4666 2577
4237 2577
4122 2577
4287 2577
7506 2577
6117 2577
2707 2577
6142 2577
7887 2578
4777 2578
997 2578
1371 2578
6739 2578
2967 2578
5112 2578
5528 2578
5801 2578
4131 2578
7217 2578
6911 2578
4217 2578
4620 2578
6505 2578
1822 2578
6117 2578
5718 2578
2715 2578
4627 2578
5255 2578
1842 2578
1523 2579
3511 2579
5694 2579
2483 2579
7437 2579
5330 2579
455 2579
5379 2579
4797 2579
5692 2579
5959 2579
7081 2579
4777 2579
4299 2580
3623 2580
5842 2580
851 2580
7009 2580
2953 2580
1994 2580
4813 2580
3692 2580
1538 2580
1587 2580
5637 2580
3985 2580
6718 2580
3847 2580
608 2580
3632 2580
2410 2580
2567 2580
6696 2580
4561 2581
226 2581
591 2581
7244 2581
4578 2581
3982 2581
4532 2581
4579 2581
5777 2581
2240 2581
6067 2581
7145 2581
3577 2581
5674 2582
3673 2582
1703 2582
3251 2582
6784 2582
7653 2582
3777 2582
4236 2582
4129 2582
1542 2582
3113 2582
2337 2582
3984 2583
1947 2583
7075 2583
3908 2583
6037 2583
531 2583
6274 2583
2397 2583
2392 2583
6336 2583
2828 2583
8108 2583
6884 2583
7371 2584
7614 2584
2411 2584
4618 2584
7650 2584
7448 2584
107 2584
305 2584
3003 2584
1264 2584
5705 2584
3827 2584
1867 2584
6763 2584
2998 2584
740 2584
1782 2584
7898 2584
4476 2584
1760 2585
3380 2585
3153 2585
2105 2585
3304 2585
1821 2585
3540 2585
3551 2585
