1109 2585
4990 2585
3081 2585
178 2585
439 2585
7856 2585
2157 2585
7763 2585
7554 2585
7506 2585
8081 2585
4279 2585
5388 2585
7508 2585
8026 2585
4737 2586
777 2586
7508 2586
5860 2586
4019 2586
8197 2586
47 2586
809 2586
614 2586
5832 2586
2840 2586
5388 2586
5867 2586
7350 2586
2180 2586
7730 2586
7213 2586
6469 2586
6477 2586
95 2587
465 2587
7731 2587
3055 2587
7708 2587
6621 2587
3871 2587
3015 2587
5512 2587
2869 2587
1319 2587
1134 2587
5499 2587
6993 2587
7588 2587
6609 2587
1366 2587
5501 2587
5640 2587
692 2588
3713 2588
7883 2588
4654 2588
7932 2588
7094 2588
4839 2588
5703 2588
7135 2588
6426 2588
2589 2589
7789 2589
7334 2589
2649 2589
1493 2589
1339 2589
1081 2589
7315 2589
7366 2589
6493 2589
820 2589
6410 2589
5255 2589
5811 2589
520 2589
5444 2589
8254 2589
8286 2589
8054 2589
3304 2589
4822 2589
5494 2589
4351 2590
3041 2590
3153 2590
3799 2590
6575 2590
5166 2590
5386 2590
2214 2590
940 2590
1690 2590
2187 2590
1802 2590
7439 2590
2938 2590
4716 2590
645 2590
4203 2590
2294 2590
5045 2590
3074 2591
4268 2591
2591 2591
8186 2591
2531 2591
7037 2591
6514 2591
5503 2591
4519 2591
919 2591
2550 2591
2652 2592
6511 2592
4532 2592
2604 2592
6831 2592
791 2592
8030 2592
27 2592
6519 2592
6213 2592
416 2592
8290 2592
3013 2592
1104 2592
7600 2592
680 2593
434 2593
1866 2593
868 2593
4879 2593
1229 2593
4781 2593
6958 2593
2411 2593
790 2593
3272 2593
7017 2593
1712 2594
3857 2594
2150 2594
3861 2594
30 2594
6250 2594
7634 2594
1313 2594
2140 2594
6081 2594
7092 2594
5805 2594
7227 2594
3172 2594
2080 2594
125 2594
6950 2594
3500 2594
7110 2594
6513 2594
1940 2595
5324 2595
6549 2595
5150 2595
5493 2595
5140 2595
4512 2595
1538 2595
7863 2595
5685 2595
408 2595
8160 2595
4626 2595
6480 2595
7166 2595
6557 2595
3954 2595
1806 2595
7189 2596
7639 2596
1500 2596
7807 2596
4935 2596
1667 2596
6851 2596
7034 2596
3333 2596
1025 2596
3717 2596
6812 2596
7977 2596
141 2596
7146 2596
7561 2596
904 2596
4877 2596
3170 2596
4158 2596
450 2596
4176 2596
7770 2597
6114 2597
5493 2597
2697 2597
720 2597
6463 2597
6851 2597
5473 2597
3548 2597
3784 2597
1558 2597
4496 2597
1020 2598
7164 2598
7129 2598
3806 2598
1348 2598
6966 2598
3288 2598
2172 2598
7180 2598
5647 2598
373 2598
3601 2598
4531 2598
7669 2599
2541 2599
5938 2599
581 2599
7786 2599
1103 2599
2487 2599
5183 2599
240 2599
2394 2599
614 2599
7362 2599
4954 2599
2727 2599
405 2599
773 2600
6794 2600
7307 2600
2581 2600
7139 2600
6382 2600
7342 2600
5392 2600
3424 2600
25 2600
5779 2600
6369 2600
3416 2600
7328 2601
5815 2601
7771 2601
2787 2601
5377 2601
3479 2601
1978 2601
3687 2601
2725 2601
1855 2601
891 2601
7958 2601
2138 2601
2870 2601
5537 2601
5647 2601
5910 2601
27 2601
4770 2601
3876 2601
2634 2601
7253 2601
2900 2602
4430 2602
4127 2602
6651 2602
4899 2602
3878 2602
6647 2602
7756 2602
7602 2602
3135 2602
3828 2602
682 2602
340 2602
6242 2602
1779 2602
5409 2602
42 2602
2852 2602
153 2602
1086 2602
3522 2602
3486 2603
2327 2603
5414 2603
2611 2603
1166 2603
346 2603
6809 2603
179 2603
6025 2603
6495 2603
7126 2603
4744 2603
7772 2603
5798 2603
4835 2603
1161 2603
4840 2604
7468 2604
1370 2604
2378 2604
1725 2604
2404 2604
7674 2604
2652 2604
2705 2604
6015 2604
1643 2604
2267 2604
1428 2604
1338 2604
3032 2604
7572 2604
2828 2604
4277 2605
8000 2605
7731 2605
4644 2605
4264 2605
471 2605
5321 2605
3157 2605
1331 2605
1338 2605
1445 2605
4080 2605
4805 2605
1727 2605
3200 2605
1535 2606
181 2606
4018 2606
809 2606
4197 2606
4041 2606
3344 2606
1756 2606
7282 2606
5278 2606
7507 2606
3976 2606
2203 2606
1654 2606
4929 2606
3628 2606
2942 2607
734 2607
6165 2607
6008 2607
3639 2607
1553 2607
4156 2607
170 2607
5935 2607
4105 2607
7374 2607
7693 2607
3464 2607
2361 2607
6694 2607
8075 2607
3127 2607
740 2607
2594 2607
4663 2607
2005 2608
1565 2608
7560 2608
8124 2608
4315 2608
5976 2608
4290 2608
2447 2608
2836 2608
1078 2608
3642 2608
1450 2608
3922 2608
1683 2608
4492 2608
1370 2608
1136 2608
7066 2608
2210 2608
5207 2608
7637 2608
7792 2608
5980 2608
1066 2608
4075 2608
6923 2609
28 2609
1575 2609
6837 2609
5016 2609
3679 2609
5816 2609
1171 2609
6877 2609
3092 2609
6371 2609
176 2609
5693 2609
5768 2610
7167 2610
6054 2610
6729 2610
4127 2610
2868 2610
39 2610
4374 2610
6803 2610
6769 2610
936 2610
1217 2610
5201 2610
1726 2610
37 2610
6820 2610
659 2610
1297 2610
5494 2611
3439 2611
5843 2611
3667 2611
834 2611
323 2611
1567 2611
7797 2611
537 2611
6383 2611
5599 2611
2479 2611
6961 2611
6355 2611
2346 2611
4180 2611
5313 2611
4621 2612
5428 2612
560 2612
1527 2612
1056 2612
2870 2612
247 2612
196 2612
1250 2612
7776 2612
8175 2612
1917 2612
5221 2612
2414 2612
6667 2612
790 2612
3963 2612
1564 2612
3032 2613
2613 2613
5072 2613
491 2613
3263 2613
7535 2613
6863 2613
4217 2613
311 2613
7123 2613
4519 2613
615 2613
5972 2613
278 2613
2507 2613
355 2613
403 2613
764 2613
4379 2613
2430 2613
4160 2614
3481 2614
3383 2614
7797 2614
6579 2614
7525 2614
4287 2614
3756 2614
2804 2614
5909 2614
5755 2614
1820 2614
2932 2614
7251 2614
4762 2614
8138 2614
1306 2615
7758 2615
5754 2615
6441 2615
2903 2615
6104 2615
7909 2615
996 2615
7911 2615
6947 2615
6202 2615
4890 2615
780 2615
740 2615
3416 2615
5231 2615
7992 2615
54 2616
5985 2616
2413 2616
1162 2616
1429 2616
1547 2616
2248 2616
3212 2616
488 2616
7405 2616
3880 2616
6461 2616
6426 2616
5155 2616
7837 2616
5685 2616
5311 2616
8072 2616
869 2616
1931 2617
3070 2617
5285 2617
2831 2617
250 2617
6733 2617
7878 2617
4966 2617
5951 2617
3767 2617
3766 2617
5254 2617
1293 2617
4122 2618
7069 2618
1690 2618
5670 2618
4725 2618
3877 2618
4179 2618
3129 2618
4339 2618
799 2618
3092 2618
2126 2618
1349 2618
6505 2618
3135 2619
7572 2619
2403 2619
7342 2619
2619 2619
566 2619
3574 2619
6595 2619
6286 2619
6862 2619
5388 2619
5523 2619
5435 2619
2894 2619
2941 2620
2473 2620
6 2620
7775 2620
2116 2620
1082 2620
7824 2620
6903 2620
687 2620
486 2620
777 2620
4753 2620
3615 2620
737 2620
4972 2620
6100 2620
8123 2620
1482 2620
6513 2620
2778 2620
4110 2620
2012 2620
3451 2620
2957 2620
6240 2621
3082 2621
1078 2621
2405 2621
5414 2621
3718 2621
7762 2621
7856 2621
3727 2621
2882 2621
498 2621
469 2621
774 2621
2570 2621
1695 2621
5674 2621
3294 2621
3054 2621
1963 2621
27 2621
7569 2621
3211 2621
5347 2621
3413 2621
497 2622
3379 2622
3968 2622
4185 2622
5411 2622
5367 2622
2103 2622
2576 2622
7426 2622
2630 2622
1489 2622
7000 2622
2726 2622
4001 2622
1071 2622
8259 2622
3139 2622
2487 2622
1481 2622
5625 2622
4423 2622
479 2622
1025 2623
8220 2623
4423 2623
7156 2623
140 2623
6181 2623
187 2623
6894 2623
1338 2623
1974 2623
2483 2623
823 2623
3044 2623
2391 2623
5313 2623
2624 2624
144 2624
5744 2624
6302 2624
6084 2624
486 2624
6397 2624
2735 2624
3914 2624
6789 2624
556 2624
8103 2624
4530 2624
4727 2624
636 2624
2070 2624
4209 2625
7613 2625
7959 2625
4282 2625
7560 2625
6667 2625
3375 2625
3975 2625
6125 2625
2600 2625
8095 2625
5683 2625
7601 2625
4804 2625
513 2625
6903 2625
1178 2626
1932 2626
2055 2626
5025 2626
7533 2626
7352 2626
2442 2626
1783 2626
7789 2626
5481 2626
123 2626
6090 2626
2456 2626
6669 2626
6204 2626
7534 2626
3612 2626
6055 2626
1181 2626
7720 2627
6098 2627
1578 2627
1910 2627
7597 2627
7432 2627
4529 2627
280 2627
6327 2627
277 2627
2394 2627
3967 2627
7428 2627
2195 2627
7282 2628
3396 2628
5169 2628
548 2628
1680 2628
853 2628
486 2628
6117 2628
4978 2628
5409 2628
2550 2628
381 2628
4903 2628
717 2628
1906 2628
3985 2628
980 2629
7356 2629
4526 2629
5679 2629
7736 2629
3098 2629
3977 2629
5263 2629
586 2629
5335 2629
27 2629
584 2629
2642 2629
1901 2629
4596 2629
740 2629
7867 2630
8028 2630
4010 2630
6312 2630
5172 2630
5205 2630
3611 2630
7369 2630
7457 2630
3073 2630
6677 2630
222 2630
1866 2630
3974 2630
6730 2630
6948 2630
4518 2631
60 2631
2406 2631
16 2631
4994 2631
7350 2631
543 2631
2508 2631
1762 2631
135 2631
1734 2632
4758 2632
2227 2632
5352 2632
6949 2632
6085 2632
6080 2632
5036 2632
3667 2632
1295 2632
6688 2632
3813 2633
1265 2633
1109 2633
2351 2633
8041 2633
174 2633
4278 2633
6792 2633
7359 2633
1257 2633
6226 2633
126 2633
6753 2633
4553 2633
8205 2633
3041 2633
2800 2634
2448 2634
3019 2634
3227 2634
5628 2634
7361 2634
3878 2634
6708 2634
4242 2634
4655 2634
3718 2634
6686 2635
177 2635
4830 2635
1977 2635
2618 2635
3771 2635
123 2635
6272 2635
3992 2635
6694 2635
3311 2635
4573 2635
5777 2635
615 2635
4165 2635
4985 2635
7120 2635
1767 2635
6735 2635
3235 2635
253 2636
4582 2636
2861 2636
3327 2636
4646 2636
3796 2636
1432 2636
2318 2636
5117 2636
5388 2636
1435 2636
6597 2636
3240 2636
2388 2637
5122 2637
7413 2637
4611 2637
1722 2637
2663 2637
6774 2637
4798 2637
2834 2637
5631 2637
1654 2637
7540 2637
1133 2637
4609 2637
6509 2637
6181 2637
4976 2637
2626 2638
7465 2638
7066 2638
1207 2638
6850 2638
5267 2638
2423 2638
867 2638
1067 2638
1851 2638
1830 2638
6780 2638
5752 2638
7496 2638
2830 2638
5098 2638
4286 2638
585 2638
2405 2638
7852 2638
6361 2638
3386 2639
2639 2639
2397 2639
1372 2639
6357 2639
6398 2639
4968 2639
8092 2639
6853 2639
6035 2639
5310 2639
3566 2639
6347 2639
6622 2639
2971 2639
4900 2639
7983 2639
4556 2639
3641 2639
697 2639
6334 2639
635 2639
7904 2639
2066 2640
8176 2640
6302 2640
4837 2640
6998 2640
3927 2640
7589 2640
1462 2640
1529 2640
4672 2640
7583 2640
2719 2640
3540 2640
7264 2640
4183 2640
3339 2640
6627 2640
2958 2640
144 2641
829 2641
8180 2641
8297 2641
1472 2641
6404 2641
1333 2641
6071 2641
3352 2641
5 2641
3229 2641
2795 2641
6858 2641
30 2641
7185 2642
6734 2642
2974 2642
4311 2642
1436 2642
2691 2642
3644 2642
1162 2642
85 2642
224 2642
5566 2642
5565 2642
7844 2642
4710 2642
5842 2643
3352 2643
5347 2643
5720 2643
3853 2643
7287 2643
7077 2643
993 2643
2625 2643
7002 2643
1223 2643
201 2643
7895 2643
3184 2643
7244 2643
4859 2643
5301 2643
4913 2643
3069 2643
2931 2643
3305 2643
7819 2643
6284 2643
807 2644
1234 2644
6496 2644
3958 2644
5001 2644
2930 2644
3988 2644
5986 2644
1886 2644
4663 2644
7252 2644
2755 2644
2088 2644
563 2644
4415 2644
7983 2644
7300 2644
308 2644
5384 2644
3314 2645
170 2645
4515 2645
1007 2645
5602 2645
369 2645
6474 2645
5838 2645
5363 2645
8165 2645
2181 2645
387 2645
46 2645
5326 2645
996 2645
7126 2645
3745 2646
7370 2646
3872 2646
5285 2646
6575 2646
7573 2646
1336 2646
5136 2646
4007 2646
7937 2646
4749 2646
5254 2646
1657 2646
4696 2646
5983 2646
1587 2647
4368 2647
4858 2647
7668 2647
7890 2647
6733 2647
8015 2647
4362 2647
6250 2647
4619 2647
7892 2647
7520 2647
7701 2647
6900 2647
883 2647
4379 2648
1559 2648
5165 2648
3637 2648
911 2648
7637 2648
141 2648
2990 2648
4136 2648
685 2648
6643 2648
3026 2648
3149 2648
6566 2648
4080 2648
6355 2648
1445 2648
3063 2648
584 2648
6100 2648
7983 2648
1031 2648
4035 2648
6578 2649
4213 2649
2066 2649
3371 2649
5523 2649
579 2649
6559 2649
984 2649
3892 2649
1460 2649
3949 2649
3615 2649
1939 2649
6689 2649
8150 2649
1407 2649
1411 2649
2704 2649
5365 2650
1387 2650
3324 2650
6025 2650
6451 2650
4478 2650
5415 2650
7664 2650
1370 2650
1600 2650
3845 2650
7065 2650
2442 2650
1261 2650
5131 2650
1816 2650
615 2650
8016 2650
4927 2650
5357 2650
1841 2650
5552 2650
391 2651
976 2651
2651 2651
8295 2651
4317 2651
3652 2651
5334 2651
2604 2651
5855 2651
5593 2651
71 2651
115 2651
1133 2651
4180 2651
5228 2651
6268 2651
4555 2651
3547 2651
499 2651
2429 2652
2569 2652
6156 2652
7668 2652
8090 2652
293 2652
3889 2652
7335 2652
7565 2652
2145 2652
5539 2652
186 2652
3295 2652
7460 2652
7004 2652
1675 2653
4397 2653
855 2653
8026 2653
7946 2653
5945 2653
2691 2653
2237 2653
2388 2653
6727 2653
7678 2653
4202 2653
5539 2653
474 2654
7975 2654
6344 2654
6611 2654
1896 2654
7947 2654
4725 2654
7286 2654
7590 2654
2489 2654
2207 2654
815 2654
3728 2655
999 2655
3918 2655
6601 2655
8088 2655
3797 2655
1162 2655
7687 2655
3352 2655
520 2656
6820 2656
2735 2656
5466 2656
4174 2656
3422 2656
247 2656
5447 2656
2509 2656
1762 2656
910 2656
2140 2656
3882 2656
2 2657
2419 2657
3631 2657
8264 2657
1095 2657
5697 2657
1163 2657
971 2657
1299 2657
6980 2657
69 2657
5654 2657
5451 2657
5439 2657
3045 2657
568 2657
1842 2657
2360 2658
6908 2658
460 2658
3284 2658
5418 2658
4545 2658
6873 2658
6049 2658
3871 2658
6110 2658
7714 2658
7831 2658
4973 2658
7982 2658
6968 2658
6984 2659
7229 2659
3497 2659
272 2659
1559 2659
6475 2659
3990 2659
4531 2659
2631 2659
3486 2659
1672 2659
598 2659
588 2659
2097 2660
3839 2660
5768 2660
437 2660
5273 2660
5439 2660
5155 2660
7535 2660
1248 2660
3261 2660
3008 2660
4006 2660
1903 2660
1435 2660
5221 2660
2373 2660
2217 2660
6992 2661
5736 2661
7009 2661
3905 2661
470 2661
5597 2661
3878 2661
6077 2661
4570 2661
2807 2661
3352 2661
4453 2661
4125 2661
1098 2661
4433 2661
6693 2661
1076 2661
533 2662
4715 2662
4823 2662
3293 2662
1015 2662
2900 2662
3763 2662
4446 2662
27 2662
1145 2662
1764 2662
515 2662
4741 2662
5447 2662
6982 2662
8134 2662
2908 2663
4822 2663
6145 2663
4568 2663
5766 2663
7009 2663
5036 2663
2630 2663
8286 2663
5463 2663
4565 2663
8186 2663
837 2663
2272 2663
314 2663
2664 2664
7531 2664
1227 2664
5123 2664
5878 2664
1795 2664
3743 2664
6158 2664
3321 2664
3439 2664
4718 2664
5734 2664
2917 2664
727 2664
2272 2664
7990 2664
1880 2664
7992 2664
5057 2664
6888 2664
8033 2664
7437 2664
3859 2664
5957 2665
1364 2665
5811 2665
3134 2665
8029 2665
2 2665
5420 2665
1615 2665
6308 2665
486 2665
3622 2665
8203 2666
6050 2666
2451 2666
4109 2666
5554 2666
19 2666
535 2666
3406 2666
1558 2666
1725 2666
7777 2666
2533 2666
5333 2666
23 2666
5190 2666
5250 2666
4935 2666
2654 2666
6841 2667
3424 2667
3070 2667
8041 2667
5625 2667
3243 2667
2619 2667
438 2667
7382 2667
2005 2667
8171 2667
2017 2667
913 2667
4294 2667
4830 2667
179 2667
2367 2667
7229 2667
5028 2667
1791 2667
550 2668
1527 2668
1379 2668
5598 2668
151 2668
7544 2668
2113 2668
2293 2668
5818 2668
250 2668
2319 2668
7818 2669
348 2669
7726 2669
8114 2669
1291 2669
4821 2669
7719 2669
5018 2669
3309 2669
6008 2669
1866 2669
5757 2669
1203 2669
860 2669
4112 2669
1527 2669
4825 2669
5961 2669
6026 2669
4445 2669
7073 2669
7611 2669
7940 2669
6720 2669
6795 2669
318 2670
1142 2670
6276 2670
1877 2670
1432 2670
2979 2670
4748 2670
5988 2670
2115 2670
1218 2670
4105 2670
3582 2670
23 2670
4621 2670
4750 2670
6779 2670
2145 2670
2527 2670
2387 2671
2671 2671
3096 2671
178 2671
3793 2671
4039 2671
6879 2671
6051 2671
4238 2671
7738 2671
3090 2671
941 2671
2579 2671
5388 2671
1434 2671
2810 2671
1520 2671
7176 2672
2047 2672
3758 2672
910 2672
1209 2672
992 2672
4235 2672
6342 2672
2344 2672
2216 2672
1104 2672
1500 2672
5795 2672
5419 2672
230 2672
2877 2672
784 2672
1130 2672
3002 2672
425 2672
3481 2673
127 2673
7902 2673
443 2673
5632 2673
2963 2673
4954 2673
5976 2673
6686 2673
790 2673
8120 2673
5201 2673
6552 2673
6879 2673
789 2673
3404 2673
7972 2673
5757 2674
2674 2674
6919 2674
5735 2674
4716 2674
1559 2674
2427 2674
327 2674
1195 2674
3630 2674
375 2674
5005 2674
4030 2674
4102 2674
5500 2674
1920 2675
1740 2675
5777 2675
8102 2675
7097 2675
3506 2675
4891 2675
6111 2675
5265 2675
2929 2675
2010 2675
3657 2675
2939 2675
7224 2675
4710 2675
5941 2675
3747 2675
7734 2675
7170 2675
5679 2676
3281 2676
5237 2676
1263 2676
807 2676
6616 2676
817 2676
1175 2676
122 2676
3908 2676
6076 2676
3946 2676
6179 2676
4727 2677
2842 2677
3776 2677
8011 2677
5955 2677
4403 2677
4286 2677
5142 2677
5045 2677
601 2677
3847 2677
3759 2677
7776 2677
1970 2677
562 2677
5751 2677
3612 2677
1096 2677
5974 2677
2831 2678
3540 2678
7678 2678
1574 2678
186 2678
156 2678
1897 2678
5032 2678
6057 2678
6622 2678
936 2678
309 2678
7763 2678
1661 2678
3086 2678
5227 2678
7057 2679
4745 2679
1147 2679
1192 2679
8017 2679
683 2680
1968 2680
817 2680
6212 2680
5084 2680
7356 2680
2435 2680
6304 2680
3084 2680
2530 2680
4331 2680
1560 2680
4363 2680
5547 2680
4587 2680
4938 2680
7532 2680
6342 2680
6358 2680
2201 2680
6114 2680
4544 2681
7887 2681
1527 2681
3307 2681
860 2681
6755 2681
2356 2681
4572 2681
794 2681
6680 2681
6736 2682
1296 2682
4931 2682
6962 2682
897 2682
1442 2682
416 2682
3354 2682
1710 2682
1179 2682
327 2682
2707 2682
2509 2682
8054 2682
2277 2682
4779 2682
2905 2683
4533 2683
7441 2683
1699 2683
6325 2683
6701 2683
2764 2683
7875 2683
7541 2683
2133 2683
1447 2683
7393 2683
6071 2683
8161 2683
4943 2684
3813 2684
7736 2684
1473 2684
1275 2684
7255 2684
167 2684
97 2684
6314 2684
1101 2684
5239 2684
2900 2684
40 2684
4526 2684
216 2684
7432 2684
6594 2684
1037 2684
7120 2684
1532 2684
5670 2684
1834 2685
3371 2685
3486 2685
5908 2685
4750 2685
2450 2685
3982 2685
5387 2685
1069 2685
2796 2685
4368 2685
5509 2685
5432 2685
6496 2685
6276 2685
999 2685
194 2685
1987 2685
1750 2685
7869 2685
6751 2685
6919 2686
515 2686
4912 2686
71 2686
1248 2686
5515 2686
7995 2686
1357 2686
1073 2686
2125 2686
8025 2686
3050 2686
2740 2686
641 2686
4416 2687
2579 2687
2081 2687
4092 2687
4654 2687
7797 2687
4381 2687
4258 2687
4710 2687
6107 2687
594 2687
7618 2687
355 2687
3382 2687
2845 2687
6563 2687
4175 2688
5240 2688
6819 2688
1578 2688
4816 2688
1273 2688
4308 2688
7243 2688
6443 2688
4555 2688
3627 2688
1986 2688
6340 2688
448 2688
5690 2688
5743 2688
456 2689
6163 2689
341 2689
495 2689
1923 2689
7896 2689
794 2689
2445 2689
957 2689
5927 2689
1579 2689
1716 2689
892 2689
6841 2689
7678 2689
1719 2689
151 2689
3350 2689
2439 2689
2714 2690
5483 2690
6849 2690
1321 2690
2128 2690
1610 2690
5334 2690
4075 2690
7935 2690
7949 2690
961 2690
5005 2690
6663 2690
7014 2690
3789 2691
3461 2691
1890 2691
8204 2691
1489 2691
2720 2691
4790 2691
6073 2691
4274 2691
7976 2691
4755 2691
791 2691
502 2691
5033 2691
7571 2691
4430 2691
961 2692
8196 2692
3796 2692
1686 2692
807 2692
3565 2692
703 2692
1313 2692
1291 2692
1549 2692
7506 2692
6807 2692
4544 2692
1096 2692
7450 2692
6825 2692
7604 2693
1498 2693
2634 2693
851 2693
2806 2693
6690 2693
6598 2693
5986 2693
3614 2693
3453 2693
5233 2693
4308 2694
1547 2694
1411 2694
7177 2694
253 2694
5202 2694
568 2694
6903 2694
2230 2694
24 2694
2342 2694
1462 2694
4160 2694
1985 2694
4778 2694
1262 2694
4458 2694
7166 2694
3898 2694
8046 2694
4294 2694
7986 2695
190 2695
6849 2695
1913 2695
806 2695
779 2695
8053 2695
8244 2695
1275 2695
1200 2695
3275 2695
6223 2695
6767 2695
348 2696
4308 2696
5637 2696
1015 2696
6739 2696
524 2696
6881 2696
2773 2696
592 2696
6026 2696
7349 2696
6100 2696
1188 2696
6719 2696
3908 2696
6979 2696
7132 2696
3761 2696
3338 2696
1750 2696
3304 2696
6039 2696
2962 2696
6984 2696
4213 2697
2479 2697
4123 2697
2065 2697
532 2697
3611 2697
3829 2697
3539 2697
3656 2697
4447 2697
6440 2697
4981 2697
7404 2697
1203 2697
7721 2697
1122 2697
3711 2698
5570 2698
2198 2698
2568 2698
3485 2698
789 2698
5518 2698
5753 2698
6168 2698
6664 2698
3074 2698
7404 2698
3513 2698
4705 2698
5426 2698
6201 2698
6013 2698
2699 2699
3777 2699
2422 2699
762 2699
7060 2699
7237 2699
1360 2699
3003 2699
6269 2699
7493 2699
892 2699
1774 2699
7456 2699
2477 2699
3963 2700
4375 2700
5357 2700
194 2700
7953 2700
593 2700
6573 2700
6945 2700
6112 2700
4765 2700
4366 2700
5050 2700
6743 2700
5209 2700
4954 2701
896 2701
4190 2701
6886 2701
4724 2701
1749 2701
6226 2701
3888 2701
708 2701
75 2701
3331 2701
2951 2701
7467 2701
7061 2701
5344 2701
4288 2702
486 2702
1356 2702
803 2702
8010 2702
2008 2702
3104 2702
4526 2702
6551 2702
772 2702
409 2702
4283 2702
5503 2702
6441 2702
3439 2702
4799 2702
7469 2702
4587 2703
6675 2703
6822 2703
6632 2703
4572 2703
5379 2703
5719 2703
4017 2703
1911 2703
4988 2703
274 2703
5940 2704
615 2704
5330 2704
7514 2704
4998 2704
3922 2704
6697 2704
5084 2704
3728 2704
4536 2704
6179 2704
7743 2704
3903 2704
4160 2704
403 2704
6246 2704
611 2704
2261 2704
2633 2704
8106 2704
7765 2704
5850 2705
2851 2705
7950 2705
1015 2705
2395 2705
2709 2705
1194 2705
3151 2705
1040 2705
4228 2705
3568 2705
