153 2705
4553 2705
1668 2705
5772 2705
5148 2705
904 2705
4546 2705
2694 2705
1866 2705
7017 2705
2490 2705
1858 2705
3249 2706
3331 2706
6965 2706
7251 2706
6446 2706
8016 2706
4798 2706
4591 2706
2759 2706
5123 2706
3201 2706
4997 2706
1261 2706
993 2706
2567 2706
1011 2706
6145 2706
6437 2706
2049 2706
6573 2706
995 2706
3375 2706
1906 2706
4666 2706
5722 2707
1284 2707
4542 2707
4170 2707
4321 2707
1911 2707
2276 2707
5399 2707
7774 2707
2221 2707
3056 2707
7599 2707
8193 2707
6111 2707
3640 2707
3946 2707
864 2707
2795 2708
7189 2708
5648 2708
8037 2708
5509 2708
1856 2708
1990 2708
4228 2708
222 2708
624 2708
2542 2708
1157 2708
5375 2708
756 2708
1071 2709
4262 2709
5583 2709
716 2709
3052 2709
3072 2709
7323 2709
6165 2709
2097 2709
5972 2709
2746 2709
3617 2709
2800 2709
4408 2709
60 2709
3949 2709
730 2709
5493 2709
7277 2709
662 2709
5452 2709
4130 2710
5631 2710
5681 2710
7156 2710
583 2710
6839 2710
7892 2710
153 2710
7977 2710
5752 2710
2561 2710
5943 2710
4639 2710
4259 2710
859 2710
84 2710
3639 2710
280 2710
7588 2710
7137 2711
7328 2711
6110 2711
5233 2711
5743 2711
2195 2711
5239 2711
4701 2711
5978 2711
8257 2711
2301 2711
1903 2711
664 2711
6427 2711
3801 2711
1710 2711
4395 2712
4051 2712
4065 2712
6538 2712
8198 2712
5211 2712
1594 2712
5348 2712
5495 2712
3545 2712
4321 2712
5116 2712
3873 2712
378 2712
3591 2712
8124 2713
1783 2713
7589 2713
4233 2713
4985 2713
997 2713
1169 2713
1342 2713
5149 2713
3438 2713
6095 2713
1489 2713
5920 2713
591 2713
4872 2713
1376 2713
7153 2713
2054 2713
772 2714
512 2714
584 2714
8220 2714
2759 2714
853 2714
165 2714
5663 2714
1149 2714
2320 2714
4850 2714
2186 2714
391 2714
5194 2714
6262 2714
6772 2714
3868 2714
279 2714
6152 2714
3294 2715
194 2715
7158 2715
7742 2715
444 2715
7630 2715
1757 2715
5888 2715
1934 2715
1281 2715
1261 2715
302 2715
1147 2715
5919 2715
3086 2715
1219 2715
3439 2715
7148 2715
7565 2715
4746 2715
7399 2716
5740 2716
4151 2716
8210 2716
284 2716
6646 2716
7543 2716
4258 2716
4657 2716
4069 2716
352 2716
2867 2716
5299 2716
2327 2716
4899 2716
6179 2716
5690 2717
4827 2717
4140 2717
3420 2717
5109 2717
7364 2717
7832 2717
2048 2717
4082 2717
2233 2717
2390 2717
457 2717
6305 2717
2225 2717
4597 2717
7027 2717
4893 2717
5472 2717
6792 2717
2370 2718
1495 2718
715 2718
1680 2718
601 2718
560 2718
7505 2718
4770 2718
2584 2718
3462 2718
6168 2718
2708 2718
5715 2718
3512 2718
550 2718
756 2719
5349 2719
2080 2719
938 2719
5257 2719
4220 2719
7271 2719
646 2719
5158 2719
2171 2719
2711 2719
905 2719
3684 2719
5073 2719
667 2719
6275 2719
6993 2719
2919 2719
4247 2719
4694 2719
3311 2719
4935 2719
5834 2719
753 2720
5462 2720
961 2720
8015 2720
5017 2720
8241 2720
3436 2720
3408 2720
5085 2720
640 2720
1165 2720
6446 2720
1063 2720
1949 2720
1664 2720
1599 2720
6950 2720
3988 2720
3079 2720
8205 2720
316 2721
350 2721
2279 2721
7083 2721
3787 2721
2973 2721
5151 2721
921 2721
5261 2721
4416 2721
2278 2721
1524 2721
2445 2721
4913 2721
7081 2721
3790 2721
2075 2721
7064 2721
6718 2721
4541 2722
90 2722
7204 2722
3168 2722
5978 2722
1214 2722
4972 2722
5557 2722
2004 2722
4395 2722
729 2722
1811 2722
8120 2722
3759 2722
7996 2723
5852 2723
2509 2723
7169 2723
937 2723
5438 2723
4894 2723
450 2723
2072 2723
5591 2723
374 2723
7286 2723
4724 2723
4878 2723
4258 2723
5722 2723
3351 2723
835 2723
4008 2723
2489 2723
3314 2723
2768 2723
1614 2723
3534 2723
6578 2723
729 2723
7391 2723
4010 2723
4109 2723
5348 2724
3809 2724
6049 2724
7366 2724
6775 2724
3679 2724
3226 2724
765 2724
4376 2724
1086 2724
4966 2724
7525 2724
6985 2724
4762 2724
1912 2724
7508 2724
4125 2724
5314 2725
1081 2725
4949 2725
3614 2725
2150 2725
374 2725
681 2725
1094 2725
750 2725
4568 2725
5366 2725
4882 2725
2576 2726
6085 2726
1803 2726
2723 2726
1707 2726
1003 2726
434 2726
1440 2726
4381 2726
2706 2726
5566 2726
2841 2726
1740 2727
2443 2727
4669 2727
23 2727
7630 2727
2078 2727
2754 2727
3699 2727
6781 2727
3252 2727
30 2727
4125 2727
4397 2727
4892 2728
3245 2728
2877 2728
6733 2728
7424 2728
3060 2728
2957 2728
7690 2728
7116 2728
7491 2728
2904 2728
1811 2728
4850 2728
748 2728
2004 2728
4314 2728
5468 2728
6162 2728
1685 2729
258 2729
3107 2729
5834 2729
4228 2729
2281 2729
4678 2729
4334 2729
2882 2729
749 2729
5102 2729
7251 2729
4919 2729
5327 2729
6242 2729
2730 2730
8245 2730
6974 2730
1178 2730
2405 2730
1579 2730
7674 2730
740 2730
1726 2730
7646 2730
3091 2730
3778 2730
1870 2730
1960 2730
6295 2730
1690 2730
1537 2730
712 2730
4907 2730
1352 2730
5502 2730
6410 2730
2941 2730
5779 2730
3446 2730
4049 2730
2324 2730
3846 2730
1243 2730
6725 2730
221 2730
6121 2731
6763 2731
4556 2731
1514 2731
7778 2731
7850 2731
7875 2731
6489 2731
5438 2731
6391 2731
3284 2731
5303 2731
5888 2732
3271 2732
5927 2732
6295 2732
2128 2732
1934 2732
2443 2732
3009 2732
7169 2732
452 2732
4655 2732
4800 2732
5421 2732
2335 2732
7214 2732
4544 2732
1118 2732
7981 2732
6371 2732
5506 2732
4825 2732
3312 2733
2386 2733
1877 2733
2393 2733
6918 2733
5527 2733
4553 2733
7013 2733
7698 2733
8108 2733
2758 2733
1551 2733
7974 2733
3193 2733
6811 2733
3967 2733
7344 2733
5250 2733
6864 2734
7071 2734
7892 2734
6232 2734
7653 2734
7122 2734
1003 2734
4759 2734
1846 2734
3269 2734
832 2734
208 2734
6711 2734
2397 2734
4075 2734
4966 2734
3790 2734
1571 2734
4968 2735
1295 2735
1698 2735
6951 2735
7284 2735
4404 2735
4541 2735
925 2735
617 2735
6487 2735
2040 2735
6605 2735
2665 2735
8229 2735
4586 2735
6021 2735
3010 2736
4848 2736
2763 2736
3015 2736
3833 2736
275 2736
7599 2736
278 2736
6336 2736
1774 2736
2840 2736
6511 2736
6377 2736
3676 2736
3522 2736
7745 2737
2737 2737
8024 2737
3172 2737
1724 2737
5101 2737
1921 2737
1746 2737
326 2737
3190 2737
3742 2737
2645 2737
6242 2737
5630 2737
2395 2737
3806 2737
5142 2737
6363 2737
6817 2737
2062 2737
984 2737
7613 2738
3086 2738
4196 2738
6485 2738
1596 2738
1472 2738
3605 2738
4182 2738
6736 2738
6232 2738
3702 2738
8129 2738
853 2739
5017 2739
2593 2739
7712 2739
3531 2739
4686 2739
550 2739
1885 2739
7322 2739
6649 2739
6276 2739
3149 2739
8100 2739
34 2739
5552 2739
595 2739
5957 2739
4566 2739
4377 2739
6737 2739
6427 2739
7145 2739
7731 2740
5353 2740
3345 2740
4619 2740
2145 2740
6364 2740
6580 2740
716 2740
2404 2740
2635 2740
5549 2740
5397 2740
1366 2740
7075 2740
2086 2740
1105 2740
5548 2740
6242 2740
2422 2740
6248 2741
4082 2741
6895 2741
7717 2741
1681 2741
6294 2741
4108 2741
6961 2741
6115 2741
8266 2741
4792 2741
4861 2741
6679 2741
3927 2741
3036 2741
3684 2741
3796 2741
3373 2741
4979 2742
6497 2742
4933 2742
4779 2742
8255 2742
512 2742
3518 2742
2759 2742
7243 2742
1233 2742
3468 2742
6033 2742
7840 2742
6954 2742
1829 2743
7862 2743
1880 2743
1783 2743
2903 2743
1027 2743
1386 2743
2853 2743
5637 2743
2520 2743
3801 2743
6165 2743
4672 2743
5537 2743
6633 2743
753 2743
5397 2743
107 2743
6686 2743
3985 2743
7861 2743
5615 2743
1918 2744
6580 2744
7494 2744
624 2744
8152 2744
7970 2744
6313 2744
709 2744
524 2744
1194 2744
3705 2744
2065 2744
2905 2744
4468 2744
4586 2745
5411 2745
6937 2745
4131 2745
5001 2745
6480 2745
2030 2745
7570 2745
3913 2745
7028 2745
2791 2745
2600 2745
2977 2745
6398 2745
6536 2745
5494 2746
6658 2746
7618 2746
6828 2746
7480 2746
1268 2746
5070 2746
7720 2746
4716 2746
5400 2746
7591 2746
6614 2746
5670 2746
4963 2746
3021 2746
4846 2746
2747 2747
3581 2747
7678 2747
787 2747
3009 2747
190 2747
3113 2747
3102 2747
4173 2747
3192 2747
5021 2747
951 2747
5844 2747
5583 2747
7004 2748
7613 2748
4482 2748
7253 2748
5300 2748
8150 2748
3436 2748
7552 2748
7517 2748
8265 2748
1594 2748
7986 2749
2010 2749
1932 2749
4972 2749
2844 2749
7565 2749
6257 2749
523 2749
129 2749
3788 2749
3543 2749
5239 2750
8102 2750
7146 2750
5252 2750
5377 2750
2925 2750
2875 2750
2191 2750
2231 2750
5 2750
135 2750
495 2750
6360 2750
1025 2750
7570 2750
5085 2750
7860 2750
3438 2751
769 2751
1103 2751
6891 2751
7748 2751
154 2751
2248 2751
2842 2751
2567 2751
30 2751
6979 2751
2688 2751
3918 2751
4279 2751
6913 2751
7426 2751
6877 2751
3675 2752
5733 2752
4423 2752
92 2752
6242 2752
2734 2752
449 2752
2744 2752
6084 2752
6188 2752
1770 2752
8172 2752
7048 2753
7864 2753
5572 2753
3803 2753
6717 2753
7611 2753
1117 2753
3924 2753
5047 2753
1756 2753
6142 2753
2419 2753
5439 2753
7546 2753
94 2753
1912 2753
6646 2753
5157 2754
809 2754
6927 2754
5412 2754
5832 2754
2054 2754
5257 2754
4997 2754
1686 2754
442 2754
1031 2754
885 2754
7435 2754
7788 2754
7927 2754
3654 2754
1728 2755
5075 2755
6421 2755
8285 2755
7271 2755
4582 2755
6691 2755
7155 2755
8084 2755
5236 2755
3343 2755
7799 2755
6964 2755
4025 2755
491 2755
7108 2755
1949 2755
2987 2756
2062 2756
6188 2756
2721 2756
3119 2756
581 2756
2557 2756
5630 2756
6840 2756
757 2756
1122 2756
6404 2756
4013 2756
4254 2756
2795 2756
3136 2756
6071 2757
1262 2757
4820 2757
5684 2757
7074 2757
6210 2757
5495 2757
1236 2757
5868 2757
1839 2757
5379 2757
2450 2757
1704 2757
7397 2757
8078 2757
1029 2757
5294 2757
3575 2758
7185 2758
4625 2758
3446 2758
462 2758
7736 2758
6718 2758
7953 2758
2915 2758
4542 2758
7199 2758
4745 2759
8219 2759
6307 2759
7488 2759
7896 2759
5894 2759
3491 2759
2133 2759
3505 2759
291 2759
6416 2759
201 2759
7986 2759
5008 2759
4690 2759
3468 2759
779 2760
2031 2760
2342 2760
5404 2760
6302 2760
4082 2760
1213 2760
3477 2760
938 2760
2375 2760
2785 2760
2378 2760
3303 2760
352 2760
5096 2761
5565 2761
3098 2761
7997 2761
4441 2761
3851 2761
3563 2761
1548 2761
5333 2761
3692 2761
5636 2761
3766 2761
2268 2761
1268 2761
3968 2761
5405 2761
5461 2761
4921 2761
7143 2761
892 2761
941 2761
7523 2761
5625 2761
1667 2761
7962 2761
2245 2761
6575 2762
5615 2762
892 2762
1732 2762
44 2762
833 2762
6932 2762
4338 2762
4414 2762
3668 2762
3180 2762
588 2762
179 2762
1206 2762
7427 2762
3184 2762
2099 2762
5750 2762
4496 2762
6538 2762
5288 2762
48 2762
4097 2763
662 2763
622 2763
6065 2763
3922 2763
3752 2763
5012 2763
4375 2763
6066 2763
1245 2763
7958 2763
4060 2763
4480 2763
4743 2763
6576 2763
2239 2763
4929 2763
1516 2763
4041 2763
7664 2763
2647 2764
6464 2764
1425 2764
3200 2764
5462 2764
5446 2764
6850 2764
6970 2764
2942 2764
4105 2764
225 2764
1263 2764
4188 2764
3651 2764
6156 2764
3687 2765
1242 2765
1555 2765
7450 2765
2301 2765
1769 2765
6919 2765
3397 2765
2468 2765
7220 2765
2649 2765
3466 2765
4144 2765
5502 2766
1296 2766
2312 2766
3801 2766
112 2766
5330 2766
6727 2766
7837 2766
1795 2766
2633 2766
1673 2766
8027 2766
4343 2766
5530 2766
6927 2766
5976 2766
363 2766
6506 2766
7875 2767
828 2767
2257 2767
6509 2767
4926 2767
5844 2767
6531 2767
2425 2767
7246 2767
5534 2767
3233 2767
6330 2767
2366 2767
8229 2767
2239 2767
6050 2767
2638 2767
929 2768
2814 2768
7299 2768
6554 2768
37 2768
5750 2768
7029 2768
3479 2768
6677 2768
2222 2768
1823 2768
6258 2768
7573 2768
393 2768
1473 2768
4647 2768
2533 2768
1481 2768
4019 2768
1855 2768
5254 2768
4182 2768
469 2768
1097 2769
1972 2769
2019 2769
1501 2769
2312 2769
3789 2769
7564 2769
3005 2769
720 2769
4956 2769
6358 2769
4565 2769
4497 2769
3485 2769
708 2769
1756 2770
2239 2770
709 2770
489 2770
1860 2770
5799 2770
2204 2770
4837 2770
2790 2770
4715 2770
7646 2770
7308 2770
1190 2771
4364 2771
6862 2771
416 2771
269 2771
240 2771
6493 2771
2513 2771
1113 2771
4640 2771
645 2771
32 2771
5169 2771
2858 2771
729 2771
2909 2771
3031 2771
8132 2772
5482 2772
750 2772
4825 2772
1960 2772
1865 2772
7648 2772
588 2772
6767 2772
3254 2772
4877 2772
2217 2772
4997 2773
4699 2773
1829 2773
4319 2773
2385 2773
7867 2773
7887 2773
5257 2773
2784 2773
4704 2773
1045 2773
3534 2773
1645 2773
6354 2773
6649 2774
1846 2774
7718 2774
6066 2774
3531 2774
3736 2774
383 2774
5470 2774
6887 2774
7891 2774
908 2774
7553 2775
1305 2775
4568 2775
4762 2775
1713 2775
1315 2775
1281 2775
94 2775
4532 2775
3644 2775
2691 2775
272 2775
5955 2775
595 2775
4718 2775
5530 2775
6364 2775
5483 2776
7215 2776
362 2776
3623 2776
7850 2776
1802 2776
4325 2776
1253 2776
76 2777
6539 2777
1007 2777
6154 2777
6704 2777
941 2777
598 2777
1918 2777
5991 2777
1223 2777
6313 2777
4431 2777
2524 2777
4811 2777
2099 2777
4199 2777
4386 2777
6021 2777
6368 2777
6251 2777
6162 2777
8231 2778
3047 2778
2522 2778
3564 2778
7840 2778
2915 2778
7110 2778
4729 2778
1662 2778
7399 2778
3107 2778
4766 2778
4425 2778
3333 2778
6741 2779
6982 2779
6333 2779
337 2779
189 2779
7085 2779
7440 2779
1445 2779
8072 2779
641 2779
616 2779
3687 2779
6965 2779
1490 2779
7559 2779
642 2779
6221 2780
154 2780
6268 2780
6037 2780
5528 2780
5344 2780
308 2780
3044 2780
3766 2780
4029 2780
3271 2780
398 2780
7142 2780
2805 2780
6709 2780
3510 2780
2680 2781
2574 2781
4745 2781
2413 2781
894 2781
6430 2781
7277 2781
7086 2781
745 2781
4012 2781
6867 2781
5163 2781
1965 2781
4004 2781
4233 2781
1749 2781
43 2781
4821 2781
6277 2782
2417 2782
1047 2782
7844 2782
5199 2782
7604 2782
8028 2782
5692 2782
3652 2782
1264 2782
2435 2782
1796 2782
4714 2782
7606 2782
7293 2782
5843 2782
1387 2782
495 2782
3350 2782
49 2782
1454 2782
1803 2783
5482 2783
2473 2783
1049 2783
182 2783
7260 2783
1538 2783
1265 2783
4482 2783
2844 2783
7314 2783
314 2783
7721 2783
5518 2783
4637 2783
5487 2784
2962 2784
5061 2784
7194 2784
24 2784
4398 2784
5457 2784
2006 2784
1306 2784
7670 2784
5860 2784
6972 2784
7822 2784
4603 2784
2849 2784
1734 2784
8265 2784
5965 2784
2568 2784
2181 2785
5355 2785
3092 2785
6892 2785
2783 2785
431 2785
6154 2785
1758 2785
6361 2785
3560 2785
7946 2785
3732 2785
8166 2785
2077 2785
1299 2786
1703 2786
4480 2786
4091 2786
1917 2786
5684 2786
3836 2786
4301 2786
5734 2786
4633 2786
353 2786
6664 2786
1347 2786
2749 2786
6180 2786
1261 2786
467 2786
1910 2786
603 2786
1310 2786
8291 2787
2199 2787
5703 2787
7818 2787
6168 2787
387 2787
7765 2787
4596 2787
207 2787
1483 2787
6879 2787
8139 2787
5739 2787
5031 2788
3021 2788
2981 2788
3539 2788
823 2788
897 2788
2445 2788
6182 2788
3943 2788
1307 2788
3013 2788
5435 2788
5716 2788
2139 2788
5351 2788
4660 2788
1873 2788
5410 2788
6626 2788
2479 2788
2789 2789
292 2789
7347 2789
6022 2789
1103 2789
6520 2789
6769 2789
5640 2789
7019 2789
7238 2789
3169 2789
1353 2789
4622 2789
1927 2789
4183 2790
6072 2790
917 2790
5101 2790
2709 2790
3833 2790
7369 2790
3038 2790
990 2790
7976 2790
4646 2790
7647 2790
7574 2790
6305 2790
76 2790
3839 2790
8105 2790
1780 2791
7036 2791
8079 2791
4490 2791
5945 2791
4182 2791
3498 2791
3275 2791
4400 2791
5883 2791
3006 2791
6410 2791
5311 2791
4640 2791
4444 2792
1269 2792
1478 2792
1124 2792
3843 2792
2032 2792
6598 2792
4521 2793
1357 2793
2585 2793
1991 2793
4990 2793
2397 2793
7986 2793
2951 2793
1555 2793
2794 2794
935 2794
171 2794
6566 2794
5543 2794
2344 2794
3140 2794
2673 2794
7167 2794
5892 2794
4497 2794
8133 2794
4318 2794
3137 2794
2570 2794
6679 2794
138 2794
7229 2794
3047 2794
5175 2794
734 2794
7330 2794
5462 2794
7371 2795
5400 2795
7648 2795
7560 2795
4717 2795
7563 2795
1766 2795
2272 2795
283 2795
7651 2795
942 2795
4929 2795
5317 2795
4798 2796
2879 2796
3977 2796
7682 2796
4366 2796
1887 2796
257 2796
1684 2796
8240 2796
6879 2796
2812 2796
7021 2796
7022 2796
4723 2796
8127 2796
4689 2796
7645 2796
2555 2796
4142 2796
2426 2796
1361 2797
1968 2797
226 2797
7314 2797
1308 2797
7465 2797
126 2797
1906 2797
2191 2797
5397 2797
3609 2797
5372 2797
5974 2797
3871 2797
1408 2797
1419 2797
4653 2797
583 2797
4582 2797
1692 2797
2791 2797
7282 2798
3465 2798
6867 2798
5884 2798
5 2798
6220 2798
4996 2798
3007 2798
7176 2798
7263 2798
4241 2798
3950 2799
4524 2799
7711 2799
7148 2799
1212 2799
8271 2799
7665 2799
3088 2799
2549 2799
6874 2799
865 2799
7215 2799
1707 2799
3948 2800
4912 2800
1295 2800
1257 2800
1912 2800
6700 2800
2423 2800
1892 2800
5987 2800
3688 2800
1365 2800
2247 2800
4538 2800
6954 2800
8236 2800
3917 2800
1724 2800
5775 2800
5022 2800
7269 2800
2523 2800
6200 2800
125 2800
2911 2801
2734 2801
4542 2801
5985 2801
646 2801
4429 2801
7891 2801
8259 2801
7651 2801
6144 2801
6554 2801
263 2801
2636 2802
1672 2802
4966 2802
4942 2802
4488 2802
3409 2802
6853 2802
6862 2802
4139 2802
1878 2802
8229 2802
1263 2802
5500 2802
1103 2802
934 2802
5344 2802
7894 2803
7328 2803
4327 2803
7004 2803
3413 2803
7368 2803
5173 2803
1920 2803
1828 2803
6024 2803
1116 2803
1721 2803
2477 2803
5341 2803
7644 2803
5386 2803
1953 2803
1189 2803
7463 2803
2005 2803
4561 2804
7496 2804
2524 2804
3675 2804
7521 2804
1719 2804
2010 2804
1869 2804
4846 2804
2383 2804
6621 2804
1912 2804
4492 2804
5691 2804
3039 2804
4382 2804
4237 2805
3396 2805
5043 2805
5493 2805
7901 2805
183 2805
141 2805
8010 2805
2495 2805
3201 2805
2426 2805
6615 2805
1718 2805
3658 2805
7377 2806
982 2806
3324 2806
5548 2806
7668 2806
4986 2806
7378 2806
1683 2806
1676 2806
144 2806
6014 2806
6314 2806
2245 2806
5610 2806
5626 2806
2256 2806
5736 2806
6817 2806
7019 2806
5649 2806
6494 2806
5940 2807
2310 2807
6659 2807
1690 2807
3090 2807
7469 2807
7386 2807
7711 2807
2438 2807
616 2807
6286 2807
1250 2808
2786 2808
7651 2808
1509 2808
5812 2808
7190 2808
2272 2808
1855 2808
2663 2808
1127 2808
2832 2808
3615 2808
1849 2808
1105 2808
3183 2808
3637 2808
5861 2808
5818 2809
5696 2809
508 2809
2934 2809
1412 2809
6790 2809
177 2809
2875 2809
1148 2809
2225 2809
6812 2809
5050 2809
3783 2809
2855 2809
4862 2810
6286 2810
7781 2810
6037 2810
675 2810
3333 2810
423 2810
6734 2810
1275 2810
3398 2810
7554 2810
7680 2810
4511 2810
1999 2811
1787 2811
7669 2811
661 2811
1578 2811
1645 2811
534 2811
2983 2811
3738 2811
1093 2811
3073 2811
491 2811
5566 2811
1903 2811
1998 2812
7123 2812
2282 2812
4631 2812
4431 2812
4858 2812
647 2812
6059 2812
663 2812
4019 2812
3240 2812
5037 2812
929 2812
4188 2812
3663 2813
5250 2813
7831 2813
57 2813
581 2813
6358 2813
3891 2813
3254 2813
1250 2813
787 2814
1731 2814
7294 2814
6249 2814
2629 2814
2806 2814
2427 2814
8135 2814
3039 2814
4375 2814
891 2814
3468 2814
2293 2814
1075 2814
279 2814
5605 2814
3518 2814
7997 2814
7394 2814
897 2814
797 2814
7138 2814
2078 2815
692 2815
1302 2815
7496 2815
1803 2815
982 2815
2807 2815
3752 2815
7639 2815
3456 2815
2320 2815
2150 2815
3537 2815
6249 2815
5664 2815
581 2815
1049 2815
3750 2816
7504 2816
2645 2816
6377 2816
659 2816
4388 2816
5961 2816
5411 2816
8249 2816
8078 2816
4189 2816
2759 2817
6600 2817
4203 2817
1953 2817
4961 2817
2337 2817
6031 2817
3145 2817
3338 2817
1396 2817
7392 2817
8008 2817
6792 2817
7382 2817
2330 2818
6428 2818
5908 2818
777 2818
1401 2818
2276 2818
894 2818
5225 2818
4860 2818
7044 2818
7284 2818
2039 2818
2002 2818
6368 2818
7875 2818
3914 2818
6 2818
1484 2818
5798 2819
2040 2819
3157 2819
6773 2819
68 2819
3165 2819
6220 2819
2778 2819
4668 2819
581 2819
826 2819
610 2819
4844 2819
2247 2819
6631 2819
3758 2819
4965 2820
3072 2820
6443 2820
4617 2820
2940 2820
6126 2820
4776 2820
976 2820
3408 2820
5447 2820
4843 2820
7437 2820
3220 2820
4180 2821
4561 2821
7933 2821
6550 2821
3671 2821
6631 2821
1835 2821
285 2821
3074 2821
8160 2821
2099 2821
7432 2821
7145 2821
3214 2821
2037 2821
7543 2821
7765 2821
601 2821
3397 2822
4378 2822
579 2822
3293 2822
4913 2822
1903 2822
1254 2822
6124 2822
4528 2822
6559 2822
6982 2822
2355 2822
2489 2822
5216 2822
5973 2822
5131 2822
8065 2822
6035 2822
8065 2823
2280 2823
537 2823
645 2823
4411 2823
5184 2823
5819 2823
6037 2823
897 2823
7428 2823
602 2823
2929 2823
7322 2823
3639 2823
2348 2824
73 2824
5650 2824
2845 2824
225 2824
2424 2824
869 2824
676 2824
8110 2824
4434 2824
6541 2824
7974 2824
1972 2824
6177 2824
3105 2824
5075 2824
4395 2824
5187 2824
1701 2825
8134 2825
3845 2825
2524 2825
6313 2825
1451 2825
7596 2825
905 2825
2533 2825
113 2825
3098 2825
6403 2825
1360 2825
8078 2825
7228 2825
5213 2825
6912 2825
4670 2826
1527 2826
198 2826
2826 2826
5039 2826
5073 2826
6261 2826
7910 2826
7347 2826
3786 2826
4839 2826
2917 2826
3539 2826
8161 2826
