7517 2826
5109 2826
5980 2826
802 2826
7691 2827
2175 2827
4870 2827
54 2827
8293 2827
4276 2827
2551 2827
2169 2827
3859 2827
7103 2827
2899 2827
7734 2827
7898 2827
4815 2827
1516 2828
5880 2828
4160 2828
4774 2828
3302 2828
4374 2828
47 2828
2195 2828
6341 2828
2080 2828
5884 2828
5742 2828
5354 2828
4690 2828
3346 2828
756 2829
2199 2829
7159 2829
1242 2829
2851 2829
3971 2829
3788 2829
3738 2829
103 2829
4278 2829
7169 2829
7388 2829
1184 2829
1299 2829
7447 2829
1097 2829
1087 2829
7832 2829
479 2829
183 2830
6773 2830
3441 2830
4847 2830
4375 2830
8193 2830
5824 2830
6574 2830
3117 2830
550 2830
1498 2830
4596 2830
4336 2830
1732 2830
1540 2830
7606 2830
7741 2830
606 2831
5701 2831
7050 2831
7867 2831
3627 2831
5394 2831
7951 2831
7911 2831
667 2831
7958 2831
2247 2831
2885 2831
604 2831
7508 2831
3674 2832
141 2832
7894 2832
1434 2832
3408 2832
4051 2832
1561 2832
7783 2832
6146 2832
4409 2832
7334 2832
1331 2832
3181 2832
6622 2832
3106 2832
3432 2832
5461 2832
5526 2832
1305 2832
219 2833
2641 2833
1502 2833
2481 2833
4242 2833
5063 2833
3892 2833
2772 2833
6961 2833
3925 2833
3960 2833
4808 2833
460 2833
6811 2833
3032 2833
6566 2833
92 2833
2828 2834
2837 2834
6531 2834
7535 2834
3045 2834
7754 2834
765 2834
5818 2834
3507 2834
1855 2834
8080 2834
704 2834
3310 2834
5303 2834
5432 2834
802 2834
2547 2834
6142 2835
2467 2835
5259 2835
970 2835
6276 2835
2111 2835
6768 2835
4087 2835
533 2835
1537 2835
1438 2835
4968 2835
4661 2835
2033 2835
4958 2836
6204 2836
1403 2836
8067 2836
8029 2836
492 2836
4962 2836
4807 2836
3122 2836
8154 2836
5233 2836
6814 2836
3746 2836
7185 2836
7034 2836
3892 2837
1609 2837
6304 2837
708 2837
3250 2837
3580 2837
4916 2837
869 2837
5173 2837
7061 2837
3644 2837
2810 2837
591 2837
7404 2837
2606 2837
8011 2838
491 2838
4313 2838
1215 2838
3338 2838
7873 2838
7978 2838
2344 2838
4451 2838
1803 2838
4762 2838
3063 2838
2937 2838
7703 2838
2673 2838
3218 2838
1561 2838
1561 2839
583 2839
1695 2839
5387 2839
781 2839
2281 2839
7864 2839
8125 2839
2171 2839
7713 2840
6681 2840
16 2840
6469 2840
1254 2840
156 2840
7563 2840
7059 2840
3510 2840
166 2840
1835 2840
4908 2840
4777 2841
4722 2841
6002 2841
4544 2841
2925 2841
4478 2841
1605 2841
563 2841
7083 2841
2362 2841
5738 2841
2769 2841
4099 2841
2294 2841
2303 2841
3808 2841
1355 2841
5386 2841
3825 2842
7578 2842
7589 2842
3436 2842
2478 2842
4042 2842
1763 2842
7562 2842
7487 2842
3506 2842
7521 2842
6405 2842
293 2842
1248 2842
6035 2843
8006 2843
3541 2843
7737 2843
4013 2843
2485 2843
7252 2843
4039 2843
3010 2843
5843 2843
1032 2843
1778 2843
1561 2843
3193 2843
7440 2843
6713 2843
1219 2843
1574 2843
4415 2844
71 2844
4114 2844
4490 2844
5177 2844
4884 2844
7771 2844
3035 2844
2358 2844
5605 2844
4386 2844
4155 2844
6706 2844
275 2844
5920 2845
7927 2845
1233 2845
1985 2845
5333 2845
4224 2845
1536 2845
3582 2845
2148 2845
3148 2845
136 2845
2254 2845
39 2845
1783 2845
2774 2845
6289 2845
4274 2845
3294 2845
315 2846
3177 2846
5463 2846
6587 2846
5283 2846
4884 2846
1917 2846
5599 2846
7475 2846
4651 2846
4774 2846
2152 2846
7849 2846
2508 2846
6535 2846
8241 2846
391 2846
6827 2846
8239 2846
7815 2846
7742 2847
5560 2847
1089 2847
3833 2847
3918 2847
197 2847
6026 2847
5751 2847
2971 2847
423 2847
5149 2847
3398 2847
3794 2847
6464 2847
1188 2847
5288 2847
4711 2847
6755 2848
54 2848
496 2848
417 2848
6363 2848
4919 2848
3842 2848
4231 2848
7097 2848
3047 2848
6711 2848
6081 2848
5690 2848
2039 2848
1346 2848
2208 2848
6867 2848
1927 2848
6971 2848
4453 2849
5965 2849
5193 2849
1652 2849
4590 2849
1000 2849
2786 2849
6931 2849
5326 2849
5446 2849
619 2849
1198 2849
3152 2849
5884 2849
1026 2849
2608 2849
2870 2850
4561 2850
4447 2850
3880 2850
2475 2850
7668 2850
3321 2850
7553 2850
2116 2850
4122 2850
2002 2850
4274 2850
3990 2850
1866 2850
28 2850
4134 2850
6125 2850
311 2850
6115 2851
3814 2851
2940 2851
456 2851
6575 2851
5475 2851
6493 2851
3348 2851
4744 2851
417 2851
4620 2851
5682 2851
7350 2852
3706 2852
3090 2852
4178 2852
4821 2852
6099 2852
2931 2852
57 2852
7653 2852
4981 2852
5568 2852
5313 2852
3180 2852
409 2852
6852 2852
4407 2853
8154 2853
1024 2853
2172 2853
2260 2853
770 2853
2741 2853
3756 2853
5582 2853
7297 2853
887 2853
3615 2853
5780 2853
291 2853
4179 2853
3982 2853
7456 2854
592 2854
2552 2854
6841 2854
7069 2854
863 2854
4127 2854
6819 2854
2688 2854
6459 2854
1277 2854
2365 2854
4233 2854
7981 2854
2455 2854
4352 2854
4276 2854
7654 2854
5991 2855
5536 2855
6156 2855
1078 2855
3842 2855
1079 2855
4464 2855
3074 2855
2810 2855
1459 2855
6008 2856
6356 2856
231 2856
3013 2856
5825 2856
135 2856
6970 2856
2647 2856
904 2856
4731 2856
6112 2856
5735 2856
1493 2856
8129 2856
1850 2856
6364 2856
2635 2857
5924 2857
5301 2857
2265 2857
2768 2857
1310 2857
10 2857
2018 2857
4265 2857
4268 2857
3876 2857
6395 2857
6421 2857
7595 2857
2868 2857
6305 2857
1184 2857
1088 2857
7882 2857
7894 2858
1546 2858
520 2858
4931 2858
4642 2858
6523 2858
3574 2858
106 2858
860 2858
1962 2858
5447 2858
1177 2858
6173 2859
7946 2859
5663 2859
6651 2859
2367 2859
6333 2859
3485 2859
4075 2859
5811 2859
2174 2859
3409 2859
6126 2859
4352 2859
3176 2859
2040 2859
3945 2859
5041 2860
2931 2860
4682 2860
6099 2860
8030 2860
3523 2860
7831 2860
4532 2860
1023 2860
5439 2860
938 2861
197 2861
1474 2861
6932 2861
739 2861
6496 2861
6578 2861
5745 2861
738 2861
7560 2861
7728 2861
1878 2861
6304 2861
853 2862
267 2862
594 2862
7058 2862
1024 2862
8192 2862
3470 2862
4665 2862
4054 2862
807 2862
7001 2862
6004 2862
168 2862
908 2863
7741 2863
7282 2863
6511 2863
4555 2863
6075 2863
2361 2863
8135 2863
925 2863
4037 2863
3883 2863
1518 2863
892 2863
486 2863
7298 2863
6624 2863
7534 2863
2633 2863
4774 2863
7518 2863
2302 2864
1522 2864
3529 2864
212 2864
2815 2864
3305 2864
4961 2864
2068 2864
7391 2864
6414 2864
4049 2864
4238 2864
4382 2864
6163 2864
3856 2864
5636 2864
1979 2865
894 2865
7127 2865
8293 2865
3211 2865
1058 2865
7646 2865
2753 2865
2160 2865
512 2865
3027 2865
1599 2865
5243 2865
1151 2865
6512 2865
750 2865
7844 2865
3989 2865
6949 2865
5119 2865
6030 2865
7396 2865
5240 2865
7613 2865
6884 2865
851 2866
320 2866
4162 2866
8053 2866
1913 2866
7390 2866
4639 2866
779 2866
3386 2866
4713 2866
3380 2866
6601 2866
2864 2866
5174 2866
2303 2866
2399 2866
3366 2866
1528 2866
3924 2867
168 2867
5160 2867
1746 2867
3784 2867
4496 2867
2900 2867
4516 2867
6837 2867
3005 2867
4375 2867
5414 2867
5388 2867
787 2868
6714 2868
3487 2868
7594 2868
3827 2868
2271 2868
2380 2868
7690 2868
3405 2868
1188 2868
6779 2868
7687 2868
2653 2868
3781 2868
2692 2868
167 2868
5168 2869
704 2869
7480 2869
3950 2869
2208 2869
5565 2869
6412 2869
4558 2869
4196 2869
7775 2869
2103 2869
807 2869
756 2869
1435 2870
5451 2870
3988 2870
3243 2870
7940 2870
6523 2870
7329 2870
2475 2870
3585 2870
5096 2870
3747 2870
2051 2870
7056 2870
5172 2870
8116 2870
5400 2870
1420 2870
4030 2870
7577 2871
799 2871
7076 2871
6085 2871
1370 2871
3895 2871
5509 2871
787 2871
7717 2871
6160 2871
2645 2871
2165 2871
2331 2871
389 2871
608 2871
2010 2871
3735 2872
5176 2872
2862 2872
4308 2872
2810 2872
7228 2872
7990 2872
5420 2872
4899 2872
5274 2872
8171 2872
5645 2872
1977 2872
1652 2873
2163 2873
7719 2873
2004 2873
4252 2873
5552 2873
3229 2873
6513 2873
5652 2873
7011 2873
3691 2873
455 2873
1081 2873
4228 2873
7480 2873
8074 2873
2672 2873
1752 2873
1302 2874
7540 2874
377 2874
4343 2874
8034 2874
4413 2874
7298 2874
3197 2874
7466 2874
629 2874
189 2874
3491 2874
1778 2874
5679 2874
2966 2874
4927 2874
5047 2874
8088 2875
2604 2875
6951 2875
5028 2875
2922 2875
1542 2875
2115 2875
725 2875
5150 2875
5468 2875
1140 2875
1300 2875
3104 2876
2904 2876
2048 2876
25 2876
5075 2876
306 2876
6494 2876
7895 2876
4331 2876
2787 2876
6965 2876
185 2876
6177 2876
7925 2876
4746 2877
5152 2877
3782 2877
6073 2877
5702 2877
2291 2877
7282 2877
6472 2877
995 2877
7807 2877
3152 2877
7000 2877
8238 2877
1509 2877
5273 2877
2977 2878
8016 2878
6326 2878
3026 2878
3876 2878
3725 2878
3879 2878
2729 2878
6710 2878
6591 2878
6523 2878
950 2878
201 2878
4387 2878
1055 2878
4884 2878
7265 2878
3808 2879
5878 2879
7108 2879
3787 2879
5360 2879
2788 2879
5685 2879
405 2879
1370 2879
1127 2879
3214 2879
288 2879
1663 2879
3543 2879
3782 2879
6376 2879
582 2879
6801 2879
1305 2879
550 2879
2572 2879
3346 2879
6446 2879
2697 2879
4573 2879
2642 2879
3124 2880
4042 2880
4976 2880
6360 2880
7554 2880
3041 2880
2113 2880
882 2880
5838 2880
6686 2880
3763 2880
6770 2880
7960 2881
4829 2881
1060 2881
7350 2881
7046 2881
3725 2881
7349 2881
6607 2881
2221 2881
993 2881
4086 2881
5972 2881
5951 2881
3563 2881
4900 2881
3307 2881
6087 2881
3597 2881
5736 2881
5733 2881
4447 2882
4039 2882
5641 2882
2399 2882
4556 2882
496 2882
488 2882
6831 2882
2019 2882
7367 2882
4145 2882
1704 2883
7141 2883
8077 2883
2077 2883
6856 2883
363 2883
6182 2883
3819 2883
3342 2883
5591 2883
6810 2883
68 2883
7726 2883
828 2883
7219 2884
1036 2884
2485 2884
2034 2884
4444 2884
7405 2884
8005 2884
721 2884
349 2884
3975 2884
1007 2884
1207 2884
5242 2885
1909 2885
7246 2885
7682 2885
7311 2885
2174 2885
604 2885
4975 2885
7083 2885
1425 2885
6813 2885
4779 2885
7808 2885
5153 2885
7620 2885
1076 2885
434 2886
3101 2886
2273 2886
464 2886
1499 2886
3753 2886
2806 2886
1842 2886
4776 2886
3035 2886
6805 2886
3316 2886
7410 2886
4729 2886
6035 2886
4282 2886
7665 2886
7061 2886
7478 2886
3768 2886
3796 2886
2887 2887
665 2887
5118 2887
1445 2887
2537 2887
6608 2887
7978 2887
149 2887
1244 2887
5896 2887
5658 2887
316 2887
292 2887
3950 2887
1715 2888
5391 2888
5026 2888
2328 2888
7606 2888
6820 2888
474 2888
4907 2888
6779 2888
4343 2888
4729 2888
2345 2888
5483 2889
8186 2889
7983 2889
1218 2889
6066 2889
2256 2889
512 2889
4102 2889
7645 2889
5816 2889
1185 2889
4551 2889
1937 2889
4848 2890
4872 2890
3295 2890
2937 2890
5137 2890
4723 2890
4732 2890
3745 2890
7079 2890
4961 2890
3040 2891
7384 2891
8092 2891
2077 2891
7396 2891
25 2891
8187 2891
1242 2891
1802 2891
4657 2891
5404 2891
7373 2891
6029 2892
1717 2892
7441 2892
5586 2892
2366 2892
7625 2892
6340 2892
7824 2892
2299 2892
4492 2892
103 2892
456 2892
109 2892
5537 2892
293 2892
913 2892
7652 2892
6964 2893
3695 2893
2365 2893
327 2893
40 2893
5943 2893
2524 2893
8206 2893
4620 2893
8110 2893
1903 2893
4785 2893
1790 2893
727 2893
5500 2893
3995 2893
6658 2894
2841 2894
4889 2894
6268 2894
6912 2894
6336 2894
7691 2894
1695 2894
5682 2894
4698 2894
7361 2894
4340 2894
6383 2894
85 2894
7864 2894
1959 2894
6801 2894
4581 2895
5773 2895
4279 2895
5927 2895
7824 2895
3030 2895
3497 2895
3168 2895
6752 2895
5152 2895
2320 2895
6373 2895
2769 2895
7546 2895
7714 2895
3568 2895
1148 2896
5867 2896
5618 2896
4909 2896
756 2896
7966 2896
1535 2896
5286 2896
3542 2896
5239 2896
1250 2896
3998 2896
6864 2896
1528 2896
152 2896
6453 2896
1596 2896
8108 2896
3522 2896
6050 2896
2796 2896
7932 2896
3177 2896
2065 2896
418 2896
5883 2896
5690 2896
5448 2897
6363 2897
464 2897
3738 2897
3566 2897
7930 2897
609 2897
3227 2897
689 2897
586 2897
7806 2897
3083 2897
2036 2898
6320 2898
6998 2898
2047 2898
6191 2898
6931 2898
4231 2898
3116 2898
5498 2898
3581 2898
4395 2898
5137 2898
8177 2898
2362 2898
8230 2898
5720 2898
2983 2898
3024 2898
584 2899
2778 2899
5852 2899
5984 2899
4732 2899
3747 2899
1108 2899
4671 2899
853 2899
4090 2899
3727 2899
5568 2899
783 2899
1026 2899
3997 2899
7793 2899
4715 2899
2472 2899
1272 2899
2814 2900
7478 2900
6729 2900
5900 2900
5294 2900
43 2900
2019 2900
6817 2900
230 2900
1454 2900
4363 2900
1040 2900
6158 2900
7240 2900
6743 2900
7585 2900
1610 2900
6101 2900
4025 2901
5018 2901
5987 2901
8137 2901
6842 2901
6729 2901
4589 2901
3559 2901
2649 2901
2773 2901
1775 2901
1040 2901
5413 2901
2902 2902
5608 2902
6945 2902
2450 2902
5230 2902
7066 2902
887 2902
345 2902
1281 2902
4109 2902
4194 2902
2265 2902
2527 2902
4160 2902
4010 2902
976 2902
7181 2902
6234 2902
3991 2902
1201 2902
787 2902
3743 2902
4918 2902
739 2902
1962 2902
2380 2903
5258 2903
6030 2903
7800 2903
8059 2903
6475 2903
5586 2903
310 2903
519 2903
7186 2903
5049 2903
4506 2903
7059 2903
7004 2903
7036 2903
4671 2903
60 2904
88 2904
4715 2904
1516 2904
2487 2904
8210 2904
4717 2904
2253 2904
3555 2904
5101 2904
3680 2904
5576 2904
465 2904
5185 2904
4172 2905
756 2905
1419 2905
4907 2905
7861 2905
6813 2905
929 2905
4640 2905
6116 2905
2181 2905
2221 2905
7427 2905
1330 2905
1447 2905
3304 2905
8217 2905
6064 2905
4830 2905
2062 2905
5087 2905
7726 2906
790 2906
62 2906
3999 2906
3088 2906
6048 2906
1341 2906
6709 2906
6246 2906
7959 2906
6954 2907
1578 2907
284 2907
6695 2907
2621 2907
6607 2907
4045 2907
5113 2907
18 2907
5572 2907
1079 2907
2116 2907
2642 2907
2785 2907
3034 2907
5545 2907
512 2907
2957 2907
6877 2908
5912 2908
7415 2908
1979 2908
4307 2908
3105 2908
6884 2908
3059 2908
1814 2908
6294 2908
3732 2908
4729 2908
6350 2908
1290 2908
5637 2908
4282 2908
4870 2908
4286 2908
98 2909
427 2909
6629 2909
3006 2909
6129 2909
2468 2909
2415 2909
4193 2909
3507 2909
7135 2909
5421 2910
8084 2910
1580 2910
2371 2910
4360 2910
897 2910
2329 2910
5702 2910
2840 2910
3047 2910
8178 2910
5415 2910
3091 2910
5182 2910
4537 2910
1764 2910
3804 2910
7127 2910
455 2910
1901 2911
4112 2911
4069 2911
6160 2911
714 2911
3862 2911
231 2911
4001 2911
3838 2911
660 2911
6501 2911
5174 2911
3200 2911
600 2911
3851 2911
3705 2911
4653 2911
705 2911
896 2912
4746 2912
5739 2912
4702 2912
4610 2912
2851 2912
7022 2912
5033 2912
2118 2912
6011 2912
1725 2912
783 2912
7343 2912
6220 2912
2621 2913
4766 2913
6684 2913
17 2913
389 2913
2019 2913
5004 2913
4575 2913
2653 2913
7951 2913
3565 2914
2057 2914
533 2914
1212 2914
4315 2914
1193 2914
6495 2914
7205 2914
6417 2914
6931 2914
3292 2914
6168 2915
5136 2915
915 2915
1355 2915
6253 2915
4770 2915
8177 2915
1134 2915
6079 2915
2989 2915
6098 2915
1560 2915
1273 2915
2261 2915
1348 2915
159 2916
3338 2916
4668 2916
6279 2916
8254 2916
5061 2916
1201 2916
3507 2916
6536 2916
6732 2917
1686 2917
6417 2917
507 2917
3293 2917
8105 2917
3041 2917
1455 2917
6083 2917
523 2917
6260 2917
4481 2917
6959 2917
3562 2917
2269 2917
3294 2917
6394 2917
1524 2917
7531 2917
2888 2917
5168 2918
8123 2918
7792 2918
3949 2918
548 2918
549 2918
5739 2918
1934 2918
2330 2918
3073 2918
3973 2918
8041 2918
409 2918
5317 2918
2393 2919
7875 2919
7142 2919
8043 2919
4129 2919
6706 2919
5210 2919
3859 2919
6933 2919
1122 2919
5924 2919
370 2919
4890 2919
5461 2919
8265 2919
440 2919
7947 2919
4311 2919
6053 2919
5047 2919
2761 2920
4325 2920
5164 2920
1245 2920
7565 2920
8187 2920
3201 2920
5708 2920
7170 2920
4524 2920
915 2920
4509 2920
7528 2920
4236 2920
5157 2920
6446 2921
3827 2921
5805 2921
6332 2921
6230 2921
4104 2921
7726 2921
2429 2921
5389 2921
7598 2921
3232 2921
57 2921
585 2921
159 2921
6681 2921
4049 2922
4000 2922
2911 2922
731 2922
4327 2922
5631 2922
762 2922
5360 2922
2030 2922
2329 2922
6003 2922
5212 2923
2290 2923
2984 2923
6029 2923
3585 2923
2879 2923
5334 2923
2414 2923
536 2923
6030 2923
7890 2923
8123 2923
5696 2923
2909 2923
8033 2923
3237 2923
2720 2924
319 2924
6254 2924
3246 2924
4241 2924
5038 2924
3176 2924
6341 2924
5764 2924
1805 2924
1049 2924
238 2925
2811 2925
6608 2925
719 2925
8252 2925
6431 2925
6100 2925
5974 2925
3016 2925
5831 2925
5943 2925
2303 2925
1579 2925
4464 2925
1051 2925
2712 2926
498 2926
1246 2926
885 2926
4070 2926
4975 2926
3303 2926
2231 2926
4501 2926
276 2926
4903 2926
1369 2926
6321 2926
5162 2926
2903 2926
5626 2926
2089 2926
7639 2926
5273 2926
937 2926
2034 2926
6691 2926
4854 2927
1326 2927
2998 2927
6188 2927
5882 2927
2292 2927
6620 2927
5894 2927
5615 2927
6867 2927
5349 2928
1766 2928
5236 2928
1555 2928
6552 2928
3332 2928
6618 2928
3782 2928
2388 2928
1865 2928
2599 2928
8078 2928
6683 2928
2122 2928
4102 2928
7220 2928
448 2928
1757 2928
7334 2928
1778 2928
6773 2928
7507 2928
3012 2928
934 2929
3304 2929
4276 2929
7478 2929
3512 2929
2785 2929
807 2929
4496 2929
3697 2929
6914 2929
827 2929
2692 2929
2625 2929
4920 2929
763 2930
3935 2930
4867 2930
1792 2930
6407 2930
2709 2930
5259 2930
6914 2930
6211 2930
7605 2930
4749 2930
4872 2931
2230 2931
2913 2931
2178 2931
1103 2931
104 2931
5273 2931
2480 2931
4331 2931
4900 2931
6862 2931
485 2931
2231 2932
1492 2932
5330 2932
3453 2932
7214 2932
873 2932
5207 2932
4490 2932
6993 2932
7730 2932
2160 2932
3052 2932
5836 2932
6986 2933
4882 2933
2770 2933
4791 2933
6973 2933
2278 2933
4312 2933
6802 2933
7930 2933
7959 2933
2148 2934
176 2934
1245 2934
7748 2934
777 2934
4524 2934
709 2934
7018 2934
7426 2934
2 2934
4467 2934
3243 2934
6183 2934
6118 2934
3608 2934
4274 2934
3747 2934
479 2934
1626 2935
3098 2935
3994 2935
151 2935
7361 2935
502 2935
5888 2935
3745 2935
2769 2935
460 2935
3939 2935
6958 2935
90 2935
340 2935
3145 2935
1663 2935
6234 2935
5536 2935
5681 2935
5591 2936
6817 2936
7787 2936
7356 2936
3764 2936
3883 2936
2710 2936
469 2936
3617 2936
4453 2936
14 2936
5388 2936
1440 2936
3798 2936
7916 2936
7914 2936
2494 2936
8206 2936
3479 2936
1580 2936
5047 2936
3008 2936
6437 2936
6463 2936
6874 2937
7608 2937
5807 2937
637 2937
6756 2937
4930 2937
2611 2937
7002 2937
2118 2937
2405 2937
6230 2937
3622 2937
7892 2937
7844 2937
2227 2938
1489 2938
7245 2938
4234 2938
5955 2938
2080 2938
5291 2938
4850 2938
4259 2938
4278 2938
496 2938
3766 2938
3021 2938
3050 2939
4751 2939
4880 2939
3415 2939
7589 2939
6779 2939
4642 2939
202 2939
4492 2939
532 2940
8264 2940
4695 2940
7364 2940
1613 2940
3859 2940
8007 2940
3969 2940
221 2940
3519 2940
5986 2940
2761 2940
2120 2940
1763 2940
3454 2940
5221 2940
7670 2941
3834 2941
3729 2941
1806 2941
7632 2941
6090 2941
30 2941
6468 2941
6772 2941
3792 2941
3949 2941
6179 2941
6497 2941
6874 2942
6239 2942
5156 2942
2777 2942
8132 2942
3233 2942
1808 2942
2166 2942
5357 2942
3679 2942
515 2942
7176 2942
1348 2942
7782 2942
1145 2943
1693 2943
5534 2943
4026 2943
5511 2943
7290 2943
620 2943
6614 2943
7438 2943
7097 2943
7620 2943
6933 2943
2628 2943
2611 2943
2654 2943
3857 2943
6145 2943
4180 2943
2944 2944
2173 2944
1038 2944
7605 2944
6063 2944
1802 2944
8006 2944
5039 2944
6364 2944
7473 2944
5477 2944
2837 2944
1242 2944
6460 2944
98 2944
4805 2944
7845 2944
3248 2944
1067 2944
1216 2944
433 2944
2988 2944
4984 2945
6361 2945
6688 2945
3695 2945
7807 2945
2708 2945
5130 2945
559 2945
5203 2945
7602 2945
3576 2945
3243 2945
6469 2945
4653 2945
5555 2945
5637 2945
553 2945
481 2945
1306 2945
2333 2945
198 2945
4633 2945
1100 2946
329 2946
7321 2946
3525 2946
2293 2946
7625 2946
107 2946
1719 2946
2713 2946
6789 2946
3515 2946
1815 2946
4996 2946
1561 2946
4130 2946
8092 2946
1187 2946
2947 2947
5183 2947
57 2947
1460 2947
605 2947
7130 2947
6814 2947
3691 2947
8125 2947
1175 2947
2940 2947
185 2947
395 2947
7538 2947
3758 2948
5475 2948
7151 2948
1406 2948
6536 2948
2306 2948
8193 2948
3445 2948
153 2948
5098 2948
2581 2948
7517 2948
3588 2948
6723 2948
550 2949
6827 2949
3540 2949
6923 2949
7559 2949
5614 2949
5991 2949
5118 2949
3245 2949
1475 2949
7432 2949
4671 2949
1704 2949
5780 2949
803 2949
5703 2950
1122 2950
4875 2950
3663 2950
2971 2950
6936 2950
8263 2950
5046 2950
3941 2950
2376 2950
7183 2950
1996 2950
2867 2950
1327 2950
3829 2950
2912 2950
6591 2950
4325 2950
5282 2950
3889 2950
5085 2950
7096 2950
938 2950
2641 2950
2718 2950
7209 2951
6318 2951
2915 2951
518 2951
2909 2951
6089 2951
3070 2951
170 2951
4351 2951
535 2951
6954 2951
2693 2952
5018 2952
5641 2952
5649 2952
2208 2952
4087 2952
6211 2952
3544 2952
5163 2952
5449 2952
6118 2953
1112 2953
4327 2953
3674 2953
6126 2953
5775 2953
1589 2953
3295 2953
534 2953
4158 2953
759 2953
5670 2953
4031 2953
5397 2954
1998 2954
2952 2954
5044 2954
1079 2954
1552 2954
1732 2954
6495 2954
6145 2954
177 2954
5372 2954
2557 2954
3481 2954
