4879 2954
2870 2954
7405 2954
3171 2955
5597 2955
3637 2955
5935 2955
1157 2955
4512 2955
4744 2955
6165 2955
1269 2955
6451 2955
5518 2955
4847 2955
2137 2956
6198 2956
1212 2956
2853 2956
7793 2956
4246 2956
1235 2956
3156 2956
5940 2956
859 2956
2759 2956
1163 2956
4627 2956
878 2956
7310 2956
5834 2956
3263 2956
5211 2956
3551 2956
1990 2956
3010 2956
7672 2956
2051 2956
2593 2956
4544 2956
152 2957
7744 2957
2652 2957
5593 2957
3170 2957
7384 2957
1585 2957
520 2957
194 2957
3877 2957
3047 2957
949 2957
3704 2957
7333 2957
2054 2957
642 2957
6537 2957
471 2957
5964 2957
1703 2957
5787 2957
1216 2958
4746 2958
7756 2958
4836 2958
2507 2958
2006 2958
4364 2958
6605 2958
5065 2958
7519 2958
4196 2958
2227 2958
5666 2959
5075 2959
3478 2959
7370 2959
3192 2959
1769 2959
3766 2959
4386 2959
3475 2959
2122 2959
7146 2959
6395 2959
5117 2959
6888 2959
350 2959
1319 2959
3742 2959
1536 2960
953 2960
4262 2960
5753 2960
4040 2960
4427 2960
7291 2960
5466 2960
7321 2960
7480 2960
6863 2960
1520 2960
4986 2960
2731 2960
3453 2960
7018 2960
7991 2960
6089 2960
130 2961
5548 2961
6477 2961
4321 2961
75 2961
1353 2961
2537 2961
5994 2961
1527 2961
2383 2961
3074 2961
530 2961
270 2961
5950 2961
3404 2961
5897 2961
4336 2961
6519 2961
1086 2961
7736 2962
5250 2962
2151 2962
3568 2962
6651 2962
1692 2962
1707 2962
7469 2962
3156 2962
3365 2962
1409 2962
4407 2962
5801 2962
910 2962
3290 2962
5103 2962
5018 2963
4816 2963
5242 2963
2592 2963
1575 2963
5652 2963
5360 2963
3519 2963
7818 2963
1227 2963
6812 2964
4274 2964
834 2964
2994 2964
2543 2964
1786 2964
1323 2964
2072 2964
5474 2964
5028 2964
4790 2964
3919 2964
4783 2964
173 2964
3172 2964
3196 2965
1346 2965
3574 2965
7393 2965
2607 2965
750 2965
999 2965
4289 2965
6690 2965
3246 2965
6637 2965
3914 2965
3706 2965
2206 2965
107 2965
5663 2965
1639 2965
5890 2966
7585 2966
1479 2966
2816 2966
6483 2966
2333 2966
3675 2966
6125 2966
6132 2966
208 2966
715 2966
1403 2966
1890 2966
2334 2966
274 2966
1989 2966
5742 2966
7329 2966
3761 2966
2222 2967
4627 2967
4747 2967
5008 2967
5156 2967
4307 2967
7443 2967
2203 2967
1650 2967
2495 2967
4225 2967
4248 2967
1769 2967
3784 2967
7046 2967
177 2967
1574 2967
496 2967
4899 2967
3063 2967
6763 2967
3180 2967
966 2967
5174 2967
5807 2968
4249 2968
8129 2968
560 2968
987 2968
5215 2968
2235 2968
6513 2968
3658 2968
4248 2968
4682 2968
6929 2968
2807 2969
3740 2969
3642 2969
1136 2969
6496 2969
7493 2969
2076 2969
4701 2969
1497 2969
6112 2969
5563 2969
1054 2969
7572 2969
2628 2969
4636 2969
126 2969
3422 2969
6946 2970
5130 2970
7116 2970
1614 2970
1720 2970
7020 2970
2832 2970
7907 2970
3451 2970
673 2970
2538 2970
6633 2970
2085 2970
8123 2970
47 2970
1803 2970
2420 2970
7248 2970
4364 2970
1483 2971
719 2971
7057 2971
3442 2971
6145 2971
4965 2971
5330 2971
6472 2971
4039 2971
4014 2971
6768 2971
8006 2971
7256 2971
4772 2972
6235 2972
2415 2972
6759 2972
6710 2972
2713 2972
6460 2972
8011 2972
71 2972
5758 2972
6243 2972
4472 2972
6516 2972
1113 2972
4061 2973
5816 2973
5057 2973
6905 2973
3814 2973
3576 2973
5108 2973
316 2973
3092 2973
7936 2973
5237 2973
2795 2973
1782 2973
100 2974
4732 2974
3811 2974
2487 2974
3303 2974
2910 2974
7298 2974
7255 2974
5554 2974
1722 2974
126 2974
4093 2974
7990 2974
6739 2974
919 2974
225 2974
561 2974
3460 2975
4117 2975
1811 2975
5625 2975
1396 2975
6434 2975
6457 2975
3599 2975
2001 2975
3068 2975
4921 2975
3936 2975
7153 2975
5806 2976
4610 2976
7841 2976
3649 2976
7143 2976
6098 2976
6212 2976
512 2976
7435 2976
6236 2976
821 2976
2746 2976
6158 2976
5164 2976
6501 2976
6031 2976
5397 2976
4561 2976
7878 2977
3596 2977
1787 2977
5740 2977
8157 2977
3551 2977
6037 2977
5626 2977
1280 2977
1810 2977
548 2977
1340 2977
7460 2977
495 2977
2438 2977
978 2977
1297 2977
3031 2977
7141 2977
7726 2977
2688 2978
1392 2978
7237 2978
4899 2978
280 2978
2758 2978
5700 2978
6607 2978
4289 2978
2071 2978
5964 2978
2455 2978
6879 2978
2233 2978
3834 2978
5951 2978
940 2978
7974 2979
6664 2979
4267 2979
6781 2979
5351 2979
770 2979
3758 2979
5166 2979
2250 2979
6084 2979
4283 2979
1206 2979
1849 2979
5311 2979
1532 2979
4220 2979
3519 2979
7937 2979
5227 2979
3806 2980
4555 2980
1989 2980
6966 2980
7243 2980
7941 2980
4229 2980
243 2980
854 2980
4518 2980
7874 2980
3922 2980
4897 2980
6457 2980
5076 2980
2828 2980
6996 2981
3143 2981
6083 2981
4942 2981
5534 2981
465 2981
7794 2981
804 2981
3945 2981
6272 2981
3909 2981
863 2982
6743 2982
18 2982
4908 2982
7509 2982
4715 2982
7308 2982
68 2982
4783 2982
4549 2982
1361 2982
423 2982
3364 2982
7153 2983
4324 2983
7777 2983
4415 2983
6814 2983
97 2983
2113 2983
5172 2983
3404 2983
2780 2983
2389 2983
3954 2983
6936 2984
5169 2984
160 2984
965 2984
5545 2984
7813 2984
1122 2984
1685 2984
6570 2984
4191 2984
4339 2984
3768 2984
6965 2984
3641 2984
7966 2984
5688 2984
4193 2984
4690 2984
3576 2984
2231 2984
4422 2984
5809 2985
6089 2985
121 2985
4901 2985
2696 2985
3383 2985
7183 2985
7539 2985
3046 2985
3102 2985
548 2985
6687 2985
2868 2985
3717 2985
4853 2985
6763 2986
5522 2986
6360 2986
3754 2986
4464 2986
391 2986
4248 2986
6579 2986
7519 2986
7413 2986
2742 2986
3307 2986
4488 2986
1166 2986
6063 2986
5839 2986
4196 2986
4406 2987
6812 2987
7468 2987
568 2987
2786 2987
4986 2987
5037 2987
7322 2987
6947 2987
2345 2987
84 2987
7585 2988
3654 2988
7621 2988
3916 2988
513 2988
1851 2988
1177 2988
1694 2988
1859 2988
3195 2988
1067 2988
4249 2988
7092 2989
7192 2989
2912 2989
4263 2989
1319 2989
4289 2989
4686 2989
2483 2989
8123 2989
4102 2989
6239 2989
292 2989
3116 2989
7935 2990
6667 2990
148 2990
1165 2990
3992 2990
5 2990
5882 2990
3304 2990
6268 2990
2652 2990
6758 2990
966 2990
1613 2990
8020 2991
2744 2991
4865 2991
6 2991
1396 2991
5784 2991
2894 2991
1171 2991
5285 2991
6031 2991
7059 2991
2992 2992
4658 2992
7073 2992
1214 2992
5549 2992
7920 2992
8198 2992
7787 2992
512 2992
6723 2992
2197 2992
7950 2992
5151 2992
3898 2992
5938 2992
3994 2992
2570 2992
4386 2992
1782 2992
2817 2992
3249 2993
309 2993
5447 2993
784 2993
2675 2993
854 2993
2937 2993
7330 2993
8044 2993
3462 2993
2409 2993
7878 2993
3228 2993
7242 2993
6643 2993
4874 2993
2633 2993
6650 2993
5257 2994
7085 2994
4309 2994
961 2994
7056 2994
32 2994
3544 2994
6976 2994
23 2994
207 2994
3029 2994
4129 2994
4866 2994
2783 2994
3797 2994
3567 2994
824 2994
8238 2994
6289 2994
1870 2994
5789 2995
4779 2995
4209 2995
3171 2995
7600 2995
1854 2995
4751 2995
3859 2995
8253 2995
6021 2995
3267 2995
7014 2995
2728 2996
3132 2996
4092 2996
1339 2996
8186 2996
4722 2996
4860 2996
637 2996
7064 2996
8011 2996
6325 2996
595 2996
3550 2996
7017 2996
3012 2996
6853 2996
4238 2996
6019 2997
5327 2997
4995 2997
4090 2997
4352 2997
6309 2997
5078 2997
3139 2997
3850 2997
2962 2997
3479 2997
2311 2997
4976 2997
5017 2998
673 2998
6483 2998
3780 2998
2541 2998
129 2998
5215 2998
5212 2998
4578 2998
5818 2998
1713 2998
2272 2998
4930 2998
4514 2998
2962 2998
3576 2998
3663 2998
7297 2998
1122 2998
2514 2998
3588 2998
7371 2999
6250 2999
4362 2999
3310 2999
6884 2999
3789 2999
7911 2999
5177 2999
5778 2999
2133 2999
5084 2999
3933 2999
4585 2999
2555 2999
2012 2999
7331 2999
6145 2999
2100 2999
568 2999
1972 3000
6173 3000
3000 3000
6286 3000
6225 3000
5491 3000
5274 3000
1255 3000
5715 3000
835 3000
1306 3000
4779 3000
352 3000
8078 3000
2909 3000
7263 3000
4221 3000
2427 3000
487 3000
69 3000
3069 3000
130 3001
7974 3001
2012 3001
2166 3001
2070 3001
1243 3001
1388 3001
6340 3001
6953 3001
7394 3002
4476 3002
7018 3002
5428 3002
1771 3002
4102 3002
5850 3002
6358 3002
2135 3002
5 3002
7532 3002
7639 3002
1972 3002
7170 3002
5608 3002
5149 3002
934 3002
7251 3002
7260 3002
2019 3003
165 3003
5413 3003
5315 3003
2999 3003
4811 3003
5554 3003
5854 3003
4423 3003
6862 3003
6026 3003
4438 3003
4454 3003
3093 3003
6918 3004
5925 3004
4234 3004
6406 3004
1088 3004
4639 3004
5491 3004
7624 3004
7021 3004
5515 3004
2265 3004
3327 3004
7002 3004
3855 3004
2780 3005
5946 3005
266 3005
2935 3005
6475 3005
5670 3005
2891 3005
5861 3005
8035 3005
1672 3005
6731 3005
4358 3005
2953 3005
1499 3005
5409 3005
1481 3006
667 3006
7808 3006
7515 3006
5463 3006
8266 3006
3870 3006
4743 3006
8027 3006
63 3006
4364 3006
1460 3006
7332 3006
5843 3006
1281 3007
3435 3007
903 3007
6140 3007
1631 3007
5176 3007
6076 3007
2380 3007
3217 3007
2529 3007
4990 3007
6519 3007
5608 3007
2166 3007
5667 3007
970 3007
7107 3007
4660 3007
485 3007
5031 3007
163 3007
1088 3008
6716 3008
5009 3008
2414 3008
706 3008
6383 3008
5899 3009
2683 3009
7664 3009
1583 3009
6081 3009
2316 3009
7044 3009
5413 3009
6801 3009
7585 3009
2298 3009
4351 3009
4178 3009
4392 3009
8251 3009
5725 3009
611 3009
4839 3010
1178 3010
7275 3010
3876 3010
8107 3010
4925 3010
7143 3010
3668 3010
133 3010
2447 3010
2787 3010
3723 3010
4961 3010
1911 3010
811 3010
3950 3010
2720 3010
7843 3010
7553 3010
140 3010
6757 3010
2467 3010
4217 3010
610 3011
7809 3011
2383 3011
3463 3011
7359 3011
3227 3011
4593 3011
656 3011
2742 3011
4030 3011
3420 3011
3247 3011
7461 3011
2352 3011
170 3011
7822 3011
2552 3011
276 3011
4378 3012
6711 3012
5454 3012
5182 3012
3126 3012
4501 3012
6227 3012
900 3012
3960 3012
4988 3012
3700 3012
2227 3012
5184 3012
6032 3012
6982 3012
2942 3013
697 3013
6221 3013
1020 3013
4254 3013
2837 3013
2858 3013
4722 3013
4054 3013
6625 3013
7819 3013
207 3013
3014 3014
7371 3014
5499 3014
4461 3014
7161 3014
7366 3014
2937 3014
961 3014
6625 3014
7887 3014
1089 3014
8196 3014
3442 3014
4102 3014
444 3014
1654 3014
8258 3014
5377 3015
8070 3015
5547 3015
2468 3015
4642 3015
3604 3015
2545 3015
7718 3015
5189 3015
4398 3015
2331 3015
219 3015
4512 3015
4768 3015
6302 3015
4536 3015
7209 3015
524 3015
7539 3015
632 3015
2904 3015
2492 3015
683 3015
786 3015
4837 3016
1650 3016
1878 3016
6845 3016
8027 3016
6094 3016
2942 3016
6236 3017
7733 3017
5109 3017
6126 3017
6474 3017
3725 3017
6451 3017
4250 3017
4568 3017
4545 3017
1054 3017
4641 3017
7731 3017
1120 3017
6531 3017
1230 3017
6890 3017
4825 3017
785 3017
6552 3017
1326 3017
5647 3017
7732 3018
7057 3018
1327 3018
1708 3018
5185 3018
138 3018
730 3018
6451 3018
1450 3018
6908 3018
4465 3018
5650 3018
3305 3018
8168 3018
2575 3018
4766 3018
838 3019
3167 3019
5252 3019
5070 3019
3851 3019
4369 3019
3688 3019
5530 3019
3093 3019
4228 3019
1492 3019
7531 3019
3806 3019
311 3019
1133 3019
3505 3019
5893 3019
4327 3019
5469 3020
1452 3020
4372 3020
7439 3020
4357 3020
2967 3020
7768 3020
1201 3020
897 3020
600 3020
4267 3020
4105 3020
7509 3020
590 3020
3633 3020
3040 3020
3300 3020
1897 3021
6489 3021
2811 3021
7997 3021
2921 3021
4144 3021
3348 3021
5963 3021
7103 3021
5300 3021
3695 3021
1499 3021
480 3021
551 3021
1708 3021
5262 3021
4636 3022
6433 3022
615 3022
2618 3022
3010 3022
7804 3022
7158 3022
8279 3022
729 3022
4097 3022
513 3022
4655 3022
6708 3022
5061 3022
714 3023
59 3023
7103 3023
8073 3023
6496 3023
2261 3023
5656 3023
4648 3023
6227 3023
2337 3023
4830 3023
5044 3023
4773 3023
3545 3024
4627 3024
7664 3024
5393 3024
5031 3024
7333 3024
2520 3024
1234 3024
6171 3024
2383 3024
1035 3024
3560 3024
1908 3024
5472 3024
6099 3024
4555 3024
3442 3024
6204 3024
5047 3024
121 3024
7057 3024
2181 3025
3639 3025
4759 3025
7059 3025
4209 3025
6677 3025
1420 3025
3396 3025
2909 3025
8088 3025
7580 3025
2487 3025
7544 3025
4872 3025
5941 3025
7122 3025
1150 3025
3270 3025
656 3025
367 3025
387 3026
993 3026
7362 3026
7947 3026
6319 3026
494 3026
3472 3026
3470 3026
5434 3026
2967 3026
6814 3026
4153 3026
3836 3026
7734 3026
2383 3027
2967 3027
5175 3027
2165 3027
7892 3027
3630 3027
2239 3027
5396 3027
1722 3027
5685 3027
616 3027
1474 3027
4738 3027
2188 3027
911 3027
1978 3027
3862 3027
4793 3027
6357 3027
5625 3028
3128 3028
7388 3028
5494 3028
1650 3028
7371 3028
2924 3028
5143 3028
6644 3028
1710 3028
5491 3028
469 3028
1467 3028
3093 3028
1486 3028
3214 3028
3523 3028
3512 3029
6033 3029
4518 3029
5866 3029
4997 3029
3582 3029
1056 3029
3612 3029
7094 3029
5212 3029
1371 3029
6275 3029
4188 3029
6089 3029
5836 3030
2812 3030
6968 3030
1300 3030
8231 3030
1162 3030
1725 3030
4919 3030
833 3030
4139 3030
6511 3030
5645 3030
7315 3030
1626 3030
6782 3030
5538 3030
7681 3030
1097 3031
2463 3031
1289 3031
2760 3031
7679 3031
5509 3031
8206 3031
3728 3031
5088 3031
5032 3031
5500 3031
2143 3031
7950 3031
3030 3031
635 3031
6900 3031
6890 3031
5370 3032
2436 3032
664 3032
826 3032
2281 3032
4612 3032
1195 3032
1952 3032
1049 3033
2306 3033
1279 3033
1550 3033
1463 3033
7540 3033
7731 3033
300 3033
3310 3033
2034 3034
605 3034
4727 3034
3271 3034
6741 3034
637 3034
1336 3034
1142 3034
5431 3034
2937 3034
7906 3034
5474 3034
5636 3034
6090 3034
2070 3034
7426 3034
920 3034
440 3034
4379 3035
6444 3035
6334 3035
7966 3035
2570 3035
6751 3035
8155 3035
4773 3035
23 3035
2498 3035
1683 3035
3132 3035
1306 3035
381 3035
5005 3035
3644 3035
6523 3035
5816 3035
2486 3035
1703 3035
621 3035
2411 3036
5498 3036
7644 3036
3 3036
1250 3036
794 3036
4451 3036
1082 3036
7551 3036
5272 3036
1261 3036
2 3036
802 3036
5120 3036
1890 3036
6646 3036
1346 3036
1331 3036
5272 3037
5152 3037
780 3037
7703 3037
2152 3037
1310 3037
2672 3037
4197 3037
5355 3037
7447 3037
7359 3037
6072 3038
2225 3038
7433 3038
6022 3038
2063 3038
5831 3038
3327 3038
814 3038
3119 3038
4545 3038
3927 3038
884 3038
1523 3038
5143 3038
5098 3038
4850 3038
7473 3038
4313 3038
4632 3038
7204 3039
927 3039
4409 3039
3622 3039
4877 3039
5938 3039
3137 3039
5548 3039
2813 3039
3644 3039
2816 3039
149 3039
6342 3039
7265 3039
373 3040
4696 3040
4139 3040
4793 3040
8260 3040
7813 3040
248 3040
1133 3040
5836 3040
803 3041
2764 3041
910 3041
6886 3041
5415 3041
2973 3041
3439 3041
2057 3041
571 3041
5815 3041
3679 3042
2741 3042
2397 3042
7507 3042
7435 3042
735 3042
2833 3042
1621 3042
4231 3042
199 3043
5150 3043
5049 3043
6594 3043
3933 3043
566 3043
3929 3043
6893 3043
4603 3043
7494 3043
2910 3043
1841 3043
1361 3044
6158 3044
7541 3044
1716 3044
1568 3044
919 3044
663 3044
6220 3044
2785 3044
4662 3045
7228 3045
4114 3045
2411 3045
6134 3045
5807 3045
4185 3045
3673 3045
7065 3045
455 3045
4100 3045
1080 3045
3129 3045
3968 3045
1645 3045
882 3045
6195 3045
3348 3045
1224 3045
4772 3045
2313 3045
4779 3045
4879 3045
4472 3046
103 3046
3113 3046
2755 3046
2227 3046
2354 3046
5822 3046
1517 3046
1156 3046
6966 3046
5978 3046
60 3046
8236 3046
4850 3046
2445 3046
7753 3046
4888 3046
3641 3046
4835 3047
7308 3047
1079 3047
2279 3047
2467 3047
6087 3047
2763 3047
7036 3047
178 3047
6472 3047
1067 3047
742 3047
4431 3047
4978 3047
148 3047
887 3047
2188 3047
4264 3047
7448 3047
1200 3047
7236 3047
4081 3047
4404 3047
2983 3047
7452 3047
4595 3047
3286 3048
3380 3048
2719 3048
6331 3048
6510 3048
5964 3048
7535 3048
4117 3048
1031 3048
3695 3048
2433 3048
3935 3048
7594 3048
560 3048
2962 3048
2653 3048
6505 3049
4753 3049
3663 3049
470 3049
2246 3049
3252 3049
7438 3049
8218 3049
4648 3049
2962 3049
6513 3049
5909 3049
659 3049
231 3049
5296 3049
6017 3049
8295 3049
3492 3049
3159 3050
1520 3050
2951 3050
929 3050
7740 3050
8208 3050
5832 3050
2370 3050
4731 3050
3120 3050
7711 3050
2596 3050
6128 3050
6850 3050
3909 3050
3980 3050
5489 3050
753 3050
1615 3050
8132 3050
1679 3050
1215 3051
3062 3051
4596 3051
7145 3051
1192 3051
1548 3051
2960 3051
3717 3051
8257 3051
8267 3051
2202 3051
8048 3051
7674 3051
2186 3051
6651 3051
1061 3051
7480 3052
3166 3052
6689 3052
7570 3052
158 3052
46 3052
8261 3052
1653 3052
5439 3052
2732 3052
2492 3052
1529 3052
6430 3052
3797 3052
2443 3052
4610 3052
7429 3052
5406 3052
7561 3052
6789 3053
1109 3053
6858 3053
48 3053
2691 3053
321 3053
6947 3053
6783 3053
5799 3053
5925 3053
797 3053
2899 3053
5637 3053
4384 3053
483 3053
2844 3053
4797 3054
5534 3054
1483 3054
3141 3054
6953 3054
5322 3054
1572 3054
2186 3054
4355 3054
5501 3054
2438 3055
1082 3055
5565 3055
7359 3055
6979 3055
5153 3055
2008 3055
6361 3055
4220 3055
2963 3055
4440 3055
2301 3056
940 3056
7932 3056
483 3056
3350 3056
346 3056
32 3056
4641 3056
1201 3056
8295 3056
1493 3056
4956 3056
5637 3056
4800 3056
3267 3056
2227 3056
3310 3056
4030 3057
2772 3057
5360 3057
7281 3057
5169 3057
3174 3057
6594 3057
1291 3057
1096 3057
2448 3057
3788 3057
7573 3057
2628 3057
2735 3057
2040 3057
7364 3057
2169 3058
7740 3058
3997 3058
2831 3058
5596 3058
2783 3058
5831 3058
125 3058
6171 3058
5274 3058
1108 3058
5648 3058
5436 3058
7831 3058
1676 3058
369 3058
1860 3059
6687 3059
705 3059
515 3059
5587 3059
2126 3059
3475 3059
5113 3059
387 3059
5367 3059
7981 3059
5918 3059
358 3060
6713 3060
3857 3060
3750 3060
5815 3060
4012 3060
2790 3060
7347 3060
2523 3060
1574 3060
6253 3060
4747 3060
4777 3060
4737 3060
1914 3060
8271 3060
272 3060
6154 3060
6107 3060
2910 3060
3267 3060
6624 3060
915 3060
7634 3060
2736 3061
409 3061
2692 3061
4349 3061
7244 3061
2741 3061
4741 3061
3483 3061
4082 3061
4317 3061
3149 3061
2611 3061
1238 3061
1559 3061
2990 3061
4172 3062
7797 3062
1477 3062
7514 3062
2420 3062
4856 3062
5446 3062
2605 3062
7711 3062
6334 3062
130 3062
5850 3063
2879 3063
5708 3063
1851 3063
6837 3063
6413 3063
2231 3063
747 3063
6410 3063
3565 3063
1829 3063
4920 3064
3345 3064
7299 3064
1213 3064
7491 3064
5893 3064
2852 3064
7556 3064
2477 3064
4357 3064
785 3064
3132 3064
2829 3064
4798 3064
7756 3064
2071 3065
3717 3065
6980 3065
7290 3065
7770 3065
6078 3065
3529 3065
6647 3065
5941 3065
2987 3065
7480 3065
716 3065
1601 3065
2135 3065
5591 3065
1979 3066
591 3066
5744 3066
5615 3066
3898 3066
2089 3066
594 3066
7342 3066
3063 3066
1767 3066
4723 3066
1906 3066
5211 3066
1405 3066
179 3066
2352 3066
3850 3066
1731 3066
2123 3066
2203 3066
2873 3066
2473 3067
7079 3067
6277 3067
688 3067
7282 3067
7163 3067
6559 3067
7287 3067
4966 3067
4407 3067
745 3068
1932 3068
7951 3068
78 3068
3379 3068
6267 3068
3260 3068
6706 3068
7133 3068
7334 3068
3801 3068
5032 3068
8171 3068
5733 3068
856 3068
3289 3068
1678 3068
437 3068
4779 3069
306 3069
2473 3069
4684 3069
1015 3069
6039 3069
5245 3069
7575 3069
4962 3069
6880 3069
3842 3069
3545 3069
2913 3069
2082 3069
7347 3069
5082 3069
6430 3070
3005 3070
6661 3070
6331 3070
4007 3070
6647 3070
1536 3070
2099 3070
5163 3070
6277 3070
4012 3070
705 3070
7177 3070
3706 3070
3021 3070
6535 3070
5818 3070
8168 3070
7020 3071
6667 3071
3492 3071
5566 3071
7097 3071
1996 3071
5551 3071
2065 3071
6223 3071
6131 3071
4081 3071
6275 3071
4950 3071
425 3071
4049 3071
1005 3071
4375 3072
5990 3072
1227 3072
5164 3072
2386 3072
1889 3072
4358 3072
7912 3072
6180 3072
6649 3072
1509 3072
1791 3072
7160 3072
4092 3072
6780 3072
6200 3073
1920 3073
5950 3073
3464 3073
7775 3073
2148 3073
1558 3073
5253 3073
1517 3073
7832 3073
3012 3073
4464 3073
4316 3074
739 3074
2755 3074
7320 3074
3878 3074
1720 3074
1490 3074
5394 3074
2874 3074
6864 3074
3771 3074
5042 3074
1255 3074
4445 3074
6473 3074
4872 3074
2582 3074
287 3074
3836 3075
6633 3075
6616 3075
5526 3075
7478 3075
4075 3075
8123 3075
4250 3075
7590 3075
6051 3075
6454 3075
966 3075
5909 3075
3705 3075
390 3075
1244 3075
2885 3075
7752 3075
2279 3075
5805 3075
4224 3075
5502 3075
3704 3075
3069 3076
7087 3076
4986 3076
5527 3076
1260 3076
7606 3076
3897 3076
7629 3076
7960 3076
1908 3076
5743 3076
6057 3076
7275 3076
7229 3076
6693 3076
6986 3076
957 3076
7330 3076
3320 3076
337 3076
4311 3077
4529 3077
2711 3077
2575 3077
671 3077
5363 3077
643 3077
3931 3077
1473 3077
2532 3077
4280 3077
6489 3077
2563 3077
676 3077
5119 3077
3616 3077
4550 3078
3344 3078
6305 3078
3226 3078
4618 3078
2582 3078
3473 3078
3692 3078
4573 3078
976 3078
6614 3078
3510 3078
7160 3078
6017 3078
2688 3078
4847 3078
6057 3079
6701 3079
5723 3079
7556 3079
1339 3079
3380 3079
137 3079
204 3079
5750 3079
3012 3079
4466 3079
5462 3079
5365 3079
3989 3079
3346 3080
3099 3080
1087 3080
2 3080
2196 3080
2471 3080
7898 3080
3180 3080
