3481 3080
2331 3080
5047 3080
3945 3080
7717 3080
6600 3080
3102 3081
8161 3081
5959 3081
7547 3081
8045 3081
485 3081
6483 3081
1342 3081
4254 3081
5117 3081
3776 3081
3107 3081
1098 3081
2415 3081
7983 3081
7436 3081
5702 3082
7283 3082
4502 3082
2135 3082
5656 3082
7373 3082
7621 3082
3605 3082
2162 3082
7418 3082
1348 3082
789 3082
4465 3082
5587 3082
2342 3082
3545 3083
4919 3083
1989 3083
7338 3083
6165 3083
148 3083
7556 3083
1295 3083
5462 3083
146 3083
8024 3083
4820 3083
1481 3083
4996 3083
5778 3083
2169 3083
6343 3083
5152 3083
7912 3083
4947 3083
7873 3083
6186 3083
1650 3083
1722 3084
3792 3084
4276 3084
600 3084
4059 3084
2283 3084
1600 3084
2568 3084
8100 3084
7077 3084
790 3084
44 3084
3673 3084
3444 3084
2384 3084
6358 3084
6901 3084
3148 3085
6181 3085
993 3085
1727 3085
3439 3085
4105 3085
1429 3085
7603 3085
5918 3085
2140 3085
3003 3085
6605 3085
8127 3085
7505 3085
7269 3086
6773 3086
4488 3086
3507 3086
2957 3086
5187 3086
5211 3086
6649 3086
362 3086
3518 3086
7864 3086
3912 3086
6966 3086
6363 3086
3413 3086
2552 3086
6877 3086
3087 3087
4480 3087
4458 3087
606 3087
5672 3087
4821 3087
1976 3087
2921 3087
5116 3087
7628 3087
6468 3087
1441 3087
4548 3087
4774 3087
6643 3087
1956 3087
1477 3088
5214 3088
3656 3088
1100 3088
616 3088
521 3088
7130 3088
2682 3088
5636 3088
3608 3088
2873 3088
6866 3088
3098 3088
3273 3088
1367 3088
6055 3089
6485 3089
983 3089
6780 3089
716 3089
4836 3089
3415 3089
5163 3089
2081 3089
6404 3089
4835 3089
3059 3089
7426 3089
7890 3089
3718 3089
6564 3089
6996 3089
4592 3089
6160 3090
6950 3090
1229 3090
6123 3090
5317 3090
7665 3090
2683 3090
5058 3090
4235 3090
3669 3090
7228 3090
5837 3090
2233 3091
3972 3091
6251 3091
95 3091
6763 3091
4825 3091
5516 3091
7298 3091
127 3091
730 3091
340 3091
7901 3091
71 3091
2543 3091
3777 3091
3922 3091
5242 3091
6644 3091
6279 3091
6308 3091
7902 3091
8114 3092
937 3092
3640 3092
7284 3092
2926 3092
3994 3092
764 3092
1887 3092
903 3092
1719 3092
1701 3092
228 3092
5393 3092
3790 3092
7322 3092
2333 3093
5775 3093
1058 3093
1136 3093
7097 3093
2486 3093
7850 3093
6569 3093
6710 3093
3836 3093
683 3093
1698 3093
6077 3093
5005 3093
6618 3093
5632 3093
6049 3093
1264 3093
5273 3093
6342 3093
1683 3094
190 3094
4933 3094
5494 3094
4723 3094
690 3094
8033 3094
1362 3094
2198 3094
756 3094
1767 3094
8053 3095
4813 3095
7842 3095
2390 3095
1825 3095
283 3095
4299 3095
2355 3095
4102 3095
3791 3095
4321 3095
434 3095
3967 3095
2072 3095
882 3095
291 3095
7147 3095
140 3096
7234 3096
2300 3096
6969 3096
1097 3096
5964 3096
8258 3096
2276 3096
4737 3096
5208 3096
1835 3096
8101 3096
6104 3096
309 3096
3420 3096
1163 3096
8074 3096
5776 3096
7713 3097
105 3097
4618 3097
3182 3097
2123 3097
3504 3097
4847 3097
4792 3097
6625 3097
3205 3097
5173 3097
4822 3098
1177 3098
7565 3098
5628 3098
4948 3098
4105 3098
4788 3098
6840 3098
650 3098
6359 3099
4264 3099
1076 3099
2625 3099
5199 3099
5738 3099
11 3099
6863 3099
4745 3099
704 3099
4327 3099
4486 3099
518 3099
6598 3099
2930 3099
5608 3099
5173 3099
7882 3100
4155 3100
4088 3100
5286 3100
7481 3100
1057 3100
7488 3100
2057 3100
6239 3100
4343 3100
2731 3100
7844 3100
3676 3100
2868 3100
2990 3100
1713 3100
6091 3100
5207 3100
6753 3101
7874 3101
3483 3101
5329 3101
2245 3101
1641 3101
5640 3101
7632 3101
363 3101
1321 3102
398 3102
3745 3102
1129 3102
6539 3102
6605 3102
6961 3102
5766 3102
316 3102
7108 3102
5216 3103
1656 3103
996 3103
4397 3103
7347 3103
2652 3103
3422 3103
7203 3103
5809 3103
7398 3103
6369 3103
4065 3103
2088 3103
6154 3103
1501 3103
7861 3103
6162 3103
280 3103
3475 3104
8220 3104
4408 3104
1911 3104
2100 3104
8294 3104
6487 3104
6146 3104
1791 3104
1089 3104
2508 3104
1344 3104
434 3104
6094 3104
7004 3104
5150 3104
2398 3104
5991 3104
7650 3104
2267 3104
5326 3104
5465 3104
2683 3104
5055 3104
7563 3105
1726 3105
3397 3105
3871 3105
2438 3105
6813 3105
2486 3105
2436 3105
1571 3105
3704 3105
5896 3105
1481 3105
2355 3105
2169 3105
7593 3105
3264 3105
5237 3106
1079 3106
2164 3106
249 3106
6861 3106
3419 3106
7050 3106
8296 3106
4204 3106
4246 3106
5196 3106
2830 3106
3588 3106
2313 3106
790 3106
3684 3106
5932 3107
7349 3107
5983 3107
1242 3107
5494 3107
3040 3107
189 3107
3806 3107
1976 3107
5454 3107
51 3107
1729 3107
4620 3107
5306 3108
3819 3108
7883 3108
471 3108
604 3108
2228 3108
1535 3108
970 3108
5250 3108
8121 3108
1250 3108
6264 3108
6277 3108
4690 3108
1752 3108
5324 3108
3767 3108
3109 3109
1791 3109
3117 3109
1396 3109
3670 3109
2731 3109
6985 3109
6054 3109
279 3109
2084 3109
4840 3109
2873 3109
8280 3109
2318 3110
7097 3110
6026 3110
828 3110
7037 3110
5825 3110
6594 3110
6318 3110
4137 3110
3717 3110
7946 3110
1451 3110
3725 3110
7730 3110
6845 3110
1913 3110
2683 3110
3055 3110
2033 3110
1181 3110
7559 3111
4435 3111
1231 3111
6035 3111
5590 3111
6776 3111
5964 3111
3264 3111
7736 3111
6152 3111
323 3111
4861 3112
2253 3112
2888 3112
2080 3112
3481 3112
5240 3112
5615 3112
4340 3112
6626 3112
6545 3112
3240 3113
1378 3113
2450 3113
6204 3113
5033 3113
8231 3113
7148 3113
4241 3113
370 3113
7127 3113
665 3113
2713 3113
3114 3114
6403 3114
967 3114
269 3114
2448 3114
2549 3114
3013 3114
942 3114
4121 3114
4374 3114
3264 3114
3473 3114
2306 3114
8067 3114
6211 3114
4542 3114
2490 3114
8084 3115
5951 3115
3491 3115
4769 3115
3316 3115
1260 3115
5285 3115
97 3115
6454 3115
5137 3115
521 3115
6236 3116
7467 3116
2111 3116
1869 3116
5135 3116
7935 3116
5276 3116
584 3116
72 3116
5261 3116
3230 3116
5723 3116
5026 3116
3889 3116
1282 3116
6154 3116
4398 3116
4931 3116
8190 3116
2055 3116
3067 3117
2168 3117
6308 3117
254 3117
7928 3117
2089 3117
8221 3117
3905 3117
7720 3117
3792 3117
5306 3117
134 3117
1763 3117
4592 3117
2342 3117
1027 3117
2409 3117
522 3117
4141 3117
1287 3117
4054 3117
6565 3117
3669 3117
5984 3118
5932 3118
2009 3118
4119 3118
3030 3118
7804 3118
8155 3118
7237 3118
2283 3118
6685 3118
7593 3118
5664 3118
5517 3118
5230 3118
7362 3118
2951 3119
6318 3119
4353 3119
7017 3119
6864 3119
2085 3119
1445 3119
2790 3119
2769 3119
1478 3119
5563 3119
2688 3119
4250 3119
5674 3119
3657 3119
6180 3119
2498 3120
294 3120
5705 3120
2053 3120
1612 3120
1066 3120
3867 3120
4064 3120
7479 3120
4516 3120
4434 3120
7094 3120
4071 3120
5246 3120
4319 3120
3453 3120
6682 3120
2813 3120
1332 3121
3763 3121
4704 3121
4551 3121
4713 3121
4138 3121
4576 3121
8029 3121
2787 3121
2397 3121
1183 3121
522 3121
1936 3121
7674 3121
4774 3121
3021 3121
7789 3121
1993 3122
646 3122
3791 3122
5007 3122
5072 3122
4101 3122
6575 3122
6905 3122
5803 3122
2537 3122
5209 3122
4529 3122
3090 3122
7554 3123
178 3123
7586 3123
7593 3123
3 3123
240 3123
5885 3123
6472 3123
4657 3123
4273 3123
1599 3123
6055 3123
6154 3123
838 3123
4004 3124
1419 3124
590 3124
1214 3124
643 3124
8057 3124
8219 3124
2865 3124
785 3124
7611 3124
6563 3124
1829 3124
7263 3124
1185 3124
6280 3124
3736 3124
5438 3125
6752 3125
4024 3125
5659 3125
498 3125
7591 3125
5648 3125
2048 3125
5735 3125
115 3125
7709 3125
7143 3125
6433 3126
1489 3126
1832 3126
6696 3126
2447 3126
2313 3126
3943 3126
2272 3126
7933 3126
177 3126
5776 3126
2214 3126
2192 3126
5112 3126
2931 3126
3214 3126
5524 3127
3873 3127
4753 3127
6431 3127
5281 3127
1572 3127
5562 3127
7252 3127
8095 3127
3615 3127
7952 3127
6923 3127
1517 3127
1858 3127
4400 3127
4317 3127
2628 3127
7841 3127
6601 3127
7052 3127
2692 3127
4667 3127
1003 3127
690 3127
960 3128
7651 3128
7164 3128
3723 3128
4100 3128
2764 3128
3242 3128
1037 3128
5428 3128
6059 3128
225 3128
7255 3128
387 3128
6212 3128
3511 3128
1803 3128
6512 3128
6680 3129
3063 3129
2933 3129
6775 3129
5185 3129
6226 3129
3935 3129
1303 3129
2637 3129
6366 3129
7229 3129
7914 3129
1049 3130
5121 3130
7219 3130
1311 3130
2337 3130
5306 3130
4823 3130
6435 3130
7194 3130
6320 3130
8135 3130
5225 3130
7231 3130
1612 3130
1392 3130
3131 3131
2661 3131
4820 3131
5692 3131
6416 3131
2328 3131
8123 3131
5330 3131
713 3131
7430 3131
3946 3131
8108 3131
1081 3131
3314 3131
5917 3132
3559 3132
6662 3132
836 3132
811 3132
1509 3132
7056 3132
4440 3132
1370 3132
5294 3132
6825 3132
7541 3132
7310 3132
1903 3132
2881 3132
975 3132
1156 3133
2777 3133
3116 3133
1825 3133
7456 3133
6563 3133
69 3133
8054 3133
6630 3133
4996 3133
8187 3133
3470 3133
2764 3133
3244 3134
92 3134
7837 3134
8251 3134
7391 3134
3679 3134
2137 3134
5315 3134
422 3135
1459 3135
647 3135
230 3135
1805 3135
7546 3135
3717 3135
3083 3135
4895 3135
2771 3135
4717 3135
2139 3135
4909 3135
3702 3135
7415 3135
7037 3135
1547 3135
3177 3135
1822 3135
7628 3136
1673 3136
1289 3136
2398 3136
491 3136
6154 3136
814 3136
4618 3136
1722 3136
3615 3136
2661 3136
2759 3136
922 3136
8027 3136
4217 3136
3343 3136
735 3136
4956 3136
1934 3137
5618 3137
3002 3137
185 3137
3922 3137
4907 3137
7618 3137
6213 3137
6084 3137
5664 3137
7033 3137
1808 3137
2512 3137
6535 3137
5523 3137
7158 3138
6356 3138
6200 3138
3903 3138
113 3138
784 3138
3783 3138
683 3138
897 3138
838 3138
5663 3138
8135 3139
2006 3139
5576 3139
5183 3139
219 3139
786 3139
2474 3139
768 3139
3642 3139
3386 3139
3799 3139
481 3139
5718 3139
4929 3139
1479 3139
7401 3139
2434 3139
4790 3139
2033 3140
1063 3140
6638 3140
3630 3140
6576 3140
1151 3140
2570 3140
3321 3140
6467 3140
1952 3140
6156 3140
5207 3140
1964 3140
1532 3140
491 3140
2675 3140
249 3140
5608 3140
3640 3140
6136 3140
884 3140
7852 3140
4772 3140
854 3140
2981 3141
3475 3141
7563 3141
5224 3141
3188 3141
2968 3141
6943 3141
5824 3141
4702 3141
6817 3141
3474 3141
3909 3141
1436 3141
6731 3141
7322 3141
4860 3141
4587 3141
5778 3141
2852 3141
153 3141
3271 3142
7321 3142
5468 3142
6681 3142
6368 3142
963 3142
6935 3142
1940 3142
3422 3142
2070 3142
629 3142
1604 3142
4563 3142
10 3142
2208 3142
6075 3143
1370 3143
4146 3143
1718 3143
2352 3143
7977 3143
3056 3143
1372 3143
7780 3143
3870 3143
7815 3143
5868 3143
4269 3143
14 3144
6564 3144
7978 3144
2788 3144
2593 3144
4012 3144
5884 3144
2698 3144
4887 3144
3414 3144
4394 3144
1419 3144
3165 3144
917 3144
1298 3144
3106 3144
6759 3144
6994 3144
7314 3145
7831 3145
7164 3145
202 3145
6733 3145
8284 3145
1844 3145
1148 3145
8101 3145
1087 3145
2205 3145
5881 3145
1282 3145
5957 3145
7378 3145
7493 3145
160 3146
7521 3146
4655 3146
5714 3146
5082 3146
296 3146
2104 3146
1220 3146
4790 3146
1109 3146
4536 3146
2301 3146
3752 3146
4676 3146
2475 3146
3787 3146
4482 3146
4711 3146
6112 3147
1775 3147
6068 3147
4990 3147
402 3147
5985 3147
5951 3147
5961 3147
3292 3147
1908 3147
1109 3147
3038 3147
6865 3147
4501 3148
6285 3148
2376 3148
5734 3148
5659 3148
7075 3148
3498 3148
7345 3148
1703 3148
376 3148
2495 3148
4900 3148
1278 3149
1425 3149
3567 3149
802 3149
4958 3149
1587 3149
5986 3149
4435 3149
6250 3149
2844 3149
5032 3149
4694 3149
533 3149
7551 3149
4811 3149
6511 3149
3473 3150
1287 3150
511 3150
6320 3150
7281 3150
1179 3150
6746 3150
8257 3150
3746 3150
3219 3150
3788 3150
7953 3150
1909 3150
748 3150
817 3150
4019 3150
4024 3150
7963 3150
7057 3150
6853 3150
6309 3150
2330 3151
4892 3151
4792 3151
4882 3151
5001 3151
5121 3151
2434 3151
1130 3151
2567 3151
2744 3151
8292 3151
1442 3151
683 3151
682 3151
5900 3152
1357 3152
177 3152
3281 3152
5710 3152
6186 3152
3107 3152
2738 3152
6497 3152
1803 3152
5678 3153
2370 3153
4181 3153
6039 3153
4576 3153
5679 3153
8210 3153
3370 3153
3548 3153
6474 3153
488 3153
4882 3153
2984 3153
4241 3153
6524 3153
2110 3154
3976 3154
4587 3154
770 3154
2206 3154
6398 3154
3212 3154
1254 3154
3950 3154
4271 3154
5538 3154
513 3154
2331 3154
2 3154
1634 3154
5772 3154
5245 3154
1555 3155
7743 3155
8057 3155
784 3155
425 3155
7060 3155
3400 3155
402 3155
5605 3155
8110 3155
7818 3155
1953 3155
4891 3155
3246 3155
5621 3155
3069 3155
1212 3155
6140 3155
762 3155
4358 3155
8008 3156
1413 3156
5590 3156
984 3156
6066 3156
7284 3156
449 3156
4447 3156
662 3156
3727 3156
7001 3156
8026 3156
4872 3156
8132 3157
2230 3157
4617 3157
7576 3157
1464 3157
8162 3157
249 3157
4901 3157
1163 3157
7808 3157
6208 3157
6879 3157
5165 3158
2200 3158
2597 3158
5489 3158
3634 3158
3582 3158
1460 3158
417 3158
2845 3158
54 3158
808 3158
7907 3158
7675 3158
1174 3158
6261 3158
4387 3158
487 3158
127 3158
1463 3159
7115 3159
6307 3159
7036 3159
7944 3159
1554 3159
7271 3159
3781 3159
975 3159
3737 3159
5818 3159
7585 3159
662 3159
5397 3159
5159 3159
963 3159
519 3159
919 3159
3160 3160
4123 3160
3002 3160
7132 3160
3630 3160
1432 3160
1307 3160
10 3160
2679 3160
6668 3160
6827 3160
7457 3160
1920 3160
7829 3160
1009 3160
4612 3160
3853 3160
6720 3160
6090 3160
141 3161
7070 3161
2929 3161
6103 3161
936 3161
7242 3161
4108 3161
2373 3161
7647 3161
3458 3161
5201 3161
894 3161
3651 3161
2485 3161
4731 3161
548 3161
5413 3161
5243 3161
419 3162
1579 3162
3934 3162
7861 3162
6048 3162
5794 3162
2811 3162
5075 3162
2089 3162
2530 3162
1103 3162
757 3162
1504 3162
2921 3163
6121 3163
2965 3163
5944 3163
7563 3163
4265 3163
5189 3163
4626 3163
6575 3163
4216 3163
3288 3163
2375 3163
5174 3163
7797 3163
799 3163
5334 3163
4312 3163
7738 3163
2447 3163
2217 3163
3436 3164
3487 3164
3164 3164
3473 3164
2554 3164
6224 3164
1791 3164
5351 3164
4439 3164
6160 3164
8020 3164
2570 3164
5103 3164
709 3164
3909 3164
3607 3164
5282 3164
7004 3164
7163 3164
8168 3164
1746 3164
2960 3164
5263 3164
3254 3164
888 3164
3119 3164
1993 3165
5511 3165
5354 3165
4425 3165
2178 3165
4948 3165
7978 3165
228 3165
3656 3165
7464 3165
5710 3165
4196 3165
2006 3165
6003 3165
7906 3165
6856 3165
393 3166
2160 3166
217 3166
3488 3166
5246 3166
7482 3166
7887 3166
5047 3166
4173 3166
1341 3166
1641 3166
5462 3167
2116 3167
3195 3167
5193 3167
4388 3167
6569 3167
7302 3167
3396 3167
6202 3167
5516 3167
198 3167
5022 3167
2836 3167
7164 3167
223 3167
8157 3167
5098 3167
1669 3168
5524 3168
7652 3168
7136 3168
4910 3168
7533 3168
4253 3168
416 3168
1631 3168
973 3168
2233 3168
2791 3168
6914 3168
2692 3168
519 3168
1612 3168
4647 3168
7022 3168
6162 3168
7057 3168
5958 3168
2162 3169
3338 3169
7310 3169
6814 3169
321 3169
4130 3169
5807 3169
6187 3169
6831 3169
5386 3169
3771 3169
8172 3169
8132 3169
4677 3170
2515 3170
7933 3170
3229 3170
3934 3170
4942 3170
2384 3170
7478 3170
2182 3170
3330 3170
1820 3170
2709 3170
4050 3170
5294 3170
1784 3170
7085 3170
2929 3170
7927 3170
4696 3170
2002 3170
2260 3171
2697 3171
271 3171
3290 3171
5432 3171
5830 3171
8009 3171
4808 3171
7038 3171
5894 3171
1163 3171
420 3172
7521 3172
3123 3172
23 3172
5001 3172
6313 3172
7159 3172
4461 3172
6779 3172
7825 3172
5444 3172
7284 3172
6505 3172
2373 3172
7576 3172
3321 3172
5037 3172
3969 3172
2596 3172
936 3172
4250 3172
168 3172
3700 3173
900 3173
3397 3173
692 3173
893 3173
942 3173
3392 3173
1527 3173
420 3173
5530 3174
6191 3174
457 3174
6559 3174
7902 3174
1579 3174
5021 3174
309 3174
6273 3174
7598 3174
8240 3174
4049 3175
5459 3175
1042 3175
264 3175
4576 3175
2276 3175
198 3175
6261 3175
7684 3175
224 3175
1255 3175
6129 3175
7624 3175
3783 3175
7341 3175
3286 3175
2669 3175
2939 3175
5203 3176
7539 3176
5554 3176
2370 3176
622 3176
51 3176
2110 3176
1323 3176
8252 3176
4434 3176
3995 3176
7496 3176
2574 3176
5127 3176
5327 3176
3839 3176
6420 3176
2486 3176
8272 3177
5255 3177
7951 3177
4031 3177
5543 3177
1754 3177
7296 3177
3287 3177
2626 3177
5127 3177
3192 3177
4684 3177
6712 3177
940 3177
32 3178
1949 3178
3704 3178
4979 3178
5587 3178
6294 3178
4451 3178
6523 3178
6178 3178
1182 3178
1475 3178
6228 3178
384 3178
5481 3178
2367 3178
7714 3178
4520 3178
7182 3178
289 3179
1870 3179
5203 3179
5120 3179
1293 3179
1911 3179
4139 3179
6932 3179
7130 3179
7082 3179
5157 3179
7493 3179
737 3179
3453 3179
3519 3179
4384 3180
4394 3180
1766 3180
5285 3180
7776 3180
6371 3180
4610 3180
4251 3180
2278 3180
123 3180
1454 3180
3295 3180
3939 3180
6822 3180
1261 3180
7501 3180
6792 3180
5837 3180
322 3180
2683 3181
8005 3181
6485 3181
6268 3181
2509 3181
1569 3181
4639 3181
6356 3181
1374 3181
5038 3181
2701 3181
1823 3181
5125 3181
1301 3181
337 3181
2833 3181
3930 3182
3046 3182
2732 3182
2010 3182
144 3182
7160 3182
5483 3182
7743 3182
4206 3182
2013 3182
7079 3182
1382 3182
1104 3182
4265 3182
4134 3182
2048 3182
2755 3182
5779 3182
1778 3182
5701 3182
792 3182
3793 3183
7611 3183
7044 3183
2261 3183
6831 3183
6144 3183
8114 3183
2148 3183
6700 3183
7806 3183
7639 3183
5211 3183
5265 3183
6253 3183
1011 3183
1032 3183
3868 3183
403 3184
1850 3184
6343 3184
200 3184
6030 3184
1805 3184
808 3184
3633 3184
7224 3184
3985 3184
1459 3184
3185 3185
2868 3185
650 3185
6098 3185
1101 3185
6811 3185
5259 3185
2166 3185
394 3185
5077 3185
1419 3185
5964 3185
635 3185
3867 3185
194 3185
4064 3185
7668 3185
165 3185
3477 3185
2374 3185
7523 3185
1071 3185
1521 3185
5547 3186
6801 3186
3353 3186
6121 3186
5390 3186
6487 3186
2772 3186
2813 3186
6966 3186
6716 3186
3212 3186
1889 3186
1987 3186
4153 3186
7130 3186
2626 3186
2423 3186
4213 3186
1989 3186
133 3186
135 3186
6943 3186
7809 3186
456 3186
4579 3186
5927 3186
6822 3187
4101 3187
98 3187
5570 3187
2354 3187
3785 3187
3431 3187
6794 3187
1047 3187
1839 3187
358 3187
2168 3187
5986 3187
903 3188
5908 3188
919 3188
6388 3188
3277 3188
7193 3188
4358 3188
436 3188
501 3188
5884 3188
2746 3188
4264 3188
5308 3188
4194 3188
2592 3188
5423 3188
7978 3188
2411 3188
7443 3188
2033 3188
1994 3188
1367 3189
7507 3189
6547 3189
3622 3189
4820 3189
4973 3189
2723 3189
1746 3189
1976 3189
665 3189
3988 3189
4490 3189
3446 3190
7651 3190
655 3190
7561 3190
6207 3190
6959 3190
1134 3190
5462 3190
1748 3190
5951 3190
4903 3190
1552 3190
7975 3190
1233 3191
392 3191
7551 3191
2415 3191
7464 3191
2855 3191
5622 3191
1774 3191
2672 3191
1457 3191
5238 3191
7958 3191
6231 3191
4637 3191
5345 3191
5561 3191
1571 3191
1499 3191
4926 3191
3954 3191
8291 3192
540 3192
2090 3192
3792 3192
2892 3192
7011 3192
1600 3192
6335 3192
1467 3192
5825 3192
6416 3192
4072 3192
4608 3192
118 3192
7628 3192
2736 3193
3350 3193
7057 3193
925 3193
7930 3193
3999 3193
941 3193
6364 3193
745 3193
5080 3193
5397 3193
1672 3193
1209 3193
6574 3193
3888 3193
171 3193
6610 3193
5291 3193
3511 3193
1257 3193
8286 3193
1207 3194
1144 3194
6474 3194
3971 3194
2312 3194
7725 3194
6106 3194
5596 3194
2187 3194
5822 3194
5692 3194
4521 3194
3713 3194
358 3194
7925 3195
7541 3195
3106 3195
2391 3195
7473 3195
3256 3195
2805 3195
5076 3195
279 3195
1734 3195
533 3195
7481 3195
1200 3195
5596 3195
4060 3195
3862 3195
1055 3195
3117 3195
2337 3195
7463 3195
2620 3195
2016 3195
2085 3196
3784 3196
1205 3196
3248 3196
3052 3196
4232 3196
1464 3196
3540 3196
6126 3196
3870 3196
1855 3196
4878 3196
2109 3197
595 3197
2977 3197
5309 3197
2342 3197
3861 3197
4639 3197
105 3197
6900 3197
4006 3197
1767 3197
6609 3197
1998 3197
3898 3198
3240 3198
4435 3198
7350 3198
1303 3198
7404 3198
4642 3198
6908 3198
7001 3198
8281 3198
4360 3198
6195 3198
2245 3198
1356 3199
3199 3199
1315 3199
4807 3199
963 3199
5681 3199
1537 3199
8054 3199
2802 3199
773 3199
4738 3199
8290 3199
5512 3199
2037 3199
5414 3200
548 3200
937 3200
7139 3200
5923 3200
1734 3200
4005 3200
3169 3200
1855 3200
5310 3200
4792 3200
3825 3200
532 3200
1886 3200
7846 3200
5836 3200
492 3200
1632 3200
2548 3200
344 3200
2489 3200
676 3200
2013 3200
6982 3201
4979 3201
8059 3201
6106 3201
8210 3201
7743 3201
4179 3201
6221 3201
4406 3201
6699 3201
5413 3201
3432 3201
3367 3201
7561 3201
7018 3201
2989 3201
4126 3201
3785 3201
100 3201
836 3201
7771 3201
1307 3201
1369 3201
2781 3201
894 3201
4753 3202
6514 3202
2822 3202
3144 3202
740 3202
291 3202
7692 3202
3698 3202
2775 3202
1483 3202
6420 3202
4017 3202
4131 3202
6085 3202
1652 3202
5348 3202
5414 3202
3203 3203
1177 3203
6043 3203
4909 3203
4847 3203
2867 3203
1306 3203
2202 3203
4232 3203
4594 3203
8011 3203
6142 3203
3069 3203
3204 3204
3413 3204
5254 3204
4534 3204
4374 3204
5702 3204
908 3204
6820 3204
7258 3204
5309 3204
