5605 3204
6737 3204
6063 3204
3684 3204
2261 3204
3184 3204
7995 3204
2911 3204
2037 3204
6960 3204
5621 3204
3863 3204
3994 3204
5195 3204
1122 3205
3789 3205
6610 3205
1882 3205
4193 3205
549 3205
278 3205
7311 3205
2331 3205
5689 3205
3736 3205
5767 3205
4309 3205
2858 3205
2148 3205
478 3205
3611 3205
2653 3206
738 3206
1526 3206
7501 3206
6264 3206
7844 3206
6696 3206
6676 3206
7847 3206
173 3206
4312 3206
7 3206
6865 3206
663 3206
6668 3206
6795 3206
3426 3206
377 3206
5878 3207
2867 3207
5750 3207
8105 3207
4277 3207
7544 3207
5130 3207
792 3207
1015 3207
2875 3207
2038 3207
2606 3207
369 3207
7769 3207
4175 3207
3208 3208
407 3208
5414 3208
6334 3208
1002 3208
7020 3208
7524 3208
7870 3208
4550 3208
3439 3208
6094 3208
7046 3208
450 3208
1257 3208
6760 3208
4620 3208
6625 3208
6357 3208
2456 3208
1238 3208
3745 3208
6459 3208
4862 3209
7166 3209
190 3209
6935 3209
4451 3209
3862 3209
5757 3209
410 3209
4789 3209
7213 3209
2183 3209
1661 3210
98 3210
4587 3210
2982 3210
1667 3210
7864 3210
2570 3210
281 3210
3511 3210
3930 3210
5737 3210
6943 3210
7071 3210
6168 3210
6380 3210
4478 3210
4369 3211
5412 3211
1293 3211
1136 3211
431 3211
2116 3211
2796 3211
2815 3211
725 3211
6112 3211
2110 3211
853 3211
7282 3211
7997 3211
5781 3211
456 3211
3652 3211
7448 3211
5155 3212
1935 3212
7253 3212
2032 3212
7440 3212
4005 3212
4047 3212
2738 3212
2294 3213
5825 3213
8129 3213
6743 3213
4445 3213
7413 3213
2666 3213
8244 3213
7583 3213
6394 3213
5177 3213
5406 3213
439 3213
3547 3213
6140 3213
3134 3213
7803 3213
706 3213
3227 3213
4584 3213
1538 3213
1730 3214
3397 3214
5640 3214
5685 3214
4889 3214
154 3214
4713 3214
7937 3214
799 3214
2409 3214
1882 3214
4648 3214
7651 3214
3215 3215
4620 3215
5374 3215
3101 3215
3353 3215
3740 3215
1182 3215
6361 3215
141 3215
4785 3215
3817 3215
419 3215
5097 3215
1089 3215
7383 3215
5436 3215
826 3215
2055 3215
7648 3215
6511 3215
2972 3215
1263 3215
1760 3215
4778 3215
665 3215
4883 3215
5885 3216
4093 3216
1248 3216
7670 3216
1457 3216
8154 3216
2582 3216
6234 3216
5186 3216
4981 3216
8270 3216
461 3216
2953 3216
5518 3216
878 3216
7841 3217
1837 3217
8245 3217
1174 3217
7860 3217
593 3217
5042 3217
717 3217
3250 3217
6524 3217
3855 3217
1038 3217
5297 3218
638 3218
982 3218
1156 3218
6980 3218
329 3218
4648 3218
3071 3218
3792 3218
7246 3218
390 3218
6206 3218
2401 3218
1621 3218
1998 3218
3935 3218
7049 3218
2463 3218
6463 3218
5145 3218
1881 3218
7568 3219
4444 3219
1788 3219
7488 3219
5664 3219
837 3219
3559 3219
7507 3219
2787 3219
894 3219
7870 3219
8297 3219
3846 3219
1263 3219
5682 3219
4910 3220
3704 3220
2536 3220
8086 3220
3373 3220
4704 3220
3093 3220
1757 3220
1704 3220
2120 3220
3878 3220
5125 3220
7203 3220
5006 3220
7097 3220
7944 3220
970 3220
7906 3220
2334 3220
3789 3220
5089 3220
1203 3220
3221 3221
2682 3221
1580 3221
5855 3221
6358 3221
2672 3221
3941 3221
7390 3221
420 3221
119 3221
1650 3221
2414 3221
6964 3221
1960 3221
7865 3221
4006 3221
2173 3221
4049 3221
7630 3221
3444 3221
4696 3221
7606 3222
1229 3222
4050 3222
1698 3222
3603 3222
5053 3222
7029 3222
5548 3222
4994 3222
6277 3222
4860 3222
8105 3222
3010 3222
527 3222
3273 3223
3312 3223
7468 3223
649 3223
7182 3223
6165 3223
8006 3223
1174 3223
2008 3223
3583 3224
3398 3224
3796 3224
1700 3224
5777 3224
4286 3224
7387 3224
5265 3224
4774 3224
5397 3224
7277 3224
6701 3224
3656 3224
5801 3224
2974 3224
7465 3224
2439 3224
2625 3225
1517 3225
5286 3225
1648 3225
5551 3225
8183 3225
608 3225
4627 3225
6371 3225
7511 3225
2463 3225
1553 3225
5333 3225
4854 3225
4070 3225
4162 3226
2084 3226
5910 3226
1235 3226
2728 3226
98 3226
6319 3226
690 3226
5158 3226
398 3226
4340 3226
3676 3226
3249 3226
6334 3226
2248 3227
1214 3227
5058 3227
5765 3227
5203 3227
2683 3227
2331 3227
2580 3227
5670 3227
4677 3227
8 3227
791 3227
4743 3227
7930 3227
5409 3227
280 3228
30 3228
1749 3228
5389 3228
3453 3228
6749 3228
8078 3228
7287 3228
2434 3228
296 3228
2572 3228
1051 3228
3132 3228
6234 3228
3788 3228
5992 3228
1438 3229
5358 3229
300 3229
1529 3229
697 3229
343 3229
1339 3229
3454 3229
747 3229
3190 3229
6713 3229
7765 3229
2040 3229
5258 3229
3782 3229
3099 3229
7294 3229
6361 3230
7211 3230
4427 3230
3759 3230
4412 3230
8138 3230
4920 3230
1302 3230
7388 3230
6954 3230
5528 3230
3069 3230
4158 3230
2204 3230
2972 3230
3286 3230
6916 3231
6748 3231
5830 3231
1906 3231
3595 3231
3909 3231
2312 3231
2888 3231
680 3231
3637 3231
5512 3231
3748 3231
1656 3231
1712 3231
497 3231
4244 3231
2892 3231
726 3231
4122 3232
6662 3232
8108 3232
2225 3232
6019 3232
4097 3232
122 3232
2281 3232
2288 3232
1667 3232
3421 3232
23 3232
7645 3232
2516 3232
1535 3232
4706 3232
6132 3232
7583 3232
3543 3233
3635 3233
6496 3233
194 3233
4353 3233
1448 3233
7457 3233
462 3233
2516 3233
4006 3233
4237 3233
6564 3233
7027 3233
821 3233
8098 3233
2038 3233
7725 3233
4184 3233
865 3233
6407 3234
2849 3234
5822 3234
391 3234
5980 3234
1595 3234
2456 3234
62 3234
3454 3234
2555 3234
3172 3234
4641 3234
1537 3234
7748 3234
5817 3234
326 3234
7405 3234
2898 3235
7253 3235
4012 3235
6011 3235
5883 3235
1695 3235
5187 3235
1956 3235
2075 3235
6884 3235
1361 3235
7960 3235
3152 3235
6433 3235
7401 3235
6628 3235
2099 3235
1937 3235
3697 3236
3929 3236
4181 3236
770 3236
6434 3236
6202 3236
3554 3236
2262 3236
3772 3236
1217 3236
7332 3236
6234 3236
3314 3237
2738 3237
2572 3237
7294 3237
6014 3237
5003 3237
2858 3237
1479 3237
3963 3237
3302 3237
5452 3237
456 3237
331 3237
5072 3237
4037 3237
5026 3237
925 3238
6783 3238
5806 3238
8174 3238
2760 3238
4735 3238
3948 3238
6014 3238
4315 3238
6865 3238
485 3239
84 3239
3651 3239
2274 3239
8107 3239
2235 3239
4042 3239
6801 3239
4065 3239
254 3239
953 3239
5338 3239
3113 3239
3945 3239
3325 3239
8006 3239
4584 3239
7197 3239
5715 3239
5772 3239
5233 3239
7050 3240
358 3240
4800 3240
6406 3240
398 3240
3964 3240
717 3240
5123 3240
1432 3240
3419 3240
7837 3240
6856 3240
6333 3240
6580 3240
4727 3241
7977 3241
4811 3241
2649 3241
7725 3241
3954 3241
601 3241
3680 3241
3211 3241
4416 3241
2808 3241
8176 3241
5390 3241
3009 3241
4682 3241
632 3241
348 3241
3632 3241
7366 3241
212 3241
6240 3241
3091 3241
1161 3241
6935 3241
6760 3241
1148 3241
483 3241
3628 3241
6580 3242
3565 3242
2744 3242
7428 3242
4805 3242
7914 3242
7004 3242
1913 3242
6567 3242
7928 3242
584 3242
7867 3242
6029 3242
5908 3242
6496 3242
2447 3242
7540 3242
528 3242
3287 3242
3284 3242
294 3242
4817 3242
4856 3242
2314 3242
6201 3242
78 3242
3253 3242
5136 3243
196 3243
2727 3243
6237 3243
5477 3243
6946 3243
1367 3243
5187 3243
8106 3243
4081 3243
3936 3243
8171 3243
5137 3243
387 3243
1855 3243
6577 3243
5654 3244
7562 3244
1209 3244
3126 3244
6661 3244
1382 3244
6919 3244
6916 3244
5631 3244
7029 3244
5402 3244
7050 3244
4690 3244
8010 3244
6320 3245
1287 3245
3785 3245
232 3245
3617 3245
6150 3245
3919 3245
238 3245
673 3245
2575 3245
6013 3245
5351 3245
6879 3245
6081 3245
7130 3245
7942 3245
4438 3245
2375 3246
1047 3246
5077 3246
376 3246
2986 3246
5001 3246
6366 3246
5365 3246
6522 3246
6811 3246
6466 3246
2060 3246
4913 3246
5141 3246
1340 3246
3544 3246
3194 3246
129 3246
5063 3246
5216 3246
2585 3246
7613 3246
1645 3247
5890 3247
7737 3247
1971 3247
2945 3247
1996 3247
6221 3247
1235 3247
4743 3247
2040 3247
5246 3247
7730 3247
3445 3247
4903 3247
2470 3247
7389 3247
496 3247
2654 3247
6565 3247
2691 3248
3851 3248
1403 3248
5010 3248
6940 3248
5451 3248
6624 3248
7732 3248
6229 3248
7878 3248
6795 3248
167 3248
3502 3248
1774 3248
5590 3248
7115 3248
5266 3249
897 3249
154 3249
3760 3249
5465 3249
2581 3249
2904 3249
5163 3249
1238 3249
6428 3249
3504 3249
1842 3249
1886 3249
7936 3249
5806 3249
5421 3249
1419 3249
6773 3250
8134 3250
4753 3250
4795 3250
5715 3250
4536 3250
3741 3250
5133 3250
540 3250
5779 3250
2587 3250
1336 3250
4843 3250
6912 3250
6461 3250
3711 3250
3370 3250
7081 3250
5572 3250
7004 3250
3339 3250
7665 3251
1947 3251
2696 3251
6229 3251
4815 3251
8236 3251
2775 3251
1374 3251
4382 3251
7769 3251
326 3251
2529 3251
1814 3251
1382 3251
2972 3252
4100 3252
6908 3252
2375 3252
4351 3252
662 3252
8155 3252
853 3252
5947 3252
1965 3252
6334 3252
243 3252
2344 3252
5780 3252
489 3252
4155 3252
5927 3252
3814 3252
8241 3252
5593 3252
4382 3253
5243 3253
5372 3253
4391 3253
1774 3253
2607 3253
2018 3253
5187 3253
3256 3254
8255 3254
1558 3254
2356 3254
1149 3254
8072 3254
6982 3254
7377 3254
1330 3254
3096 3254
6701 3255
3700 3255
525 3255
5837 3255
995 3255
3746 3255
4092 3255
3638 3255
7825 3255
257 3255
451 3255
1976 3255
1489 3255
5725 3255
6994 3255
7001 3256
7892 3256
3551 3256
2696 3256
8045 3256
5493 3256
2016 3256
6066 3256
1523 3256
5499 3256
3147 3256
6139 3256
1321 3256
5017 3256
4530 3256
5330 3256
3135 3256
5121 3256
4279 3256
8176 3257
2881 3257
177 3257
5539 3257
7649 3257
6424 3257
4254 3257
3747 3257
5994 3257
606 3257
2772 3257
6240 3257
5924 3257
7593 3257
7014 3257
3797 3257
4244 3257
4929 3257
6891 3257
5221 3258
3258 3258
3680 3258
4271 3258
416 3258
5720 3258
6077 3258
3914 3258
6779 3258
4478 3258
3461 3258
230 3258
4467 3258
2467 3258
2419 3258
3455 3258
2676 3258
3259 3259
5423 3259
7205 3259
2650 3259
1331 3259
6160 3259
6894 3259
7571 3259
1190 3259
5885 3260
5366 3260
8009 3260
5524 3260
6313 3260
1903 3260
3373 3260
3460 3260
7020 3260
6577 3260
103 3260
4781 3261
2151 3261
4695 3261
6126 3261
4162 3261
3391 3261
1912 3261
6778 3261
4835 3261
5001 3261
6734 3261
6292 3261
1726 3261
2945 3261
1732 3261
3838 3261
4791 3261
6970 3261
4012 3261
5632 3261
3601 3261
2442 3261
3040 3261
6031 3261
3171 3261
23 3262
5652 3262
2707 3262
6710 3262
3016 3262
8292 3262
8177 3262
3267 3262
1162 3262
4241 3262
3407 3262
1595 3262
7275 3262
519 3262
6755 3262
2195 3262
1279 3262
6325 3262
7194 3263
5250 3263
3270 3263
7999 3263
1973 3263
6053 3263
5715 3263
1730 3263
5258 3263
198 3263
1001 3263
6566 3263
748 3263
6513 3263
6643 3263
3699 3263
232 3263
4888 3263
7687 3263
3365 3263
6124 3263
7678 3263
530 3263
942 3264
6994 3264
292 3264
4902 3264
7033 3264
2276 3264
5374 3264
195 3264
3903 3265
643 3265
6239 3265
8273 3265
5222 3265
3134 3265
7982 3265
1408 3265
4387 3265
6879 3266
7668 3266
3266 3266
1113 3266
5583 3266
860 3266
1201 3266
318 3266
7589 3267
4274 3267
3504 3267
4549 3267
3322 3267
6015 3267
5320 3267
7991 3267
1003 3267
5498 3267
151 3267
6302 3267
860 3267
3184 3267
3031 3267
7572 3267
7296 3267
1201 3267
4962 3267
5441 3267
6003 3267
717 3267
7880 3267
5430 3267
1327 3268
2008 3268
8020 3268
7966 3268
5569 3268
4307 3268
1482 3268
2568 3268
5659 3268
4403 3268
1516 3268
6523 3269
4241 3269
6255 3269
3742 3269
4496 3269
1861 3269
995 3269
563 3269
6643 3269
4821 3269
4878 3269
716 3269
5047 3270
5131 3270
7340 3270
308 3270
5640 3270
3179 3270
8087 3270
5715 3270
5649 3270
3256 3270
5599 3270
2269 3270
1724 3270
5636 3270
6676 3270
1917 3270
7348 3270
7429 3270
3737 3270
7469 3270
2830 3271
552 3271
7190 3271
5222 3271
6255 3271
3583 3271
7400 3271
2386 3271
854 3271
1558 3271
7349 3271
6049 3271
5078 3271
1032 3272
5663 3272
3462 3272
2426 3272
5968 3272
3914 3272
5377 3272
7461 3272
2516 3272
1842 3272
3267 3272
803 3272
5234 3272
5735 3272
4191 3272
7647 3273
2845 3273
3627 3273
5695 3273
64 3273
1342 3273
5457 3273
4530 3273
6495 3273
438 3273
2316 3273
6417 3273
6087 3273
2781 3273
3093 3273
1219 3274
4518 3274
2329 3274
5329 3274
3748 3274
6690 3274
6353 3274
2787 3274
7128 3274
2235 3274
8129 3274
2333 3274
1081 3274
4107 3274
1084 3274
8270 3274
2805 3274
7045 3274
4229 3275
3230 3275
7925 3275
3348 3275
5914 3275
883 3275
1017 3275
6595 3275
6948 3275
7264 3275
4446 3275
3873 3275
2435 3275
3602 3276
2253 3276
5055 3276
136 3276
4236 3276
3958 3276
5130 3276
2852 3276
3709 3276
1360 3276
6350 3276
8089 3276
2405 3276
2868 3276
5271 3276
4630 3276
2858 3277
3547 3277
256 3277
1124 3277
4735 3277
4077 3277
8024 3277
7452 3277
8103 3277
2360 3277
3214 3277
822 3277
5216 3277
144 3277
2574 3277
1599 3277
3070 3278
3754 3278
7905 3278
5621 3278
5735 3278
6779 3278
3995 3278
6511 3278
1407 3278
4977 3278
2311 3278
5681 3278
650 3278
5489 3278
8197 3278
2422 3279
676 3279
867 3279
5535 3279
3742 3279
6033 3279
7840 3279
7077 3279
6340 3279
4259 3279
1044 3279
2873 3279
815 3279
4123 3279
3563 3279
3683 3279
1006 3280
7996 3280
2764 3280
1621 3280
2207 3280
4334 3280
5365 3280
274 3280
8116 3280
6344 3280
1334 3280
5130 3280
1615 3280
7081 3280
1498 3280
3697 3280
7066 3280
7482 3280
7 3280
633 3280
3293 3280
2301 3280
3663 3281
2331 3281
528 3281
2873 3281
2522 3281
4723 3281
6946 3281
3774 3281
1219 3281
938 3281
6590 3281
6736 3281
7840 3281
75 3281
1828 3281
7664 3281
3639 3282
3727 3282
8257 3282
4950 3282
4307 3282
7194 3282
3972 3282
3652 3282
5085 3282
2693 3282
5853 3282
2790 3282
5475 3282
5554 3282
3974 3283
4801 3283
7357 3283
3477 3283
3079 3283
232 3283
6892 3283
6996 3283
4321 3283
5384 3283
1621 3283
5043 3283
4291 3283
2962 3283
1568 3283
1150 3283
5936 3283
268 3283
4209 3283
3342 3283
3873 3283
581 3283
1669 3284
6229 3284
4138 3284
561 3284
873 3284
5927 3284
7060 3284
7901 3284
4596 3284
1278 3284
7952 3284
3463 3284
3566 3284
3977 3284
6011 3284
367 3285
5501 3285
1136 3285
982 3285
2271 3285
6013 3285
5499 3285
6966 3285
6779 3285
5414 3285
4765 3285
5131 3285
7882 3285
487 3285
5524 3285
1997 3285
6863 3285
4718 3285
4374 3285
5377 3285
5781 3286
4228 3286
4968 3286
7391 3286
2419 3286
1571 3286
703 3286
963 3286
7300 3286
2413 3286
3550 3286
4155 3286
4165 3286
6844 3286
6308 3286
1098 3287
8291 3287
7251 3287
7389 3287
6376 3287
3880 3287
8282 3287
494 3287
2161 3287
8150 3287
7594 3287
497 3287
4705 3287
7965 3287
1106 3287
7469 3287
4986 3287
3969 3287
4274 3287
1968 3288
5122 3288
6649 3288
1235 3288
8103 3288
3630 3288
6181 3288
3819 3288
791 3288
2805 3288
4775 3288
6395 3288
792 3288
7690 3288
6971 3288
3067 3289
7488 3289
1604 3289
4232 3289
2538 3289
6377 3289
6637 3289
4041 3289
4561 3289
5309 3289
2769 3289
4248 3289
6333 3289
3307 3289
7069 3289
7597 3289
2693 3289
2145 3289
7451 3289
3468 3290
7521 3290
73 3290
2638 3290
5957 3290
1300 3290
6264 3290
2278 3290
6204 3290
6901 3290
7329 3290
6406 3290
7962 3290
7192 3291
7073 3291
222 3291
2905 3291
2753 3291
5001 3291
5513 3291
4536 3291
6909 3291
134 3291
1986 3291
4109 3291
7768 3291
2135 3291
6388 3291
4564 3291
2118 3291
2761 3291
3047 3291
4592 3291
5190 3291
1105 3291
4248 3292
1198 3292
1472 3292
2019 3292
7791 3292
2063 3292
4848 3292
7115 3292
1964 3292
5771 3292
1790 3292
4253 3292
2822 3292
4884 3292
1413 3292
5853 3292
4438 3293
1097 3293
3306 3293
2773 3293
105 3293
7512 3293
1280 3293
5831 3293
7697 3293
5451 3293
7811 3293
6722 3293
6737 3293
7575 3293
5466 3293
1315 3294
3888 3294
1073 3294
2448 3294
4662 3294
5691 3294
2076 3294
826 3294
1748 3294
3924 3294
3413 3294
326 3294
350 3294
2053 3294
4176 3294
7386 3294
3576 3294
3354 3294
6444 3294
619 3294
3789 3294
3525 3295
1587 3295
2790 3295
2977 3295
1810 3295
863 3295
4444 3295
6026 3295
6058 3295
4872 3295
4947 3295
6094 3295
7297 3295
2308 3295
2812 3295
4001 3295
1760 3296
860 3296
3913 3296
2524 3296
5910 3296
7004 3296
6697 3296
3638 3296
3507 3296
1412 3296
5535 3296
3753 3296
5628 3296
7044 3296
3267 3296
8231 3296
7060 3296
5963 3296
3228 3296
5992 3296
5188 3296
984 3296
565 3297
2669 3297
7228 3297
6341 3297
4658 3297
4216 3297
5393 3297
153 3297
6840 3297
1648 3297
3878 3297
2310 3297
5046 3297
64 3297
1750 3297
7085 3297
466 3298
5447 3298
100 3298
5583 3298
287 3298
2110 3298
4059 3298
4395 3298
5637 3298
3695 3298
5215 3298
5991 3298
294 3298
2082 3298
5162 3298
5261 3298
3245 3298
712 3298
4592 3298
5266 3298
11 3298
6688 3299
5721 3299
329 3299
1843 3299
6624 3299
5315 3299
4742 3299
4501 3299
94 3299
4353 3299
8180 3299
7465 3299
5780 3299
3725 3299
4040 3299
6739 3300
6125 3300
2865 3300
6235 3300
7152 3300
6305 3300
7843 3300
4182 3300
8072 3300
3214 3300
2781 3300
4820 3300
882 3300
4774 3301
3001 3301
2409 3301
2968 3301
7219 3301
6808 3301
2005 3301
6667 3301
2175 3301
165 3301
2502 3301
2983 3301
6914 3301
3608 3301
7539 3301
5459 3301
5215 3301
2752 3301
5626 3302
5050 3302
1676 3302
3837 3302
2422 3302
3035 3302
4875 3302
2065 3302
4221 3302
4658 3302
7670 3302
6605 3302
2552 3303
16 3303
1639 3303
1296 3303
7492 3303
461 3303
5624 3303
4582 3303
2135 3303
1244 3303
4769 3303
7219 3303
3454 3303
4264 3304
6468 3304
1098 3304
4318 3304
8265 3304
2800 3304
14 3304
4382 3304
6505 3304
1011 3304
2215 3304
4155 3304
4698 3304
5552 3304
5780 3305
2128 3305
6371 3305
3232 3305
2071 3305
6778 3305
4335 3305
5186 3305
3229 3305
5696 3305
2143 3305
2672 3305
6489 3305
2483 3305
467 3305
7687 3305
5888 3305
1909 3305
4748 3306
5406 3306
5909 3306
7811 3306
7953 3306
5327 3306
864 3306
4793 3306
2099 3306
1319 3306
5311 3306
7352 3306
8229 3306
1331 3306
1766 3306
3338 3306
5566 3306
6540 3306
7456 3306
5441 3306
7056 3307
4246 3307
1599 3307
885 3307
3699 3307
2669 3307
7909 3307
7732 3307
2489 3307
175 3307
3307 3307
7576 3307
3223 3307
3473 3308
3228 3308
5687 3308
5810 3308
7740 3308
4183 3308
3088 3308
166 3308
2966 3308
7999 3308
5133 3308
5640 3308
438 3308
7825 3308
8009 3308
3200 3308
5389 3308
1535 3309
7160 3309
6420 3309
8070 3309
3419 3309
2473 3309
5478 3309
7802 3309
594 3309
4071 3309
1575 3309
1796 3309
4248 3309
5770 3309
3474 3309
3373 3309
2761 3309
7181 3310
5435 3310
6574 3310
4178 3310
4783 3310
4550 3310
4949 3310
1639 3310
2579 3310
614 3310
3828 3310
6075 3310
7056 3310
4769 3310
3330 3310
6919 3310
6266 3311
2763 3311
6969 3311
5294 3311
4377 3311
904 3311
4014 3311
7601 3311
5582 3311
8210 3311
1457 3311
1663 3311
4454 3311
690 3311
4596 3311
3229 3311
7405 3312
1261 3312
534 3312
5098 3312
4151 3312
7258 3312
7085 3312
8107 3312
2356 3312
980 3312
3811 3312
900 3312
3863 3312
5709 3313
2201 3313
1089 3313
6162 3313
112 3313
2652 3313
1802 3313
3037 3313
3260 3313
6043 3314
3869 3314
4956 3314
6894 3314
4014 3314
8129 3314
1076 3314
327 3314
4494 3314
402 3314
1967 3314
1369 3314
887 3314
671 3314
1182 3314
2182 3314
5367 3314
3723 3314
1774 3314
6377 3314
4861 3314
417 3314
8087 3314
2492 3315
1128 3315
6794 3315
5697 3315
6179 3315
1478 3315
8065 3315
2714 3315
6332 3315
3576 3315
5367 3315
3656 3315
2661 3316
6598 3316
1242 3316
8 3316
309 3316
4619 3316
2550 3316
3391 3316
2133 3316
2592 3316
1192 3316
3948 3316
4639 3316
5016 3316
7461 3316
5018 3316
7002 3316
7284 3317
1595 3317
3144 3317
5973 3317
2252 3317
6569 3317
4277 3317
6794 3318
3405 3318
3759 3318
1993 3318
1856 3318
293 3318
3477 3318
3491 3318
1484 3318
69 3318
1203 3318
1681 3318
2421 3318
1920 3318
3989 3318
2111 3318
5550 3318
6795 3318
8180 3318
287 3319
3571 3319
3675 3319
5690 3319
2710 3319
6497 3319
7437 3319
2479 3319
6943 3319
398 3319
4272 3319
1278 3319
6494 3319
1917 3319
3180 3319
4245 3319
7647 3319
5435 3319
6075 3319
7378 3319
7122 3320
2067 3320
1742 3320
4750 3320
718 3320
6248 3320
1725 3320
5026 3320
7870 3320
2468 3320
4684 3320
3218 3320
3741 3320
6811 3320
8134 3320
6802 3321
1585 3321
7531 3321
2043 3321
7377 3321
1752 3321
8106 3321
4294 3321
7415 3321
4301 3321
2120 3321
3697 3321
1025 3321
5730 3321
2429 3321
2197 3321
7873 3321
5761 3322
4007 3322
3145 3322
3464 3322
6524 3322
5694 3322
6412 3322
5785 3322
2355 3322
6817 3322
4779 3322
565 3322
2545 3322
6354 3322
1250 3322
3924 3323
4266 3323
5160 3323
3226 3323
6756 3323
6961 3323
6985 3323
6816 3323
2680 3323
1054 3323
3404 3323
5814 3323
1885 3323
5745 3323
8264 3323
8105 3323
5085 3323
777 3324
4618 3324
6090 3324
8157 3324
69 3324
1698 3324
2976 3324
787 3324
781 3324
4800 3324
2494 3325
4349 3325
4908 3325
949 3325
4789 3325
5631 3325
7183 3325
6918 3325
6632 3325
4644 3325
1712 3325
815 3325
5524 3325
6748 3325
7059 3325
7869 3325
1555 3325
6049 3325
3326 3326
5658 3326
6225 3326
4689 3326
474 3326
3077 3326
1269 3326
5881 3326
1650 3326
7209 3326
6417 3326
4794 3326
