3034 3326
4308 3326
2855 3326
2938 3326
5647 3327
4835 3327
6867 3327
4667 3327
5241 3327
786 3327
2352 3327
6350 3327
6412 3327
5984 3327
3464 3327
258 3327
6687 3327
667 3327
6752 3327
8166 3327
2067 3327
2734 3327
7970 3327
3408 3327
2672 3328
3062 3328
4167 3328
5389 3328
4584 3328
4861 3328
6307 3328
6103 3328
757 3328
6312 3328
5010 3328
6950 3328
6642 3328
2329 3328
4611 3328
2398 3328
7070 3328
1814 3328
4129 3328
2815 3329
8187 3329
7284 3329
2679 3329
2130 3329
1728 3329
1709 3329
1901 3329
3989 3329
2390 3329
2755 3329
6210 3329
4182 3329
5462 3329
906 3329
5678 3330
3136 3330
5524 3330
4717 3330
4248 3330
7815 3330
6358 3330
5908 3330
4894 3330
6647 3330
4145 3330
7864 3330
1985 3330
668 3330
3396 3330
4252 3330
2979 3330
7 3330
3454 3330
1647 3330
4334 3330
8135 3330
5938 3330
1995 3330
2306 3330
2981 3330
1195 3331
7841 3331
2253 3331
6160 3331
1477 3331
7163 3331
3560 3331
2973 3331
23 3331
1952 3331
2445 3331
7827 3331
8252 3331
2661 3331
7404 3331
2170 3331
1509 3332
713 3332
4140 3332
1242 3332
1463 3332
5740 3332
8034 3332
3036 3332
7983 3332
5679 3332
637 3332
6624 3332
723 3332
4979 3332
7516 3332
7766 3332
1250 3332
6948 3332
1056 3332
5319 3332
5035 3332
1805 3332
7258 3332
6403 3333
7033 3333
2231 3333
6675 3333
2564 3333
1890 3333
318 3333
7515 3333
1652 3333
4596 3333
613 3333
6677 3333
2984 3334
7415 3334
7878 3334
6250 3334
841 3334
3851 3334
1494 3334
2009 3334
40 3334
8281 3334
614 3334
5674 3334
6388 3334
3784 3335
3745 3335
3366 3335
6007 3335
3487 3335
3246 3335
5792 3335
2290 3335
7524 3335
5353 3335
4812 3335
7202 3335
3405 3335
7418 3335
109 3335
223 3335
3794 3335
5613 3335
6720 3335
4110 3335
1300 3336
6842 3336
6694 3336
6757 3336
6877 3336
3096 3336
3604 3336
3796 3336
1353 3336
8105 3336
7076 3336
1563 3336
7310 3336
6790 3336
5960 3336
1786 3336
2666 3336
2214 3337
2265 3337
5397 3337
2068 3337
5493 3337
7670 3337
1978 3337
5208 3337
291 3337
715 3337
5127 3337
2939 3337
3855 3337
5130 3337
5026 3337
187 3337
5035 3337
2207 3338
7494 3338
4445 3338
2973 3338
6095 3338
2551 3338
3669 3338
2654 3338
3543 3338
115 3338
2758 3338
7695 3338
4591 3338
1108 3338
3930 3338
6597 3338
7907 3339
1061 3339
3485 3339
5944 3339
4252 3339
2051 3339
1306 3339
2646 3339
2108 3339
8280 3339
4804 3339
534 3339
1200 3339
762 3339
50 3339
1721 3339
4910 3339
4666 3339
4327 3339
4416 3340
4084 3340
1675 3340
2520 3340
950 3340
1815 3340
3614 3340
6520 3340
1604 3340
806 3340
1198 3340
3079 3340
3547 3340
5259 3340
7056 3340
4549 3340
5574 3341
1366 3341
2414 3341
4948 3341
3267 3341
275 3341
2645 3341
2637 3341
3777 3341
656 3341
7255 3341
5965 3341
3309 3341
3549 3342
4645 3342
5320 3342
5489 3342
4233 3342
4340 3342
5319 3342
2108 3342
1765 3342
160 3342
1901 3342
7498 3342
8171 3342
5972 3342
4617 3342
7330 3342
164 3342
568 3343
3698 3343
7733 3343
47 3343
3823 3343
4573 3343
4551 3343
1263 3343
7520 3343
2557 3343
3022 3343
2169 3343
7076 3343
2413 3343
1182 3343
4750 3343
7590 3343
1493 3343
1079 3343
4274 3343
6700 3343
978 3343
6279 3343
6286 3344
724 3344
1246 3344
6 3344
8133 3344
7806 3344
4625 3344
8 3344
337 3344
119 3344
3954 3344
6502 3344
2649 3344
6496 3344
5365 3344
1117 3344
5217 3344
1455 3344
8180 3344
1409 3344
3692 3344
7909 3345
7768 3345
1525 3345
5041 3345
4380 3345
6221 3345
7018 3345
1615 3345
650 3345
7356 3345
5233 3345
1186 3345
6536 3345
1612 3345
8125 3345
5156 3346
3090 3346
2260 3346
7788 3346
1520 3346
375 3346
3919 3346
7644 3346
956 3346
121 3346
3148 3346
293 3346
2900 3346
6335 3346
2294 3346
5157 3346
938 3346
2806 3346
1215 3347
6123 3347
5195 3347
2231 3347
5205 3347
575 3347
6350 3347
6416 3347
3498 3347
851 3347
4430 3347
8000 3347
6091 3347
3435 3347
5503 3348
1336 3348
1434 3348
2843 3348
8030 3348
42 3348
1781 3348
7844 3348
5173 3348
4155 3348
1849 3348
4545 3349
1078 3349
6820 3349
5440 3349
5801 3349
8289 3349
841 3349
559 3349
7520 3349
7344 3349
5203 3349
6971 3349
3845 3349
793 3349
3245 3349
7781 3349
2427 3349
4350 3349
1979 3349
4789 3349
1244 3350
7505 3350
5062 3350
5466 3350
5068 3350
3764 3350
4755 3350
4040 3350
4013 3350
4101 3350
8192 3350
4713 3351
1313 3351
1794 3351
3263 3351
562 3351
5688 3351
4817 3351
4386 3351
5883 3351
2780 3351
4705 3351
4445 3351
5374 3351
2140 3351
384 3351
3421 3351
4198 3351
3438 3351
2625 3351
5502 3351
440 3352
1906 3352
7583 3352
1002 3352
8116 3352
6610 3352
5832 3352
6208 3352
3606 3352
641 3352
1295 3352
4287 3352
6280 3352
7698 3352
7001 3352
7607 3352
967 3353
5478 3353
6129 3353
880 3353
2735 3353
1017 3353
905 3353
5285 3353
5035 3353
7902 3353
1097 3354
7263 3354
6479 3354
6924 3354
7854 3354
5941 3354
621 3354
3172 3354
2186 3354
1927 3354
4747 3354
671 3354
5721 3354
49 3355
1903 3355
7596 3355
6039 3355
4049 3355
6892 3355
5351 3355
7193 3355
2314 3355
953 3355
3367 3355
6828 3355
2054 3355
1767 3356
1214 3356
2529 3356
4199 3356
536 3356
8244 3356
4378 3356
5188 3356
6238 3356
460 3356
7594 3356
5222 3357
7431 3357
4134 3357
6894 3357
3953 3357
3885 3357
4921 3357
7059 3357
764 3357
5182 3357
232 3357
3474 3357
3729 3357
4249 3357
6901 3357
4076 3357
961 3357
1897 3357
5994 3357
2906 3357
527 3357
478 3357
6505 3357
3657 3357
3104 3357
4233 3358
1913 3358
6095 3358
6424 3358
5130 3358
6475 3358
2828 3358
5989 3358
7519 3358
3774 3358
6575 3358
248 3358
5454 3358
4283 3358
5773 3358
133 3358
3897 3358
7925 3359
4459 3359
7022 3359
6849 3359
201 3359
4253 3359
4607 3359
8067 3359
3940 3359
134 3359
1405 3359
4663 3359
2387 3359
1849 3359
5326 3359
7712 3359
3882 3359
7427 3359
2864 3359
2752 3359
2320 3359
1326 3360
5076 3360
7248 3360
6935 3360
3499 3360
1650 3360
3527 3360
5122 3360
4394 3360
692 3360
5692 3360
6641 3360
1583 3360
1758 3360
4212 3360
7726 3360
389 3360
6175 3360
4760 3360
6207 3361
6156 3361
5963 3361
2168 3361
3504 3361
3873 3361
2723 3361
3862 3361
489 3361
3067 3361
2807 3361
6900 3361
7745 3361
2655 3361
2370 3361
5524 3362
2530 3362
4882 3362
3713 3362
7263 3362
5860 3362
3325 3362
3500 3362
4049 3362
1664 3362
2109 3362
292 3362
7352 3362
3904 3362
623 3362
201 3362
2542 3362
5199 3362
1963 3363
3363 3363
5363 3363
7951 3363
1897 3363
1621 3363
107 3363
1194 3363
277 3363
5983 3363
7866 3363
2004 3363
3572 3363
1387 3363
4533 3363
5982 3363
1311 3364
2577 3364
7060 3364
2910 3364
5374 3364
2790 3364
3727 3364
722 3364
3380 3364
2410 3364
2891 3364
3396 3364
4961 3365
2362 3365
3072 3365
4092 3365
3572 3365
6699 3365
6009 3365
5498 3365
3240 3365
2536 3365
663 3365
3472 3365
1850 3365
2787 3365
3518 3366
3426 3366
92 3366
8134 3366
7258 3366
1766 3366
2741 3366
6971 3366
2758 3367
1497 3367
528 3367
7308 3367
2879 3367
3900 3367
5006 3367
2874 3367
6709 3367
4988 3367
4642 3367
3487 3367
5630 3367
2788 3367
8138 3367
7895 3367
404 3367
1600 3368
5497 3368
7467 3368
4107 3368
4289 3368
6741 3368
603 3368
1420 3369
6212 3369
2366 3369
1713 3369
1109 3369
3431 3369
4744 3369
7953 3369
7560 3369
2567 3369
369 3369
6632 3370
480 3370
7040 3370
1956 3370
2760 3370
6673 3370
1921 3370
3527 3370
7263 3370
3409 3370
6690 3370
2483 3370
4245 3370
8192 3370
4193 3370
6761 3370
4802 3370
7083 3370
1171 3370
8281 3370
6081 3370
2844 3370
5878 3371
1861 3371
7808 3371
687 3371
6090 3371
2795 3371
3656 3371
5699 3371
2731 3371
8139 3371
7142 3371
1675 3371
7763 3371
4511 3371
8192 3371
3809 3371
6733 3371
2822 3372
724 3372
4972 3372
3304 3372
5138 3372
6180 3372
5398 3372
2423 3372
3977 3372
3465 3372
7895 3372
1087 3372
7651 3372
2280 3372
4403 3372
8295 3372
6021 3373
4339 3373
3711 3373
635 3373
4167 3373
4280 3373
5799 3373
6388 3373
2435 3373
5409 3373
794 3373
3714 3373
3819 3373
4406 3373
7997 3373
3227 3373
3354 3373
4238 3374
3728 3374
5648 3374
540 3374
4336 3374
4084 3374
3976 3374
2736 3374
3687 3374
2108 3374
4412 3374
2405 3374
8295 3374
1724 3374
5637 3374
3102 3375
6712 3375
6949 3375
2861 3375
3698 3375
3736 3375
719 3375
3617 3375
2380 3375
5184 3375
1128 3375
1896 3375
1284 3375
5832 3375
4594 3375
5119 3375
6932 3375
2581 3375
1007 3375
6937 3375
1794 3376
7350 3376
2148 3376
2587 3376
3311 3376
4751 3376
7521 3376
3545 3376
7469 3376
2785 3376
3804 3376
7501 3376
4727 3376
267 3376
4518 3376
1454 3377
1655 3377
4286 3377
1071 3377
929 3377
839 3377
1379 3377
213 3377
2039 3377
2438 3377
4257 3377
854 3377
1701 3377
568 3377
2499 3377
1122 3377
44 3377
3889 3377
6858 3377
1080 3377
94 3378
5186 3378
1282 3378
3892 3378
6913 3378
320 3378
4176 3378
6566 3378
7181 3378
5341 3378
3419 3378
5396 3378
4353 3378
3055 3378
5097 3378
3523 3378
2391 3378
7070 3379
427 3379
7901 3379
2788 3379
6465 3379
2987 3379
2165 3379
5991 3379
7701 3379
1337 3379
1494 3379
5576 3379
6555 3379
4126 3379
400 3379
6588 3379
5007 3379
4490 3380
1797 3380
3046 3380
5927 3380
8217 3380
937 3380
3974 3380
824 3380
2872 3380
7214 3380
8295 3380
4279 3380
198 3380
4641 3380
2567 3380
2770 3380
6454 3380
787 3380
2851 3381
2292 3381
2355 3381
6706 3381
5021 3381
105 3381
7347 3381
253 3381
1392 3381
1483 3381
6451 3381
439 3381
4318 3381
6638 3381
6239 3382
6072 3382
6375 3382
4217 3382
897 3382
1272 3382
5968 3382
3475 3382
7149 3382
7429 3382
7928 3382
7314 3382
3169 3382
527 3382
2135 3382
3074 3382
4478 3382
1095 3382
4072 3382
5182 3383
8159 3383
2151 3383
1564 3383
5222 3383
3305 3383
6053 3383
1277 3383
6065 3383
1489 3383
5825 3383
7437 3383
4050 3383
6424 3384
3270 3384
4765 3384
5365 3384
4142 3384
2725 3384
7644 3384
4439 3384
3240 3384
7844 3384
717 3384
1150 3384
1367 3384
8273 3384
5811 3384
621 3384
3385 3385
7291 3385
8219 3385
3222 3385
4825 3385
602 3385
6134 3385
4935 3385
3642 3385
2118 3386
2077 3386
2420 3386
4142 3386
7833 3386
7275 3386
1307 3386
763 3386
2397 3386
375 3386
951 3386
4225 3386
3091 3386
2890 3386
7811 3386
5615 3386
5776 3387
6029 3387
7963 3387
1373 3387
4788 3387
7907 3387
2152 3387
4204 3387
4335 3387
7138 3388
1867 3388
4927 3388
5396 3388
7711 3388
2068 3388
676 3388
1023 3388
5463 3388
8105 3388
5108 3388
2393 3388
4478 3388
4080 3388
171 3389
3256 3389
3984 3389
856 3389
2262 3389
6895 3389
7618 3389
8009 3389
4546 3389
4238 3389
7943 3389
4963 3389
7611 3389
7488 3389
5778 3389
8027 3389
3322 3389
6132 3389
1994 3389
7901 3389
400 3389
471 3389
6485 3389
6960 3390
6071 3390
6770 3390
4808 3390
1917 3390
5444 3390
2723 3390
1360 3390
2746 3390
3343 3390
8187 3390
6776 3390
7141 3390
2076 3390
641 3390
7929 3390
6683 3390
5205 3390
279 3390
4672 3390
5138 3390
2006 3391
7992 3391
4931 3391
970 3391
7571 3391
1674 3391
7509 3391
4494 3391
395 3391
790 3391
799 3391
3918 3391
2533 3391
2673 3391
5089 3391
5175 3391
6178 3391
3842 3391
7953 3391
4636 3392
2394 3392
8281 3392
6780 3392
3747 3392
3552 3392
4980 3392
4041 3392
6019 3392
7327 3392
2585 3392
8045 3392
6056 3392
8237 3392
4427 3392
4445 3392
7119 3392
7668 3392
4714 3392
7950 3392
1467 3392
4802 3393
3555 3393
7033 3393
6757 3393
2881 3393
6552 3393
4895 3393
7870 3393
5158 3393
1297 3393
4407 3393
6512 3393
550 3393
3116 3393
107 3393
815 3393
8079 3393
7158 3393
2764 3393
5070 3393
3394 3394
4427 3394
6228 3394
148 3394
3092 3394
6330 3394
3511 3394
1209 3394
643 3394
650 3394
4717 3394
6033 3394
3525 3394
2512 3394
2424 3395
6129 3395
3541 3395
2829 3395
934 3395
6572 3395
4023 3395
2250 3395
5931 3395
3498 3395
2593 3396
2002 3396
5957 3396
7649 3396
8103 3396
7338 3396
1648 3396
1626 3396
7772 3396
32 3396
3985 3396
7135 3396
3243 3396
6051 3396
5190 3396
2619 3396
5511 3396
3813 3396
5096 3396
8187 3396
1947 3396
2240 3397
1063 3397
563 3397
165 3397
6879 3397
1547 3397
1632 3397
859 3397
2809 3397
2727 3397
8218 3397
8114 3397
828 3397
1217 3397
4815 3397
3588 3397
1869 3397
6099 3397
4338 3398
7591 3398
3864 3398
7259 3398
3322 3398
5215 3398
8138 3398
1046 3398
6183 3398
4266 3398
2404 3398
6326 3398
789 3398
1587 3398
8002 3399
989 3399
1953 3399
5822 3399
4212 3399
8297 3399
1221 3399
6563 3399
8180 3399
7652 3399
5515 3399
6851 3399
1647 3399
5563 3399
3238 3400
3432 3400
1109 3400
4224 3400
5314 3400
1051 3400
3747 3400
6467 3400
697 3400
7381 3400
6112 3400
1767 3400
662 3400
3365 3400
4597 3400
6756 3400
4618 3400
6347 3400
4573 3400
7891 3400
4050 3401
6164 3401
2252 3401
5199 3401
4851 3401
5640 3401
856 3401
5991 3401
224 3401
4122 3401
1023 3401
2855 3401
7137 3401
3404 3401
274 3401
4267 3401
174 3401
4119 3401
594 3401
3582 3401
3001 3402
7311 3402
906 3402
806 3402
7014 3402
1547 3402
8078 3402
3879 3402
802 3402
7402 3402
3059 3402
4704 3402
7572 3402
5088 3403
2348 3403
8044 3403
2077 3403
7181 3403
3445 3403
4763 3403
1434 3403
3035 3403
2905 3403
5884 3404
5434 3404
3827 3404
126 3404
1908 3404
4710 3404
201 3404
2716 3404
4558 3404
2672 3404
7692 3404
5428 3404
6437 3404
1009 3404
1709 3404
6753 3405
423 3405
426 3405
6400 3405
5917 3405
3005 3405
3803 3405
6905 3405
3126 3405
2565 3405
2937 3405
2875 3405
409 3405
5973 3405
1722 3405
2268 3406
3994 3406
1991 3406
1003 3406
5447 3406
508 3406
6232 3406
3483 3406
5085 3406
6512 3406
6212 3406
2679 3406
2866 3406
6188 3406
832 3406
2580 3407
7710 3407
5512 3407
6128 3407
8088 3407
6985 3407
7350 3407
5860 3407
5049 3407
4724 3407
3166 3407
7521 3407
4765 3407
5692 3407
2845 3407
8011 3407
217 3408
1500 3408
2694 3408
5113 3408
3843 3408
4501 3408
2986 3408
3031 3408
2749 3408
1972 3408
4779 3408
2554 3409
2669 3409
7396 3409
1405 3409
3505 3409
5824 3409
5291 3409
6794 3409
6288 3409
2447 3409
1275 3409
5943 3409
7052 3409
1089 3409
7797 3409
2359 3409
1264 3409
425 3409
4695 3409
120 3409
1346 3409
7714 3409
7907 3409
4266 3409
4252 3410
7426 3410
6128 3410
4288 3410
1965 3410
1532 3410
7911 3410
3789 3410
1078 3410
3641 3410
6376 3411
4440 3411
3511 3411
3136 3411
10 3411
4639 3411
4549 3411
4356 3411
6241 3411
7977 3411
1601 3411
5562 3411
2758 3411
3675 3411
809 3412
279 3412
3010 3412
5679 3412
821 3412
8089 3412
5239 3412
1025 3412
2707 3412
5314 3412
2204 3412
7867 3413
5258 3413
895 3413
2905 3413
7382 3413
5347 3413
5991 3413
7381 3413
3006 3413
4696 3413
2391 3413
5233 3413
5982 3413
3588 3413
4777 3413
8159 3413
5539 3414
8173 3414
1495 3414
3309 3414
4191 3414
4664 3414
5696 3414
921 3414
2164 3414
1678 3414
4368 3414
7252 3414
8240 3414
3560 3414
2920 3414
2315 3414
4352 3414
7137 3414
5491 3414
5489 3415
5352 3415
6677 3415
5997 3415
6121 3415
5265 3415
2465 3415
4677 3415
4815 3415
1509 3415
2637 3415
7504 3415
5294 3415
4746 3415
6696 3416
4280 3416
2691 3416
3850 3416
4538 3416
853 3416
7928 3416
4790 3416
4879 3416
5792 3416
1078 3416
6807 3416
4045 3416
6803 3416
2649 3416
4795 3416
7287 3416
6626 3417
6756 3417
6651 3417
4843 3417
118 3417
4220 3417
1055 3417
2637 3417
3040 3417
2919 3417
5217 3417
2962 3417
6832 3418
6965 3418
4377 3418
7058 3418
6295 3418
3192 3418
3641 3418
6541 3418
4081 3418
122 3418
2763 3418
4813 3418
170 3418
2393 3418
7861 3419
3492 3419
5919 3419
4014 3419
1096 3419
7800 3419
5386 3419
1407 3419
1710 3419
737 3419
5017 3419
5185 3419
5370 3420
42 3420
3754 3420
5831 3420
7004 3420
2881 3420
2013 3420
4238 3420
882 3420
7514 3420
8208 3420
1005 3420
5693 3420
1486 3420
3496 3420
6751 3420
6249 3420
7802 3420
1792 3421
6168 3421
7967 3421
257 3421
5348 3421
6501 3421
5168 3421
5682 3421
900 3421
3454 3421
2765 3421
7570 3421
4427 3421
7190 3421
4040 3421
5987 3421
4010 3421
3869 3422
6031 3422
5461 3422
1438 3422
4312 3422
2836 3422
7576 3422
7541 3422
6249 3422
1842 3422
5241 3422
6262 3422
5835 3422
3819 3422
5005 3422
5614 3422
4031 3422
187 3423
5652 3423
4812 3423
408 3423
4428 3423
3941 3423
5534 3423
5583 3424
1963 3424
8187 3424
1757 3424
7069 3424
6277 3424
3290 3424
1405 3424
1248 3424
3845 3424
7494 3425
4548 3425
6702 3425
4481 3425
395 3425
6146 3425
5394 3425
6877 3425
5811 3425
7394 3425
5523 3425
2563 3425
1177 3425
6794 3426
2315 3426
4620 3426
2950 3426
3597 3426
5892 3426
395 3426
5543 3426
2771 3426
5152 3426
5009 3426
3212 3426
8138 3426
2758 3427
6549 3427
7270 3427
3386 3427
5650 3427
4972 3427
7065 3427
4545 3427
3738 3427
1230 3427
6911 3427
1390 3427
1784 3427
8155 3427
8203 3428
7413 3428
1528 3428
2507 3428
3983 3428
4627 3428
3034 3428
6216 3428
3029 3428
2605 3428
2759 3428
588 3428
175 3428
1291 3428
2822 3429
5599 3429
3577 3429
7617 3429
7233 3429
6152 3429
1112 3429
3243 3429
8032 3429
5410 3429
527 3429
7762 3429
4759 3429
1240 3429
8236 3429
4087 3429
5238 3429
2419 3429
3446 3429
381 3429
3430 3430
565 3430
863 3430
1063 3430
7415 3430
532 3430
6223 3430
5289 3430
6948 3430
3870 3430
3807 3430
5754 3430
130 3430
3070 3431
6974 3431
720 3431
6142 3431
1770 3431
5426 3431
3244 3431
1774 3431
7390 3431
4213 3431
7333 3432
2104 3432
3089 3432
5931 3432
7562 3432
2604 3432
4031 3432
3742 3432
7719 3432
2551 3432
4553 3432
8010 3432
512 3432
7382 3432
2131 3432
2547 3432
284 3433
2203 3433
597 3433
6954 3433
1877 3433
2570 3433
2786 3433
5569 3433
4678 3433
5367 3433
3451 3433
8070 3433
5880 3433
1454 3434
6059 3434
604 3434
3507 3434
6850 3434
1344 3434
5550 3434
7966 3434
4765 3434
2061 3434
3889 3434
2401 3434
3670 3434
2 3434
5070 3434
7889 3434
5255 3435
6208 3435
5738 3435
4445 3435
687 3435
735 3435
5462 3435
2321 3435
3925 3435
2934 3435
4430 3435
3870 3435
1487 3435
4916 3435
4809 3435
4860 3435
7310 3435
5016 3435
247 3435
709 3435
7680 3435
2709 3435
2634 3435
7013 3436
6851 3436
1165 3436
671 3436
7185 3436
5278 3436
8015 3436
637 3436
4985 3436
474 3436
1175 3436
3748 3436
1937 3436
54 3436
1595 3436
4930 3436
4129 3436
7269 3436
7807 3436
8291 3436
5320 3436
5825 3437
8264 3437
833 3437
1396 3437
3990 3437
6595 3437
3202 3437
1007 3437
6976 3437
5120 3437
5300 3437
1474 3437
5961 3437
4321 3437
4638 3437
5778 3437
3311 3437
2039 3437
1547 3437
985 3438
6397 3438
3995 3438
4548 3438
299 3438
1630 3438
3105 3438
4409 3438
8239 3438
6760 3438
5491 3438
5117 3438
5719 3438
3640 3438
5716 3438
6485 3438
1412 3438
7713 3438
2037 3438
3305 3439
6887 3439
887 3439
6881 3439
92 3439
232 3439
6117 3439
7244 3439
1262 3439
5818 3439
5468 3439
7073 3439
6406 3439
6487 3439
2233 3439
3566 3440
2708 3440
423 3440
6592 3440
4198 3440
2304 3440
8258 3440
5757 3440
7517 3440
5572 3440
685 3440
4519 3440
5073 3440
2373 3440
405 3440
146 3440
2574 3440
5659 3440
3139 3441
2725 3441
5740 3441
6578 3441
3680 3441
5399 3441
18 3441
887 3441
7613 3441
3989 3441
1040 3441
5664 3441
1664 3441
54 3441
2471 3441
5429 3442
3314 3442
2945 3442
6919 3442
177 3442
1525 3442
7262 3442
2148 3442
4334 3442
5329 3442
4882 3442
6621 3442
5322 3443
6094 3443
7999 3443
268 3443
7907 3443
5805 3443
5502 3443
3976 3443
4544 3443
2477 3443
520 3443
5096 3443
1695 3443
2228 3443
2696 3443
656 3443
2513 3443
1436 3443
2892 3443
5776 3443
5615 3443
7863 3443
5978 3443
402 3444
3756 3444
1020 3444
6213 3444
1989 3444
5777 3444
6858 3444
5652 3444
1786 3444
1411 3444
1574 3444
4758 3444
6330 3444
5188 3444
4391 3444
2522 3445
4798 3445
320 3445
4386 3445
1650 3445
64 3445
5365 3445
2762 3445
2890 3445
256 3445
479 3445
661 3445
7393 3445
1482 3445
6366 3445
289 3445
2731 3446
4568 3446
3897 3446
2989 3446
6717 3446
3953 3446
6962 3446
7084 3446
3197 3446
1989 3446
7628 3446
4772 3446
7097 3446
756 3446
480 3446
3537 3446
5321 3446
4060 3446
1188 3446
3447 3447
5276 3447
792 3447
6228 3447
1979 3447
198 3447
2608 3447
6031 3447
7618 3447
590 3447
2310 3447
1782 3447
681 3447
201 3447
1410 3447
6664 3447
7646 3447
4125 3447
938 3447
2344 3447
1105 3448
289 3448
5565 3448
2754 3448
7362 3448
5433 3448
133 3448
1151 3448
6440 3448
1615 3448
7338 3448
6697 3448
4640 3448
3485 3448
7496 3448
5454 3448
6743 3448
7460 3448
7094 3449
4608 3449
5700 3449
6204 3449
8043 3449
3555 3449
348 3449
835 3449
2569 3449
4241 3449
5690 3449
5108 3449
3895 3449
1009 3449
7512 3449
6264 3450
4144 3450
7646 3450
5838 3450
3992 3450
3147 3450
3386 3450
4085 3450
4862 3450
1641 3450
3897 3450
1976 3450
6709 3450
5986 3450
5910 3450
7902 3450
8095 3450
697 3450
2115 3450
5452 3450
1778 3450
7722 3450
6587 3451
4747 3451
467 3451
