1248 3451
7286 3451
3038 3451
7262 3451
3825 3451
7182 3451
1610 3451
6179 3451
6312 3451
7328 3451
4080 3451
3090 3451
1561 3451
604 3451
1057 3451
739 3451
6705 3451
5375 3451
803 3451
6332 3452
5421 3452
6892 3452
465 3452
1344 3452
6444 3452
6269 3452
4181 3452
267 3452
2426 3452
3560 3452
309 3452
1910 3452
7011 3452
4229 3452
391 3452
6246 3453
2552 3453
7081 3453
364 3453
2354 3453
8092 3453
4231 3453
4225 3453
5499 3453
1323 3453
6702 3453
318 3453
7690 3453
5681 3453
5273 3453
2174 3453
7479 3453
6295 3453
2361 3453
4403 3453
4627 3453
1520 3453
665 3454
4276 3454
2465 3454
7410 3454
608 3454
492 3454
2312 3454
2209 3454
8285 3454
7517 3454
3338 3454
7059 3454
7396 3454
873 3454
6150 3454
1849 3454
1183 3454
6480 3454
2795 3455
4913 3455
7911 3455
5785 3455
5900 3455
2351 3455
1959 3455
1971 3455
1440 3455
3140 3455
4575 3455
4372 3455
2164 3455
1057 3455
1011 3455
5413 3455
592 3456
4698 3456
1974 3456
3895 3456
2061 3456
6013 3456
2575 3456
3074 3456
2649 3456
3534 3456
4862 3456
4711 3456
492 3456
2280 3456
6717 3456
4394 3456
6200 3457
2125 3457
6506 3457
6888 3457
1086 3457
8165 3457
3615 3457
6933 3457
4704 3457
2605 3457
5608 3457
2229 3457
6744 3457
1217 3457
2753 3457
2530 3458
4556 3458
6662 3458
1854 3458
745 3458
883 3458
4883 3458
7078 3458
76 3458
3401 3458
3985 3458
4416 3458
5523 3459
619 3459
2049 3459
1007 3459
4741 3459
4054 3459
7126 3459
2346 3459
1026 3459
166 3459
4024 3459
6924 3459
3140 3459
1449 3459
7418 3459
7211 3459
487 3459
3537 3459
198 3459
2638 3460
6475 3460
3879 3460
1615 3460
3859 3460
1568 3460
2395 3460
2719 3460
2150 3460
1304 3460
1436 3460
5836 3460
3264 3460
2643 3460
7265 3460
5286 3460
903 3460
6429 3460
635 3460
4088 3460
7552 3460
2365 3460
2605 3460
5429 3460
7594 3461
3253 3461
4745 3461
7675 3461
7203 3461
8011 3461
6193 3461
5217 3461
6644 3461
5835 3461
3380 3461
673 3461
7367 3462
4827 3462
2994 3462
1435 3462
208 3462
7228 3462
3743 3462
1664 3462
6767 3462
1679 3462
1911 3462
3667 3462
4603 3462
7161 3462
2169 3463
7367 3463
672 3463
7152 3463
7996 3463
7233 3463
7946 3463
597 3463
6015 3463
2833 3463
4590 3463
823 3463
1648 3463
6121 3464
5351 3464
5568 3464
3171 3464
1071 3464
268 3464
6175 3464
3153 3464
5514 3464
5421 3464
7827 3464
1269 3464
2036 3464
2580 3464
1886 3464
6679 3465
2937 3465
7711 3465
2693 3465
3054 3465
7783 3465
1323 3465
5978 3465
635 3465
5781 3465
5289 3465
4642 3465
6083 3465
5583 3466
2245 3466
8036 3466
1396 3466
2434 3466
668 3466
3746 3466
7953 3466
7225 3466
6317 3466
2061 3466
2787 3466
3789 3466
3897 3466
4544 3466
4050 3467
7693 3467
7172 3467
6686 3467
6253 3467
7797 3467
4105 3467
3977 3467
4035 3467
1511 3467
4667 3467
1379 3467
4012 3467
2565 3468
4392 3468
1051 3468
6700 3468
3591 3468
5044 3468
3172 3468
7680 3468
7345 3468
7236 3468
3416 3468
1046 3468
3781 3468
4452 3468
7480 3468
1174 3468
2448 3468
8074 3468
8081 3468
683 3468
8281 3468
3504 3468
7717 3468
4081 3468
5049 3468
592 3469
6131 3469
647 3469
3695 3469
1803 3469
122 3469
7038 3469
2913 3469
8011 3469
5037 3469
1881 3469
673 3469
718 3469
1712 3469
2043 3469
3071 3469
7014 3469
2221 3469
7813 3469
5751 3469
1728 3470
8192 3470
7525 3470
4572 3470
390 3470
3948 3470
8115 3470
1458 3470
4092 3470
7463 3470
6708 3470
6979 3470
3471 3471
6241 3471
5613 3471
292 3471
4556 3471
7229 3471
6060 3471
4711 3471
5684 3471
2116 3471
5145 3471
6886 3471
4225 3471
821 3471
4188 3471
6009 3471
4950 3471
2105 3471
8210 3471
7357 3472
2030 3472
5907 3472
3159 3472
5122 3472
834 3472
995 3472
6828 3472
5779 3472
7556 3472
144 3472
7734 3472
2456 3472
5399 3472
5153 3472
2516 3473
8197 3473
7320 3473
7771 3473
2212 3473
2138 3473
1912 3473
7228 3473
2456 3473
7482 3473
4749 3473
5464 3473
6466 3473
4534 3473
1913 3473
5972 3474
6605 3474
2950 3474
6679 3474
3157 3474
3829 3474
1098 3474
1224 3474
1692 3474
1783 3474
4071 3474
1265 3474
1881 3474
6132 3475
4801 3475
2775 3475
2483 3475
3663 3475
2076 3475
6781 3475
8180 3475
3293 3475
137 3475
1075 3475
7675 3476
1725 3476
105 3476
3041 3476
4480 3476
6840 3476
821 3476
782 3476
6178 3476
2419 3476
7574 3476
6914 3476
829 3477
3767 3477
3075 3477
7399 3477
7282 3477
1858 3477
4269 3477
1747 3477
4530 3477
2269 3477
1880 3477
5296 3477
7601 3477
5810 3477
5912 3477
2389 3477
3240 3477
2013 3477
3802 3477
3776 3477
3552 3477
2861 3477
5818 3478
4897 3478
5532 3478
1107 3478
6646 3478
4294 3478
1500 3478
7071 3478
5333 3478
1337 3479
1729 3479
8015 3479
2394 3479
4858 3479
1005 3479
3964 3479
5354 3479
8245 3479
6485 3479
7240 3479
2486 3479
2982 3479
3378 3479
6684 3479
2012 3479
4938 3479
6866 3480
5697 3480
4795 3480
2164 3480
2806 3480
7155 3480
2290 3480
7771 3480
3684 3480
254 3480
6916 3480
1974 3480
5055 3480
6630 3480
6180 3481
3475 3481
1096 3481
7514 3481
1877 3481
362 3481
1253 3481
7559 3481
4984 3481
5390 3481
199 3481
3271 3481
6015 3481
217 3481
8177 3481
5645 3482
3756 3482
1797 3482
1052 3482
6888 3482
7487 3482
4985 3482
1546 3482
720 3482
7242 3482
3777 3482
4597 3482
1855 3482
5103 3482
4329 3482
6472 3482
1020 3482
6931 3482
6237 3483
8192 3483
1894 3483
5454 3483
5562 3483
7281 3483
2532 3483
3710 3483
3855 3483
3706 3483
7464 3483
2520 3484
3836 3484
5918 3484
5212 3484
7331 3484
7263 3484
7907 3484
4907 3484
5473 3484
620 3484
4268 3484
4968 3484
6358 3484
6429 3484
1037 3484
4490 3484
422 3484
4737 3484
7534 3484
43 3485
4486 3485
365 3485
5944 3485
2905 3485
5274 3485
7648 3485
176 3485
6065 3485
6749 3485
5225 3485
4966 3485
427 3485
1664 3485
7960 3485
1837 3485
8028 3486
7577 3486
4772 3486
4811 3486
6850 3486
7991 3486
6376 3486
7173 3486
1726 3486
6260 3486
7933 3486
2868 3486
4963 3486
4870 3486
1361 3486
921 3486
3834 3486
6601 3486
3919 3486
8264 3486
7594 3486
7625 3486
2893 3487
164 3487
7914 3487
4445 3487
5053 3487
8067 3487
4699 3487
6209 3487
6053 3487
5202 3487
5990 3487
2911 3487
2554 3487
2564 3487
1842 3487
3153 3487
6903 3487
3456 3487
3549 3487
5164 3488
3870 3488
6842 3488
1553 3488
4357 3488
8032 3488
7241 3488
6236 3488
2362 3488
8193 3488
2206 3488
492 3488
3085 3488
2742 3488
232 3488
7308 3488
6932 3488
2153 3488
883 3488
6727 3488
6853 3488
6873 3488
2778 3488
2072 3488
5551 3489
5700 3489
669 3489
4182 3489
511 3489
10 3489
6552 3489
3704 3489
2478 3489
6125 3489
5469 3489
8017 3489
7727 3489
6437 3489
2817 3490
4382 3490
8026 3490
2272 3490
2843 3490
3829 3490
786 3490
7348 3490
748 3490
3836 3490
4582 3490
3781 3490
2903 3490
6314 3490
6973 3490
6317 3490
3485 3491
487 3491
5036 3491
7678 3491
8 3491
2406 3491
2796 3491
5194 3491
192 3491
1206 3491
2120 3491
4188 3491
7367 3491
6598 3491
1641 3491
3552 3491
1084 3491
1296 3491
1709 3491
1912 3492
6063 3492
4534 3492
4533 3492
3091 3492
5883 3492
7310 3492
4581 3492
5831 3492
3797 3492
7516 3492
1897 3492
3540 3492
2078 3492
6592 3492
7473 3492
4841 3492
1163 3492
1662 3492
4012 3492
8084 3492
1369 3492
6984 3492
3421 3492
2293 3493
4104 3493
4667 3493
586 3493
2533 3493
5575 3493
276 3493
3152 3493
1757 3493
5182 3493
247 3493
4592 3493
4863 3493
3116 3493
4090 3493
1526 3493
5554 3493
1990 3493
6013 3493
3303 3494
799 3494
1558 3494
7594 3494
2429 3494
7576 3494
7832 3494
7286 3494
7274 3494
1721 3494
1213 3494
999 3494
3867 3494
5844 3494
3495 3495
1870 3495
3036 3495
6004 3495
6903 3495
6383 3495
5725 3495
1026 3495
3435 3495
7057 3495
4561 3495
8221 3495
2931 3495
7133 3495
1332 3495
326 3495
6232 3495
1233 3495
1341 3496
8034 3496
5565 3496
6644 3496
2649 3496
1900 3496
1902 3496
6740 3496
7246 3496
884 3496
3727 3496
2467 3496
7492 3496
7466 3496
6037 3497
2051 3497
8280 3497
5186 3497
3249 3497
5478 3497
4416 3497
4235 3497
4076 3497
7488 3497
5400 3497
3157 3497
5684 3498
5153 3498
160 3498
6469 3498
3800 3498
5664 3498
4257 3498
1692 3498
4194 3498
1630 3498
3547 3499
5516 3499
4290 3499
7877 3499
5159 3499
4403 3499
92 3499
3768 3499
1632 3499
8155 3499
1973 3499
5912 3499
78 3499
640 3499
8239 3499
1815 3499
504 3499
1227 3499
1412 3499
2672 3499
217 3499
4902 3500
6024 3500
2474 3500
1521 3500
3312 3500
154 3500
3002 3500
5844 3500
757 3500
2891 3500
106 3500
1243 3500
6426 3500
1213 3500
1177 3500
5203 3500
1562 3500
3674 3500
3026 3500
2654 3501
7164 3501
1583 3501
2157 3501
2371 3501
1037 3501
1657 3501
5947 3501
6960 3501
2729 3501
5272 3501
3007 3501
6431 3501
598 3501
6255 3501
4363 3501
5983 3502
419 3502
5195 3502
169 3502
2673 3502
3303 3502
1001 3502
7693 3502
3106 3502
3181 3502
2063 3502
6055 3502
243 3502
3167 3502
3597 3502
2990 3502
5537 3503
2486 3503
8267 3503
1593 3503
6111 3503
1242 3503
1144 3503
1489 3503
6193 3503
6009 3503
1307 3503
4120 3503
2732 3503
3439 3504
6686 3504
4921 3504
1839 3504
6207 3504
822 3504
1392 3504
1088 3504
3994 3504
7652 3504
1699 3504
1564 3504
1829 3504
4031 3504
1692 3504
8183 3504
5989 3504
3737 3504
1959 3504
1953 3504
2399 3504
6273 3504
3182 3504
6054 3504
73 3504
7507 3504
4179 3505
1870 3505
7651 3505
6697 3505
2712 3505
291 3505
3939 3505
2663 3505
1778 3505
4458 3505
660 3505
7186 3505
4283 3506
3217 3506
1885 3506
6207 3506
7829 3506
7382 3506
6031 3506
1031 3506
911 3506
2281 3506
4930 3506
7116 3506
4356 3506
387 3506
2192 3506
7752 3506
389 3506
6457 3506
6067 3506
7941 3506
2647 3507
2654 3507
3958 3507
2178 3507
264 3507
4509 3507
5944 3507
4137 3507
4416 3507
531 3507
4316 3507
8124 3507
2386 3508
136 3508
2137 3508
6326 3508
781 3508
8265 3508
8046 3508
6413 3508
3529 3508
2881 3508
4956 3508
6267 3508
3695 3508
5976 3508
6679 3508
4883 3509
1547 3509
834 3509
6475 3509
5185 3509
5973 3509
5924 3509
6618 3509
1486 3509
1035 3509
951 3509
502 3509
5119 3509
5756 3509
4006 3509
4197 3509
5818 3509
4782 3509
1293 3510
4175 3510
2421 3510
5088 3510
615 3510
4400 3510
6140 3510
5183 3510
894 3510
3627 3510
5431 3510
6610 3510
6279 3510
4531 3510
367 3510
5076 3510
1133 3510
7432 3511
340 3511
6489 3511
3256 3511
3463 3511
7732 3511
2361 3511
4563 3511
3090 3511
3953 3511
4549 3511
1701 3511
4755 3511
196 3511
6718 3511
4933 3511
585 3511
4209 3511
507 3511
7399 3511
2922 3511
2311 3511
4776 3511
6003 3512
3207 3512
7002 3512
5065 3512
7059 3512
3840 3512
1936 3512
4795 3512
3343 3512
3727 3512
2719 3512
4726 3512
1157 3512
6195 3512
6866 3512
466 3513
6684 3513
3077 3513
2840 3513
3736 3513
1989 3513
4775 3513
4049 3513
4741 3513
2805 3513
1599 3513
6294 3513
1020 3513
6494 3513
2555 3513
3964 3513
1650 3513
1455 3513
3022 3513
4263 3513
5656 3513
431 3513
4008 3513
551 3513
5329 3513
730 3514
4430 3514
2968 3514
6024 3514
2915 3514
30 3514
5264 3514
7107 3514
7799 3514
5771 3514
5211 3514
7780 3514
2933 3515
6822 3515
197 3515
727 3515
7064 3515
384 3515
258 3515
257 3515
2222 3515
789 3515
2628 3515
3550 3515
3575 3515
747 3515
1806 3515
3635 3515
5587 3515
2077 3515
7754 3515
3219 3515
183 3515
2104 3515
3999 3516
7298 3516
5393 3516
3237 3516
4743 3516
7152 3516
2692 3516
1599 3516
6413 3516
5620 3516
6406 3516
3446 3516
6145 3516
4175 3516
4686 3516
1291 3516
344 3516
6236 3517
5752 3517
5391 3517
4863 3517
5234 3517
2290 3517
6752 3517
133 3517
5795 3517
1026 3517
7451 3518
4766 3518
2439 3518
2696 3518
1880 3518
8267 3518
3008 3518
1554 3518
6182 3518
3604 3518
1281 3518
4433 3518
7977 3518
1448 3518
3426 3518
7534 3519
4441 3519
1692 3519
5789 3519
6564 3519
873 3519
5352 3519
1414 3519
3648 3519
8175 3519
120 3519
2843 3519
6770 3520
5994 3520
2051 3520
4228 3520
8168 3520
3679 3520
5426 3520
4682 3520
2311 3520
704 3520
7319 3520
5209 3520
5261 3520
6590 3520
437 3520
4084 3520
5006 3521
1653 3521
2425 3521
2830 3521
2037 3521
6175 3521
3205 3521
3541 3521
807 3521
5324 3521
7554 3521
3309 3521
2451 3521
3781 3522
2628 3522
591 3522
1370 3522
1502 3522
1740 3522
530 3522
4879 3522
79 3522
3200 3522
4107 3522
5047 3522
4861 3522
3214 3522
507 3522
1366 3522
5801 3522
868 3522
6819 3522
4100 3522
1775 3522
7031 3522
212 3522
6083 3522
6195 3522
4533 3523
3005 3523
1991 3523
5072 3523
6059 3523
7943 3523
4859 3523
2006 3523
4637 3523
7999 3523
6797 3523
4593 3523
6625 3523
8026 3523
3240 3524
6373 3524
5281 3524
511 3524
5528 3524
2628 3524
4292 3524
6221 3524
2790 3524
1096 3524
4603 3524
148 3524
4631 3524
5575 3524
6723 3524
7806 3524
5096 3524
3871 3524
3232 3524
6319 3524
6002 3524
7890 3524
5267 3525
4725 3525
3914 3525
7731 3525
6447 3525
5156 3525
5043 3525
7052 3525
3229 3525
4792 3525
7611 3525
7428 3525
2008 3525
6162 3525
4723 3525
2244 3525
2451 3525
2786 3525
1869 3525
2951 3526
2398 3526
3134 3526
3013 3526
3654 3526
7808 3526
5254 3526
6443 3526
6107 3526
4180 3526
5231 3526
803 3526
6404 3526
2971 3526
6976 3526
6989 3526
4850 3526
6592 3526
1865 3526
7020 3527
7144 3527
4235 3527
6158 3527
5252 3527
5315 3527
2654 3527
2387 3527
5978 3527
6832 3527
3864 3527
3969 3527
118 3527
6923 3527
782 3527
6335 3527
5046 3527
2502 3527
6918 3527
6081 3527
3413 3527
1636 3527
5550 3527
1442 3527
981 3527
7428 3528
5732 3528
1680 3528
8183 3528
3932 3528
5765 3528
4251 3528
4183 3528
730 3528
7753 3528
3882 3528
3868 3528
6773 3528
1295 3528
5428 3528
1569 3528
1968 3528
5468 3529
2088 3529
16 3529
1523 3529
1272 3529
1747 3529
7310 3529
3420 3529
5001 3529
249 3529
6831 3529
7158 3529
2265 3529
3270 3530
6937 3530
2847 3530
4228 3530
156 3530
5474 3530
5587 3530
5819 3530
2920 3530
7167 3530
7849 3530
4165 3530
5592 3530
3067 3530
7680 3530
3934 3530
3728 3530
7859 3530
2285 3530
6128 3530
3233 3530
1859 3530
4476 3530
8092 3531
6974 3531
8070 3531
4751 3531
552 3531
991 3531
3763 3531
6195 3531
5722 3531
3136 3531
2275 3531
6033 3531
2037 3531
7675 3531
7638 3532
3997 3532
4929 3532
7600 3532
390 3532
4947 3532
3332 3532
2957 3532
3149 3532
2097 3532
4198 3532
3927 3532
4690 3532
5285 3533
1600 3533
1445 3533
5330 3533
3168 3533
4667 3533
3416 3533
6292 3533
133 3533
1823 3533
2583 3533
3702 3533
2726 3533
5473 3533
5549 3533
8103 3533
174 3533
3763 3534
138 3534
5012 3534
4175 3534
2692 3534
956 3534
4738 3534
6177 3534
4977 3534
1846 3534
4076 3534
94 3534
6191 3534
7136 3534
4145 3534
2199 3534
7517 3535
7589 3535
1290 3535
2771 3535
4212 3535
4644 3535
2180 3535
6899 3535
3832 3535
7593 3535
7756 3535
6540 3535
2210 3535
6772 3536
6649 3536
4356 3536
6350 3536
2925 3536
6395 3536
734 3536
1601 3536
6067 3536
3446 3536
5282 3536
4684 3536
4037 3536
4780 3536
6354 3536
1348 3537
2550 3537
4511 3537
6429 3537
1571 3537
960 3537
2791 3537
7161 3537
5960 3537
5497 3537
2575 3537
390 3537
615 3538
4718 3538
3040 3538
145 3538
6071 3538
7366 3538
668 3538
4529 3538
7052 3538
1896 3538
6900 3538
5771 3538
3473 3538
2246 3538
6700 3538
6588 3539
3698 3539
8279 3539
2191 3539
7518 3539
8024 3539
8231 3539
1648 3539
7606 3539
2563 3539
5421 3539
581 3539
46 3539
5241 3539
4276 3539
5156 3539
6782 3539
3637 3540
8121 3540
5530 3540
4916 3540
4194 3540
8101 3540
1689 3540
5619 3540
1084 3540
3596 3540
7340 3540
7573 3540
1005 3540
2564 3540
5431 3541
1956 3541
6767 3541
8002 3541
4936 3541
1514 3541
2665 3541
7512 3541
7186 3541
1550 3541
878 3541
3767 3541
6913 3541
219 3542
7901 3542
3687 3542
2448 3542
7075 3542
1732 3542
5322 3542
1075 3542
5899 3542
5252 3542
7173 3542
141 3542
2697 3542
177 3542
3344 3542
1445 3542
3168 3542
6308 3542
222 3542
2890 3543
2367 3543
7519 3543
7800 3543
204 3543
6072 3543
5412 3543
3745 3543
7695 3543
1032 3543
1234 3543
2278 3543
1710 3543
3917 3543
1940 3543
3134 3543
1100 3543
2268 3543
7046 3543
7185 3543
5303 3543
5453 3543
159 3544
3306 3544
1635 3544
1490 3544
1810 3544
5712 3544
7393 3544
2471 3544
5725 3544
3093 3544
2391 3544
4175 3544
250 3544
4097 3544
85 3544
6984 3544
2320 3544
722 3545
6644 3545
1745 3545
4558 3545
2661 3545
2981 3545
3354 3545
5976 3545
8221 3545
1701 3545
1691 3545
125 3545
2675 3545
6483 3545
2749 3545
2439 3545
3799 3545
182 3545
5533 3545
5345 3546
1378 3546
6202 3546
1479 3546
5365 3546
1811 3546
479 3546
504 3546
6465 3546
2628 3546
636 3546
5240 3546
1643 3546
4491 3546
7540 3546
2752 3546
4515 3546
6852 3546
3641 3546
7573 3547
792 3547
5388 3547
7730 3547
1221 3547
4327 3547
2113 3547
6272 3547
6025 3547
2304 3547
2905 3547
4723 3547
5544 3547
3863 3548
2808 3548
2262 3548
6610 3548
985 3548
4446 3548
5884 3548
136 3548
7151 3548
4735 3548
765 3548
7912 3548
6210 3548
5501 3548
2427 3548
7107 3549
3980 3549
174 3549
501 3549
7061 3549
2549 3549
4731 3549
1664 3549
7177 3549
4213 3549
3790 3549
2710 3549
2529 3549
6463 3549
2080 3549
6758 3549
2303 3549
2244 3549
5983 3549
3864 3549
5968 3550
1546 3550
7703 3550
2152 3550
7387 3550
7962 3550
6951 3550
7431 3550
6947 3550
349 3550
6317 3550
2637 3550
3244 3551
4429 3551
292 3551
4695 3551
7113 3551
3997 3551
7170 3551
2166 3551
5560 3551
4105 3551
6091 3551
629 3552
6177 3552
3366 3552
402 3552
4949 3552
4753 3552
4194 3552
3002 3552
7895 3552
7013 3552
6307 3552
3688 3552
6067 3552
5524 3552
7259 3552
5367 3553
322 3553
4099 3553
257 3553
1587 3553
748 3553
5950 3553
1757 3553
5868 3553
7741 3553
4400 3553
1524 3553
5834 3553
6025 3553
6781 3553
790 3553
3192 3553
3807 3553
575 3553
934 3554
7496 3554
2718 3554
3585 3554
3251 3554
2019 3554
6202 3554
1663 3554
2572 3554
1279 3554
6116 3554
5843 3554
7833 3554
639 3554
3292 3555
280 3555
6288 3555
7910 3555
2234 3555
3264 3555
49 3555
4612 3555
2275 3555
4017 3555
1727 3555
3556 3556
2701 3556
5397 3556
6664 3556
5897 3556
1077 3556
3444 3556
1911 3556
4201 3556
2390 3556
3165 3556
7189 3556
6231 3556
6661 3556
331 3556
3316 3556
6106 3556
310 3556
6440 3556
3212 3556
1093 3557
6736 3557
8170 3557
4505 3557
2119 3557
7842 3557
1409 3557
4976 3557
5440 3557
5211 3557
4566 3557
7065 3557
7307 3557
2271 3557
8077 3557
7488 3557
1723 3558
2451 3558
3581 3558
5599 3558
2439 3558
3542 3558
1093 3558
3248 3558
8011 3558
3229 3558
543 3558
6744 3558
7146 3558
2675 3558
7586 3558
4708 3558
5687 3558
1484 3558
3631 3559
5050 3559
4423 3559
8187 3559
4892 3559
5818 3559
3814 3559
6216 3559
6242 3559
3711 3559
5895 3559
1440 3559
5620 3559
2377 3559
2774 3559
3472 3559
3432 3559
4317 3559
552 3559
6202 3559
4801 3559
6962 3559
5880 3559
4336 3560
8170 3560
8044 3560
7167 3560
1133 3560
4176 3560
7975 3560
501 3560
6427 3560
5320 3560
1834 3561
2334 3561
4155 3561
44 3561
5524 3561
3177 3561
4518 3561
3296 3561
2201 3561
2071 3561
3407 3561
5710 3561
1444 3562
8116 3562
3242 3562
5618 3562
7969 3562
4451 3562
7620 3562
4189 3562
2910 3562
4366 3562
5814 3563
488 3563
6864 3563
3575 3563
3698 3563
7143 3563
7231 3563
5483 3563
1520 3563
8152 3563
8186 3563
5 3563
903 3563
8264 3563
347 3563
4891 3563
1080 3563
5334 3563
4592 3563
922 3563
3473 3563
1830 3564
8121 3564
6746 3564
141 3564
1374 3564
7277 3564
836 3564
1959 3564
3426 3564
2480 3564
521 3564
5536 3564
6877 3564
5761 3564
3486 3564
3289 3564
3281 3564
5335 3564
6154 3565
4444 3565
2853 3565
2202 3565
6552 3565
3641 3565
4454 3565
6680 3565
556 3565
2875 3565
6014 3565
5745 3566
1675 3566
5431 3566
7123 3566
5461 3566
1587 3566
4486 3566
8291 3566
5135 3566
1388 3566
3036 3566
3426 3566
7866 3566
515 3566
27 3566
854 3566
4092 3566
2810 3566
2051 3567
5183 3567
6662 3567
3052 3567
2697 3567
820 3567
3106 3567
2171 3567
6688 3567
6466 3567
1626 3567
5143 3567
523 3567
3483 3567
7575 3567
5709 3567
164 3567
5989 3567
1063 3567
3169 3568
3478 3568
4844 3568
1780 3568
4676 3568
4660 3568
5429 3568
3030 3568
6072 3568
1558 3568
5682 3568
3202 3568
4217 3568
3479 3568
717 3568
4737 3568
5334 3568
1552 3568
504 3568
1217 3568
7827 3568
6792 3568
5768 3568
169 3569
4973 3569
4730 3569
6513 3569
1246 3569
3044 3569
3945 3569
2257 3569
5415 3569
3379 3569
6514 3569
6272 3569
513 3569
7766 3569
6801 3569
7166 3569
5783 3569
7932 3569
7575 3570
3641 3570
4024 3570
4004 3570
4358 3570
264 3570
1150 3570
4451 3570
5274 3570
7320 3570
1956 3570
2162 3570
374 3570
2643 3570
7181 3570
6463 3571
8296 3571
2981 3571
1414 3571
2488 3571
2299 3571
2579 3571
2828 3571
3699 3571
2972 3571
8198 3571
5453 3571
1754 3571
1282 3571
7580 3571
4221 3571
1540 3572
4054 3572
1139 3572
4384 3572
1762 3572
