789 3572
1643 3572
2233 3572
4290 3572
6457 3572
5552 3572
6712 3572
3165 3572
3296 3573
3609 3573
8053 3573
3351 3573
4986 3573
2492 3573
2851 3573
6782 3573
7135 3573
3525 3573
7045 3573
4768 3573
6810 3573
3935 3573
4250 3573
8152 3573
5338 3573
825 3573
2053 3574
3192 3574
4079 3574
3426 3574
7323 3574
1897 3574
2836 3574
2355 3574
2143 3574
5061 3574
2903 3574
1665 3574
6973 3574
7775 3574
1321 3574
1585 3574
438 3574
5750 3575
6642 3575
6202 3575
3320 3575
1246 3575
4825 3575
43 3575
7110 3575
3091 3575
444 3575
1995 3575
5216 3575
4670 3575
1347 3575
4061 3575
6551 3575
673 3576
4809 3576
2367 3576
7246 3576
3171 3576
7264 3576
319 3576
1895 3576
5282 3576
8025 3576
6021 3576
6910 3576
4901 3576
6250 3576
3277 3576
291 3576
3786 3576
7242 3576
8008 3576
1342 3576
8161 3576
1686 3576
256 3577
5757 3577
439 3577
7245 3577
7649 3577
4782 3577
8015 3577
7516 3577
6090 3577
3990 3577
1974 3577
5296 3577
2604 3577
7701 3577
6280 3577
3572 3577
3578 3578
7061 3578
7599 3578
1410 3578
6124 3578
6516 3578
8079 3578
6156 3578
5806 3578
6783 3578
4961 3578
5266 3578
3453 3578
257 3578
984 3578
1331 3578
4491 3578
3370 3578
7496 3578
3603 3578
6371 3578
5136 3578
1451 3579
6289 3579
4269 3579
4267 3579
2337 3579
4658 3579
6244 3579
8173 3579
5810 3579
1522 3579
3627 3579
4856 3579
6715 3579
4022 3579
89 3580
5733 3580
5193 3580
2306 3580
6625 3580
6538 3580
6609 3580
3571 3580
4003 3580
6696 3580
4315 3580
8025 3581
7426 3581
7765 3581
3540 3581
2708 3581
2275 3581
2230 3581
2645 3581
8297 3581
884 3581
1261 3581
240 3581
7637 3582
4505 3582
5118 3582
1632 3582
4779 3582
1528 3582
6014 3582
2922 3582
1032 3582
1275 3582
8088 3582
7262 3582
2007 3582
7478 3582
2595 3582
5447 3582
1084 3582
6662 3583
1027 3583
6111 3583
6273 3583
2016 3583
5384 3583
6705 3583
284 3583
3220 3583
6126 3583
7438 3583
3240 3583
6198 3583
7217 3583
6970 3583
3541 3584
560 3584
6021 3584
1578 3584
3548 3584
3684 3584
2982 3584
990 3584
7311 3584
5610 3584
6255 3584
2710 3584
5116 3585
2434 3585
3492 3585
3300 3585
3540 3585
3502 3585
3542 3585
6683 3585
6145 3585
1937 3585
8046 3585
1442 3585
3342 3585
2294 3585
795 3585
3106 3585
6457 3585
6769 3585
799 3585
4193 3585
3883 3585
437 3586
4512 3586
308 3586
2599 3586
7494 3586
154 3586
529 3586
6886 3586
3581 3586
3068 3586
3513 3586
3507 3586
2105 3586
3091 3586
2205 3586
5758 3586
2858 3587
4531 3587
8265 3587
7540 3587
3419 3587
1520 3587
2869 3587
561 3587
950 3587
25 3587
95 3587
551 3587
6700 3587
7460 3587
2367 3587
2497 3587
32 3588
6783 3588
3605 3588
291 3588
6182 3588
3070 3588
2568 3588
44 3588
6393 3588
1857 3588
4245 3588
4685 3588
806 3588
6460 3588
2050 3588
2971 3588
5294 3588
3950 3588
3085 3589
6873 3589
6394 3589
1754 3589
2851 3589
6004 3589
8089 3589
5148 3589
197 3589
3214 3589
2411 3589
6720 3589
2817 3589
3470 3590
2919 3590
590 3590
8142 3590
6746 3590
6101 3590
5752 3590
2354 3590
4445 3590
8286 3590
6279 3590
2157 3590
3855 3590
5744 3590
5308 3590
659 3590
6862 3591
7 3591
2803 3591
4022 3591
3232 3591
5562 3591
2653 3591
407 3591
3668 3591
8252 3591
5329 3591
3458 3591
7149 3592
7911 3592
6208 3592
1912 3592
6690 3592
1462 3592
8203 3592
7245 3592
6206 3592
377 3592
7181 3592
5569 3592
4122 3592
7846 3592
2240 3592
4251 3592
2178 3592
95 3592
5176 3592
309 3593
4546 3593
3973 3593
5960 3593
7205 3593
370 3593
5334 3593
5684 3593
2030 3593
8183 3593
4209 3593
4627 3593
4087 3593
3924 3593
3603 3593
2242 3593
3705 3593
1554 3593
6048 3593
1819 3594
1694 3594
6179 3594
4142 3594
5481 3594
832 3594
8295 3594
4550 3594
5564 3594
2608 3594
5439 3594
5625 3594
5443 3594
3132 3594
394 3594
549 3595
3398 3595
827 3595
6431 3595
3338 3595
3611 3595
770 3595
2795 3595
6014 3595
935 3595
7687 3595
5057 3595
3050 3595
7368 3595
5314 3595
738 3595
3251 3596
6714 3596
7725 3596
5866 3596
222 3596
7399 3596
6457 3596
7069 3596
4213 3596
1868 3596
6421 3596
4867 3597
6181 3597
5748 3597
2790 3597
3091 3597
5317 3597
292 3597
2314 3597
8142 3597
4942 3597
5043 3597
507 3597
7182 3597
5861 3597
7960 3597
689 3597
5503 3597
4160 3597
3648 3597
5842 3597
4142 3597
1694 3597
7486 3598
3983 3598
7258 3598
250 3598
4374 3598
4931 3598
3193 3598
3105 3598
7818 3598
4351 3598
3935 3598
7334 3598
1361 3598
7341 3598
4866 3598
6078 3598
4505 3598
7275 3599
2214 3599
1855 3599
5082 3599
462 3599
4794 3599
6719 3599
3277 3599
7350 3599
7728 3599
7491 3599
374 3599
3876 3599
4925 3599
1913 3599
5377 3600
2419 3600
5715 3600
583 3600
3059 3600
204 3600
4266 3600
2929 3600
4343 3600
5714 3600
1713 3600
771 3600
6015 3600
2212 3600
2769 3600
4481 3600
4791 3600
5801 3601
7907 3601
922 3601
6123 3601
2958 3601
5919 3601
6318 3601
5391 3601
8192 3601
5499 3601
2018 3601
4329 3601
2319 3601
1703 3601
1181 3602
1892 3602
173 3602
3946 3602
4737 3602
921 3602
5733 3602
6394 3602
5702 3602
5965 3602
1075 3602
4745 3602
6360 3602
4930 3602
5045 3602
6136 3602
5701 3602
2966 3602
826 3602
130 3602
6710 3603
3086 3603
2203 3603
894 3603
534 3603
6164 3603
5931 3603
7620 3603
7139 3603
3873 3603
7392 3603
1787 3603
1693 3603
7491 3603
1654 3603
6211 3604
7493 3604
5685 3604
2170 3604
5491 3604
1056 3604
2999 3604
7321 3604
5164 3604
3857 3604
1797 3604
455 3604
6321 3604
823 3604
1464 3604
5258 3604
2913 3604
2563 3604
1971 3604
3207 3604
6407 3605
894 3605
2683 3605
5209 3605
2200 3605
6289 3605
5818 3605
4657 3605
3407 3605
7590 3605
5448 3605
6429 3605
3808 3606
3608 3606
6099 3606
4726 3606
7519 3606
3793 3606
1443 3606
6940 3606
6257 3606
6242 3606
7310 3606
5044 3606
1803 3606
5562 3606
2131 3607
1842 3607
6198 3607
1805 3607
7509 3607
2257 3607
1965 3607
1605 3607
3130 3607
1181 3607
4876 3607
2899 3607
1440 3607
2803 3607
639 3607
2423 3608
3156 3608
1275 3608
5670 3608
7935 3608
4460 3608
489 3608
4809 3608
918 3608
8293 3608
6050 3608
2550 3608
4708 3608
1441 3608
7709 3608
2157 3608
3550 3608
3802 3608
408 3608
2710 3608
1923 3609
3024 3609
797 3609
4836 3609
1511 3609
5157 3609
852 3609
1667 3609
3985 3609
42 3609
1927 3609
2635 3609
8027 3609
1268 3609
5041 3609
8101 3609
4741 3609
3610 3610
75 3610
3813 3610
7701 3610
2456 3610
5444 3610
6701 3610
7541 3610
1063 3610
7466 3610
6748 3610
2771 3610
4891 3610
2487 3611
4059 3611
4249 3611
3912 3611
5730 3611
4400 3611
6628 3611
1306 3611
1411 3611
579 3611
925 3611
6284 3611
4405 3611
7591 3611
7866 3611
1414 3611
1081 3611
521 3612
1224 3612
4176 3612
2310 3612
4978 3612
5637 3612
6577 3612
1011 3612
4406 3612
347 3612
3325 3612
8245 3612
6239 3612
1260 3612
2247 3612
7889 3613
6331 3613
2066 3613
2123 3613
7639 3613
241 3613
2492 3613
859 3613
4558 3613
7233 3613
2277 3613
7429 3613
89 3613
3787 3613
6779 3613
549 3613
6375 3613
8192 3613
4725 3614
2206 3614
6331 3614
5994 3614
846 3614
4830 3614
4604 3614
6697 3614
2225 3614
7563 3614
6395 3614
480 3614
3683 3614
4926 3614
5159 3614
5120 3614
4821 3615
2448 3615
4963 3615
5347 3615
8259 3615
6650 3615
2755 3615
5478 3615
6903 3615
7209 3615
762 3615
7505 3615
807 3615
6893 3615
2097 3615
4895 3615
5784 3615
4081 3615
1348 3615
4777 3616
6511 3616
4664 3616
4217 3616
1548 3616
973 3616
5666 3616
201 3616
5279 3616
7056 3616
8173 3616
1897 3616
6251 3616
7009 3616
1302 3617
3698 3617
7990 3617
2067 3617
5535 3617
3658 3617
5568 3617
5884 3617
4137 3617
551 3617
2867 3617
3270 3617
3938 3617
873 3617
7625 3617
7413 3617
4316 3617
6231 3617
2629 3617
7274 3617
6258 3617
1024 3618
331 3618
2280 3618
2148 3618
6798 3618
7001 3618
7620 3618
1233 3618
851 3618
2874 3618
690 3618
2393 3619
7103 3619
8269 3619
219 3619
1483 3619
7531 3619
2718 3619
5787 3619
2333 3619
5070 3619
2100 3619
4748 3619
6403 3619
530 3619
1803 3619
3406 3619
2716 3619
1145 3619
1816 3619
3606 3620
2885 3620
2931 3620
4896 3620
3165 3620
2783 3620
7022 3620
7002 3620
7437 3620
1308 3620
6989 3620
4468 3620
910 3620
8046 3620
5837 3621
2139 3621
3353 3621
893 3621
1511 3621
4984 3621
8105 3621
834 3621
7368 3621
7742 3621
3617 3621
73 3621
3786 3621
5917 3621
5097 3621
1668 3621
5049 3621
3781 3621
1752 3621
4725 3621
4959 3621
266 3622
5689 3622
3277 3622
5772 3622
2814 3622
3350 3622
1553 3622
6257 3622
7833 3622
456 3622
1246 3622
2832 3622
646 3623
8281 3623
5624 3623
6616 3623
3880 3623
7827 3623
4315 3623
1066 3623
1652 3623
5026 3623
4841 3623
6094 3623
5838 3623
3437 3623
3223 3624
7713 3624
7170 3624
6050 3624
2828 3624
2882 3624
7698 3624
4481 3624
5817 3624
5242 3624
1482 3624
4059 3624
4308 3624
5452 3624
2227 3624
6213 3624
8142 3624
5004 3625
4191 3625
5296 3625
4723 3625
6212 3625
841 3625
1289 3625
4617 3625
3453 3625
174 3625
540 3625
7935 3625
4604 3625
5733 3625
2971 3625
3638 3625
3010 3626
5592 3626
2710 3626
1264 3626
6207 3626
5700 3626
5960 3626
4528 3626
7865 3626
4968 3626
1041 3626
5281 3626
5041 3626
6506 3626
3147 3626
7543 3626
6395 3626
3511 3626
4084 3626
4251 3626
524 3626
4254 3627
272 3627
5076 3627
3559 3627
3120 3627
2483 3627
3415 3627
982 3627
6181 3627
4242 3627
4915 3627
742 3627
5443 3627
713 3627
3331 3627
5850 3627
2837 3627
3824 3628
6204 3628
2950 3628
2680 3628
6056 3628
4578 3628
2090 3628
2247 3628
5329 3628
2718 3628
3320 3628
7605 3628
4978 3628
4209 3628
2467 3628
410 3628
4194 3628
4526 3628
39 3628
1921 3628
5524 3628
4968 3628
3629 3629
6483 3629
8297 3629
7392 3629
1458 3629
1243 3629
5164 3629
4355 3629
636 3629
704 3629
3123 3629
783 3629
3070 3629
6984 3629
5119 3629
7600 3629
1781 3630
4644 3630
7644 3630
2038 3630
1805 3630
3582 3630
185 3630
1572 3630
1986 3630
127 3630
3905 3630
7585 3630
2367 3631
2425 3631
1175 3631
2048 3631
3016 3631
7799 3631
6993 3631
8239 3631
4249 3631
2421 3631
6919 3631
4377 3631
6449 3631
1061 3631
6730 3632
4382 3632
2749 3632
3183 3632
504 3632
3141 3632
1613 3632
908 3632
856 3632
4084 3632
2430 3632
1297 3632
3339 3632
2130 3632
7321 3632
7532 3633
535 3633
4388 3633
7990 3633
7516 3633
2389 3633
2210 3633
8009 3633
7426 3633
7129 3633
1987 3633
3759 3633
3992 3633
2085 3633
3976 3633
4394 3633
6129 3633
672 3633
5888 3633
5349 3633
7090 3633
6388 3633
825 3633
2139 3634
7787 3634
6751 3634
6749 3634
7869 3634
4217 3634
2763 3634
4988 3634
2033 3634
2561 3634
8108 3634
4528 3634
8204 3634
4405 3634
6689 3635
451 3635
4704 3635
7836 3635
1935 3635
3432 3635
782 3635
1841 3635
1054 3635
6055 3635
7224 3635
1125 3635
7049 3636
3932 3636
2331 3636
673 3636
3705 3636
6431 3636
2533 3636
3840 3636
2178 3636
4315 3636
1361 3636
3548 3636
5088 3636
6228 3636
450 3636
6607 3636
613 3636
4459 3636
1457 3637
1600 3637
3856 3637
2417 3637
8257 3637
1027 3637
381 3637
686 3637
4710 3637
591 3637
3071 3637
4653 3637
3325 3637
4913 3637
6344 3637
7028 3637
6369 3637
5080 3638
2987 3638
5449 3638
4497 3638
7920 3638
7966 3638
2966 3638
3244 3638
3184 3638
3339 3638
1094 3638
1667 3638
2019 3638
8005 3638
85 3639
1107 3639
7097 3639
3760 3639
4077 3639
6552 3639
6440 3639
4820 3639
1726 3639
2072 3639
1650 3639
8257 3639
1878 3639
7206 3639
3729 3639
3684 3639
383 3640
32 3640
3900 3640
3275 3640
1867 3640
7009 3640
3273 3640
7403 3640
2248 3640
6225 3640
2543 3640
8011 3640
1219 3640
5155 3640
8282 3640
3925 3640
508 3640
6104 3640
4977 3641
7387 3641
559 3641
6068 3641
6318 3641
4161 3641
5487 3641
6054 3641
688 3641
609 3641
3325 3641
2395 3641
6651 3641
52 3641
5227 3641
7920 3642
6817 3642
168 3642
1540 3642
5640 3642
6851 3642
2777 3642
628 3642
2445 3642
4772 3642
1188 3642
3590 3642
7947 3643
4995 3643
4339 3643
1100 3643
1310 3643
7066 3643
1045 3643
6327 3643
3725 3643
6279 3643
5552 3643
3789 3643
1479 3643
2311 3643
4179 3643
151 3643
6459 3643
3670 3643
940 3643
8166 3644
1558 3644
5708 3644
4823 3644
2299 3644
4630 3644
5587 3644
3478 3644
375 3644
4196 3644
5997 3644
3648 3644
6123 3644
7523 3644
6794 3644
5663 3644
4718 3644
7745 3644
2768 3644
4438 3645
4542 3645
3073 3645
6506 3645
7586 3645
3293 3645
4875 3645
536 3645
5855 3645
7287 3645
126 3645
4708 3645
2063 3645
8155 3645
5682 3645
865 3645
1047 3645
6002 3645
1036 3645
7842 3645
7890 3645
8116 3646
965 3646
7057 3646
8101 3646
1596 3646
6680 3646
8172 3646
3088 3646
2178 3646
4551 3646
3424 3646
6447 3646
6085 3646
6368 3646
5465 3646
2828 3646
5980 3646
2891 3646
7284 3647
6454 3647
4352 3647
6865 3647
3046 3647
1816 3647
5938 3647
4282 3647
1630 3647
2636 3647
1784 3647
1731 3647
851 3648
4379 3648
6313 3648
2966 3648
5070 3648
6511 3648
1870 3648
6264 3648
7046 3648
5951 3648
2653 3648
3949 3648
185 3648
2047 3648
1390 3648
6767 3648
3607 3649
2900 3649
3679 3649
151 3649
2568 3649
4585 3649
7539 3649
7628 3649
1555 3649
1221 3649
1332 3649
5719 3649
3541 3650
2033 3650
5203 3650
409 3650
7217 3650
4867 3650
8054 3650
1970 3650
6696 3650
6220 3650
8101 3650
425 3650
7744 3650
7573 3650
1546 3650
6873 3650
966 3650
5684 3651
7362 3651
168 3651
3217 3651
8236 3651
6658 3651
3416 3651
6397 3651
248 3651
3941 3651
2063 3651
407 3651
6661 3651
4747 3651
7634 3651
3756 3651
3906 3651
3137 3651
4667 3652
4699 3652
6416 3652
5121 3652
3453 3652
2631 3652
1462 3652
4685 3652
841 3652
1880 3652
1024 3652
2731 3652
6845 3652
613 3652
8075 3653
2721 3653
7639 3653
5110 3653
764 3653
723 3653
7744 3653
1003 3653
7302 3653
6122 3653
4217 3653
2706 3653
8292 3653
5183 3653
4975 3653
7028 3653
3760 3653
838 3653
1382 3653
646 3653
2409 3654
3082 3654
6715 3654
5390 3654
212 3654
5757 3654
4005 3654
4751 3654
7736 3654
540 3654
5393 3654
2582 3654
2909 3655
6933 3655
1054 3655
7034 3655
5389 3655
3679 3655
6103 3655
3461 3655
6574 3655
2304 3655
4109 3655
5175 3655
8108 3655
6376 3655
938 3655
5586 3655
7518 3655
1865 3655
6342 3655
4900 3655
1448 3656
5145 3656
5131 3656
5804 3656
7534 3656
5957 3656
1109 3656
269 3656
1665 3656
4565 3656
426 3656
8255 3656
6366 3656
2283 3656
6927 3657
4836 3657
4321 3657
3498 3657
2633 3657
7863 3657
5211 3657
5041 3657
5391 3657
39 3657
5332 3657
6253 3657
5038 3657
6051 3658
8102 3658
6444 3658
6198 3658
7390 3658
4375 3658
827 3658
5801 3658
4792 3658
7571 3658
3827 3658
6304 3658
8257 3658
4301 3658
1729 3659
7433 3659
1436 3659
1356 3659
7061 3659
3539 3659
3075 3659
1441 3659
4781 3659
6811 3659
302 3659
2145 3659
8081 3659
1411 3659
7831 3659
2762 3659
5513 3659
7943 3659
7765 3660
2810 3660
4909 3660
1679 3660
1011 3660
2594 3660
4760 3660
3420 3660
1067 3660
4799 3660
2346 3660
3687 3660
4403 3661
6479 3661
703 3661
96 3661
6342 3661
1392 3661
5299 3661
3235 3661
7611 3661
5211 3661
6202 3661
4959 3661
7290 3661
61 3661
2650 3661
8260 3661
1580 3661
953 3661
6142 3661
5208 3662
4891 3662
633 3662
2354 3662
8080 3662
8101 3662
4936 3662
3725 3662
4301 3662
5370 3662
6262 3662
7146 3662
7844 3662
1003 3662
718 3663
7736 3663
7535 3663
7410 3663
2222 3663
6173 3663
7160 3663
5850 3663
1150 3663
3518 3663
7065 3663
4268 3664
3664 3664
115 3664
6066 3664
5620 3664
6630 3664
7624 3664
1718 3664
4621 3664
256 3664
450 3664
8270 3665
8262 3665
1594 3665
50 3665
456 3665
3055 3665
25 3665
4249 3665
7000 3665
1455 3665
1400 3665
1664 3665
7981 3666
5155 3666
1250 3666
2410 3666
3627 3666
4408 3666
2038 3666
2762 3666
4374 3666
1657 3666
217 3666
7630 3666
7189 3667
2443 3667
7776 3667
1698 3667
7874 3667
7415 3667
5597 3667
5534 3667
187 3667
4545 3667
6271 3667
7842 3667
3270 3667
8221 3667
6730 3667
8125 3667
5824 3668
2791 3668
7554 3668
7836 3668
1179 3668
8255 3668
2039 3668
5196 3668
5599 3668
8088 3668
525 3668
1683 3668
3760 3669
3878 3669
5342 3669
5182 3669
2842 3669
6288 3669
6557 3669
3032 3669
1079 3669
1596 3669
508 3669
6628 3669
267 3669
3455 3669
6248 3669
1615 3669
3240 3669
7480 3669
3517 3669
2531 3669
2738 3669
5216 3670
4121 3670
3386 3670
3602 3670
3839 3670
4144 3670
4812 3670
5838 3670
7386 3670
3437 3670
7071 3670
978 3671
6321 3671
5263 3671
4710 3671
5039 3671
7259 3671
7863 3671
6808 3671
7501 3671
3725 3671
4251 3671
4950 3671
4231 3671
6807 3671
5681 3671
3464 3671
353 3671
3232 3671
1935 3671
2679 3672
5811 3672
3997 3672
5273 3672
5184 3672
5360 3672
640 3672
6966 3672
4817 3672
6961 3672
5732 3672
1552 3672
940 3672
6053 3672
5266 3672
934 3672
3454 3672
1568 3673
2606 3673
763 3673
6547 3673
7096 3673
592 3673
4199 3673
2621 3673
1500 3673
1214 3673
6080 3673
1097 3673
7045 3673
7802 3673
347 3673
6008 3673
5917 3674
6900 3674
1129 3674
2625 3674
7343 3674
1728 3674
763 3674
5332 3674
1859 3674
6177 3674
1378 3674
6945 3674
7560 3674
6638 3674
1245 3674
1113 3674
2165 3674
5574 3674
581 3674
7792 3674
3013 3674
3940 3674
681 3674
3391 3674
8166 3674
3580 3675
4309 3675
1764 3675
7229 3675
2162 3675
3487 3675
392 3675
3196 3675
4368 3675
4900 3675
3431 3675
4587 3675
6798 3675
1977 3675
7860 3675
1135 3676
7368 3676
3581 3676
6958 3676
375 3676
2153 3676
5338 3676
8065 3676
1479 3676
5411 3676
6343 3676
2334 3676
797 3676
5033 3676
1128 3676
3 3676
7986 3676
8075 3676
734 3676
7847 3676
5675 3676
5044 3677
3072 3677
7597 3677
6980 3677
4481 3677
2301 3677
11 3677
6336 3677
2803 3677
6111 3677
1574 3677
7654 3677
8285 3677
2222 3677
1490 3677
6844 3677
1275 3677
1549 3677
2858 3678
3312 3678
6694 3678
1293 3678
8264 3678
4104 3678
6576 3678
8165 3678
2788 3678
6004 3679
713 3679
2531 3679
2162 3679
2606 3679
2945 3679
398 3679
4899 3679
8013 3679
2271 3679
3603 3679
289 3679
4178 3679
4859 3679
6108 3679
5402 3679
5301 3679
8204 3680
5803 3680
970 3680
3382 3680
5281 3680
5431 3680
2203 3680
2908 3680
2551 3680
2605 3680
7347 3680
824 3681
1762 3681
1007 3681
5772 3681
3913 3681
4903 3681
1542 3681
177 3681
5347 3681
3596 3681
7943 3681
1049 3681
7756 3681
362 3681
1943 3681
7217 3681
2957 3681
6039 3682
1511 3682
6668 3682
6428 3682
927 3682
4620 3682
3917 3682
1509 3682
6679 3682
4808 3682
2006 3682
7238 3682
2090 3682
5678 3682
5004 3682
860 3682
846 3682
7867 3683
6708 3683
4907 3683
112 3683
2862 3683
4604 3683
3135 3683
3753 3683
4031 3683
4175 3683
5861 3683
6976 3683
3898 3683
1367 3683
6211 3683
8229 3683
3929 3683
908 3683
4582 3683
2618 3683
4428 3684
8291 3684
7862 3684
6333 3684
2691 3684
4262 3684
1218 3684
3813 3684
4741 3684
2835 3684
903 3684
5136 3684
3194 3684
1472 3684
4405 3684
2708 3684
5672 3684
3050 3684
190 3684
814 3684
6852 3685
2308 3685
6779 3685
1774 3685
942 3685
4317 3685
5836 3685
144 3685
3980 3685
2877 3686
1806 3686
3783 3686
3960 3686
500 3686
148 3686
4676 3686
6644 3686
3763 3686
2693 3686
6208 3686
5931 3686
2912 3686
5549 3686
4648 3687
4632 3687
2063 3687
4544 3687
6031 3687
6076 3687
6289 3687
3898 3687
3950 3687
1537 3687
5549 3687
1986 3687
5077 3687
4800 3687
892 3687
6029 3687
5569 3687
6817 3688
7710 3688
2708 3688
2312 3688
3549 3688
2375 3688
2643 3688
5123 3688
1374 3688
3324 3688
4726 3688
5564 3688
5613 3688
1054 3688
4440 3688
1502 3689
240 3689
3746 3689
3689 3689
2212 3689
7507 3689
5535 3689
280 3689
797 3689
5702 3689
4272 3689
2675 3689
4942 3689
8198 3689
7299 3689
1860 3689
2312 3690
5009 3690
2550 3690
1973 3690
1636 3690
141 3690
4857 3690
3085 3690
7554 3690
7103 3690
2451 3690
7669 3690
3635 3690
1726 3690
8226 3690
392 3690
770 3690
3081 3690
4176 3690
756 3690
3948 3690
2113 3690
4155 3691
266 3691
5058 3691
3311 3691
5785 3691
6115 3691
5358 3691
4429 3691
3472 3691
2840 3691
5438 3691
2170 3692
6241 3692
5702 3692
3295 3692
3727 3692
2497 3692
1162 3692
7258 3692
3234 3692
121 3692
1365 3692
3971 3692
8204 3692
2541 3693
2999 3693
6009 3693
6705 3693
3559 3693
6984 3693
4913 3693
5522 3693
4145 3693
4360 3693
3988 3693
8261 3693
6505 3693
7967 3693
3421 3693
8067 3693
2150 3694
2487 3694
4708 3694
6659 3694
5372 3694
437 3694
6822 3694
860 3694
938 3694
1965 3694
1701 3694
2654 3694
2753 3694
4591 3694
6767 3694
6697 3695
3800 3695
560 3695
1589 3695
6249 3695
164 3695
7163 3695
4712 3695
6919 3695
3778 3695
5543 3695
2621 3695
4857 3695
2647 3695
8293 3695
6687 3695
6927 3695
1903 3695
4010 3696
7758 3696
5152 3696
6631 3696
5843 3696
5561 3696
6914 3696
5114 3696
1683 3696
6122 3696
5261 3696
4146 3696
1567 3696
7819 3696
3222 3696
4773 3696
6327 3696
5775 3696
2 3697
7628 3697
1561 3697
