456 369
7796 370
3491 370
2870 370
774 370
5964 370
5709 370
7787 370
2638 370
263 370
6557 370
1147 370
3516 370
4718 370
5494 370
1452 371
3037 371
6918 371
7247 371
3847 371
2039 371
5810 371
5283 371
6611 371
6465 371
2849 371
3955 372
2277 372
3702 372
3346 372
5771 372
675 372
1038 372
79 372
4331 372
6659 372
7543 372
2906 372
1419 373
7701 373
103 373
6696 373
1055 373
3807 373
4076 373
7742 373
6327 373
4521 373
7242 373
4695 373
3116 373
1217 373
2084 373
2222 373
5909 373
4041 374
7753 374
202 374
3571 374
2577 374
5317 374
2361 374
1128 374
7684 374
2271 374
5917 374
7852 374
2388 374
2327 374
3441 374
8034 374
2240 374
987 374
5583 374
7075 374
4554 375
5744 375
7953 375
7231 375
6177 375
4013 375
2978 375
3983 375
4808 375
4494 375
1745 375
7811 375
135 375
7804 376
751 376
2987 376
8107 376
1521 376
5261 376
8142 376
5342 376
7121 376
5506 376
6737 376
4524 376
6469 376
1699 376
2831 376
733 377
4562 377
7144 377
6940 377
1284 377
2061 377
1449 377
513 377
3855 377
7572 377
5149 377
7008 378
4669 378
7432 378
3290 378
4525 378
7378 378
4492 378
3375 378
6735 378
1096 378
1411 378
2303 378
1924 378
2630 378
5625 378
4456 378
4921 378
1238 378
7630 378
781 378
7383 378
5895 378
2597 379
1669 379
387 379
1962 379
7365 379
2374 379
3857 379
3031 379
5216 379
8161 379
4377 379
380 380
4228 380
2568 380
6257 380
1524 380
1348 380
2982 380
1195 380
7443 380
7916 380
5689 380
3761 380
4246 380
5279 381
665 381
1815 381
3792 381
6183 381
1701 381
1902 381
4492 381
7271 382
4206 382
241 382
3294 382
8083 382
5502 382
6993 382
2815 382
5221 382
6007 382
6931 382
635 382
4494 382
1665 382
7244 382
2759 383
1921 383
6325 383
6974 383
4049 383
6798 383
4114 383
2359 383
536 383
6217 383
3704 383
1444 383
4585 384
1452 384
5384 384
4690 384
7362 384
7591 384
1067 384
6497 384
1752 384
4217 384
5986 384
7538 384
3072 384
7274 384
315 384
7778 384
6773 384
4895 384
3062 384
1003 384
1763 384
6110 384
4986 384
581 385
7771 385
7319 385
6262 385
497 385
2292 385
1796 385
5073 385
605 385
3099 385
189 385
1461 385
3595 385
5444 385
1081 385
4400 385
3391 386
7426 386
3794 386
1300 386
8177 386
5248 386
6577 386
1962 386
5322 386
329 386
4516 386
4381 387
1595 387
3416 387
1272 387
6361 387
6136 387
5631 387
3738 387
851 387
4544 387
499 387
3003 387
1521 387
1136 387
8255 387
6318 388
96 388
1275 388
2557 388
6700 388
3140 388
7514 388
5252 388
5279 388
3783 388
4521 388
4042 388
4930 388
4737 388
7603 388
1937 388
3568 389
6497 389
1630 389
3931 389
806 389
5063 389
661 389
1005 389
1293 389
4526 389
33 389
1462 389
5784 389
3442 389
5850 389
6285 389
7523 389
815 390
3702 390
2856 390
7878 390
2697 390
6048 390
8072 390
2153 390
4942 390
1101 390
7571 390
1117 390
125 390
7949 390
3246 390
7137 390
2477 390
5372 390
5497 390
1895 391
5228 391
645 391
6970 391
3072 391
5775 391
5785 391
6705 391
3306 391
6077 391
3544 391
3727 391
248 391
3190 392
6976 392
7933 392
417 392
1509 392
5777 392
6050 392
4879 392
6577 392
725 392
6982 392
1526 392
2812 392
253 392
3142 392
7799 393
5225 393
7328 393
3764 393
6683 393
7204 393
5274 393
4930 393
2471 393
839 393
4060 393
5861 393
1381 393
1729 393
2479 393
606 393
2403 393
8196 394
2205 394
6545 394
7320 394
1240 394
6200 394
2713 394
7777 394
1337 394
5936 394
4427 394
5783 394
5918 394
457 394
1842 394
2227 394
549 394
1952 395
144 395
6927 395
8107 395
4505 395
1923 395
5344 395
100 395
7895 395
5583 396
3461 396
2909 396
4162 396
7515 396
6395 396
3235 396
7013 396
6937 396
1101 396
4434 396
6336 396
3123 396
864 396
7122 396
4859 396
6480 396
5160 396
6621 396
6887 396
221 397
6841 397
1504 397
6487 397
8086 397
308 397
2248 397
2555 397
2068 397
723 397
5991 397
3003 397
2477 397
2718 397
5754 397
208 397
1029 397
4777 397
6576 397
2163 397
4512 397
4554 398
3912 398
3141 398
5397 398
2456 398
1498 398
3086 398
4670 398
2401 398
2705 398
827 398
3627 398
1061 398
7561 398
8137 398
4530 398
1042 398
5744 399
3900 399
1868 399
1425 399
5406 399
597 399
5100 399
8032 399
8116 399
4903 399
6685 400
371 400
5557 400
5473 400
4516 400
1699 400
2380 400
7865 400
126 400
814 400
6414 400
7228 400
3470 400
7720 400
4351 401
6510 401
1655 401
7424 401
7745 401
940 401
1794 401
6759 401
398 401
3327 401
5943 401
1432 402
1000 402
216 402
1254 402
2620 402
4851 402
7577 402
4976 402
2868 402
5536 402
7864 402
2749 402
4119 402
4404 402
3101 402
7183 402
5123 402
6545 402
7651 402
516 402
7327 402
4082 402
8270 403
1442 403
3714 403
598 403
7833 403
7573 403
5494 403
7647 403
5672 403
1070 403
2040 403
2732 403
5092 403
6682 404
8080 404
5778 404
3134 404
3292 404
4866 404
7943 404
6790 404
5468 404
5943 404
1420 404
1492 404
1304 404
474 404
5917 404
370 404
5931 404
8297 404
103 405
4363 405
2542 405
1494 405
6000 405
3030 405
6598 405
6211 405
7206 405
2790 405
4892 405
1766 405
10 405
391 406
6900 406
3409 406
4244 406
7184 406
7370 406
996 406
7882 406
8219 406
4770 406
52 406
8241 406
5089 406
5551 406
1892 406
7138 406
5371 406
8114 406
2333 406
6368 406
1179 406
1290 406
5748 407
4710 407
7076 407
4671 407
4632 407
6709 407
2081 407
4026 407
8020 407
6900 407
4962 407
2467 407
2067 407
3924 407
6512 407
2790 407
5516 407
7786 407
4708 407
6354 408
4553 408
4237 408
1742 408
3968 408
816 408
1720 408
4877 408
1103 408
4400 408
2186 408
5439 408
1330 408
770 408
3088 408
7906 409
2548 409
6893 409
1051 409
3522 409
5082 409
5084 409
1837 409
3312 409
254 409
487 409
3611 410
7241 410
437 410
5311 410
4356 410
5399 410
5231 410
169 410
4241 410
4671 410
3827 410
2776 410
1229 410
5004 410
8084 410
7546 411
3211 411
714 411
4131 411
3994 411
608 411
4456 411
2829 411
4280 411
2813 411
6487 411
8121 411
6685 411
5900 411
5897 411
3202 412
6630 412
4854 412
3084 412
7818 412
4202 412
5817 412
8171 412
7394 412
3280 412
192 412
2346 412
2706 412
7029 412
407 412
6965 412
501 412
2131 413
413 413
8281 413
1788 413
1957 413
4672 413
272 413
6622 413
7693 413
4651 413
4654 413
7451 413
4874 414
6354 414
6171 414
933 414
6051 414
3792 414
7077 414
8026 414
27 414
3038 414
1044 414
34 414
598 414
8054 414
3741 414
2359 414
2813 414
5767 415
4791 415
3638 415
4954 415
294 415
2682 415
1390 415
7634 415
5516 415
5236 415
5157 415
1341 415
851 415
5861 415
7251 415
5940 415
6468 415
3537 415
7863 415
6235 415
5231 415
8066 415
2427 416
3869 416
4130 416
4943 416
1414 416
3511 416
1073 416
4109 416
1344 416
6227 416
7512 416
294 416
790 416
6782 416
2746 417
1779 417
3357 417
7199 417
8116 417
173 417
2593 417
2978 417
1890 417
2576 417
4244 417
5391 417
3727 417
3016 417
153 417
4735 417
613 417
2518 417
3668 417
6898 417
1047 417
6646 417
4188 417
4392 417
2666 418
3055 418
60 418
7229 418
2512 418
5545 418
2527 418
4732 418
5134 418
3833 418
249 418
4534 418
2410 418
2423 418
591 418
1766 418
7297 418
6424 418
3596 418
2740 418
5426 419
4395 419
7433 419
4785 419
5388 419
6117 419
2374 419
4998 419
7796 419
1680 419
7277 419
748 419
7783 419
6429 419
2050 419
1257 419
6940 419
2030 420
1175 420
2705 420
390 420
7017 420
3697 420
6984 420
7617 420
4242 420
7758 420
2145 420
4920 420
5658 421
5310 421
6144 421
7550 421
2301 421
8123 421
523 421
7189 421
807 421
4890 421
2872 422
2726 422
1374 422
6631 422
560 422
5722 422
169 422
5004 422
1973 422
5772 422
4438 423
2047 423
271 423
3534 423
8173 423
8292 423
3787 423
3740 423
7189 423
6899 423
3072 423
5031 423
1563 423
1886 423
6376 423
5246 423
1860 423
888 423
7248 423
4110 423
5142 424
3511 424
5480 424
779 424
5699 424
7594 424
1217 424
230 424
5151 424
3400 424
1816 425
6790 425
7629 425
4329 425
1133 425
4025 425
5274 425
497 425
3997 425
3544 425
7822 425
6597 426
1561 426
8103 426
3864 426
1236 426
7865 426
6043 426
6792 426
7525 426
2773 426
8132 427
5391 427
5867 427
2169 427
2805 427
5032 427
811 427
6250 427
590 427
2711 427
136 427
2110 427
4398 427
2942 427
2984 427
6576 427
3550 427
428 428
7624 428
1349 428
6021 428
1200 428
3995 428
2196 428
5816 428
4404 428
4620 428
61 428
3445 428
4238 428
3159 428
1281 428
3851 429
2842 429
6453 429
5329 429
2269 429
3209 429
3312 429
6706 429
1900 429
3193 429
1914 429
6236 429
5283 429
2882 429
4138 429
676 429
3075 429
5672 430
1643 430
5883 430
7120 430
7907 430
419 430
1178 430
3245 430
231 430
7356 430
4250 430
228 430
3742 430
6244 430
4727 430
4509 430
3889 430
7960 430
3030 430
3572 430
716 430
1361 430
6477 431
2990 431
685 431
1613 431
7568 431
814 431
6327 431
231 431
5466 431
1947 431
6364 431
1960 431
5148 431
1344 431
777 431
3101 431
7925 431
5810 431
8230 431
5722 431
4532 431
6627 431
2509 431
3588 431
3144 432
127 432
7076 432
3870 432
6667 432
5538 432
6800 432
6898 432
3668 432
1307 432
3583 432
5101 432
6685 433
8165 433
3819 433
2950 433
4856 433
976 433
7084 433
1493 433
7302 433
7756 433
2514 433
3958 433
4766 434
3502 434
480 434
1963 434
107 434
598 434
127 434
8103 434
4565 434
808 434
5322 434
1337 434
1044 434
3804 434
6440 434
7286 434
1881 434
7019 434
5499 434
4202 434
7475 434
6295 434
7777 435
3563 435
8173 435
5497 435
7224 435
5267 435
7782 435
4008 435
1313 435
3145 435
1758 435
7373 435
6334 435
556 435
825 435
5177 435
5399 435
5500 435
7769 436
7734 436
4018 436
8280 436
6551 436
751 436
6710 436
479 436
2164 436
963 436
7909 436
5521 436
3272 436
4288 436
2515 436
173 436
3251 436
3605 436
1378 436
7654 436
904 436
7591 436
3432 437
4026 437
2736 437
2608 437
1783 437
2207 437
4936 437
6087 437
4766 437
695 437
5563 437
6714 437
1821 437
5261 437
1725 437
7141 437
1902 437
1355 437
2786 438
5963 438
5021 438
1500 438
79 438
5834 438
7573 438
5562 438
3044 438
4734 438
378 438
5480 438
5518 438
2419 438
3056 438
602 438
3510 439
2515 439
7920 439
6954 439
2682 439
4927 439
6817 439
6286 439
4811 439
4194 439
6031 439
3168 439
5605 439
920 439
6738 439
5342 439
3623 439
4287 440
232 440
5718 440
3727 440
391 440
500 440
6075 440
4013 440
5549 440
540 440
2550 440
3872 440
373 440
123 440
2608 440
5209 440
7544 440
2279 440
3747 441
730 441
7040 441
6751 441
1707 441
7075 441
7768 441
1806 441
6126 441
7094 441
1653 441
920 441
2497 441
2398 441
1668 441
3170 441
8244 441
92 442
2490 442
7027 442
6790 442
1139 442
1920 442
4232 442
4480 442
1049 442
5274 442
5852 442
1279 442
893 442
348 442
4299 443
1943 443
4518 443
6845 443
1811 443
6060 443
1940 443
5282 443
8125 443
8205 443
7943 443
2208 443
4203 443
4197 443
3382 443
8170 443
8175 443
4287 443
3209 443
2090 443
5421 443
804 443
5478 444
456 444
2643 444
6264 444
2765 444
54 444
6067 444
647 444
7369 444
550 444
7682 444
1289 444
5622 444
8067 444
891 445
978 445
4587 445
8059 445
5238 445
3238 445
168 445
4438 445
6809 445
2938 445
1806 445
7496 445
3832 445
4257 445
5474 445
2895 445
2489 445
6007 445
7061 445
7492 445
2772 445
3931 445
4459 445
479 445
2541 445
7129 445
4117 445
5656 446
3918 446
665 446
6204 446
1897 446
7744 446
3817 446
6053 446
5592 446
3725 446
6874 446
2398 446
6336 446
5282 446
3754 446
6051 446
8150 446
5582 446
5983 446
7263 446
5038 446
1713 447
7151 447
1614 447
7487 447
4514 447
3725 447
448 447
3151 447
2917 447
3953 447
3272 447
5812 448
5980 448
3803 448
8165 448
2186 448
7078 448
560 448
1661 448
5861 448
2086 448
7142 448
25 448
2514 448
3145 448
7486 448
7371 448
4381 448
1108 448
747 449
3339 449
6035 449
4536 449
2675 449
1078 449
7004 449
4912 449
1076 449
2426 449
7916 449
662 449
7396 449
6520 450
434 450
7731 450
1029 450
8015 450
1124 450
1489 450
7155 450
7182 450
1005 450
4822 450
185 450
2792 450
5122 450
5624 450
1310 451
3732 451
5674 451
3419 451
2037 451
3628 451
4813 451
3491 451
5817 451
3312 451
4266 451
8172 451
8005 451
6886 451
7429 451
4122 451
6429 451
4975 451
5780 452
3552 452
963 452
7768 452
6475 452
5703 452
8154 452
5945 452
4241 452
5803 452
3229 452
6004 452
2744 452
4664 452
8000 452
6325 452
7144 452
3814 452
5687 452
2419 452
1918 452
6841 453
305 453
247 453
522 453
3124 453
3183 453
1156 453
3401 453
2582 453
5039 453
4040 453
4641 453
3252 453
2568 453
3567 453
2922 453
2597 453
6262 453
3537 453
5927 454
3519 454
126 454
1766 454
5515 454
2741 454
5518 454
1400 454
2768 454
48 454
5151 454
2856 454
4468 454
3856 454
7550 455
4271 455
1760 455
6758 455
3194 455
5549 455
7244 455
5213 455
7765 455
7224 455
326 455
424 455
7081 455
6961 455
7479 455
6146 455
7953 456
3012 456
1858 456
4384 456
5207 456
4388 456
8178 456
2734 456
4860 456
1367 456
4366 456
1231 456
3468 456
6295 456
703 456
3157 457
1452 457
2592 457
6947 457
7159 457
3050 457
5289 457
2051 457
8048 457
4607 457
6164 458
1668 458
4045 458
3739 458
1780 458
4196 458
7882 458
6803 458
4716 458
8263 458
4594 458
7672 458
18 458
7711 458
3997 458
4228 458
3652 458
4591 458
387 458
5537 459
1088 459
2108 459
399 459
1386 459
1516 459
3488 459
3750 459
6709 459
534 459
3134 459
6592 459
2771 459
640 459
6535 459
2319 459
6824 460
2392 460
1924 460
6647 460
1075 460
5919 460
8260 460
2202 460
7084 460
3638 460
1364 460
2031 460
1161 460
2306 460
1005 460
1262 460
5764 460
1069 461
3300 461
1337 461
277 461
4555 461
3895 461
1921 461
3930 461
525 461
4100 461
3136 461
7247 461
7972 461
3470 461
1542 461
1372 461
7387 462
4593 462
4165 462
1255 462
8170 462
5805 462
5018 462
1206 462
1077 462
2840 462
195 462
3016 462
4528 462
5900 462
799 462
6715 462
7573 463
1974 463
4766 463
1295 463
4579 463
6996 463
4716 463
3601 463
6015 463
5809 463
2564 463
6223 463
3925 463
6039 463
7153 463
6642 463
1589 463
3963 464
8192 464
1444 464
3478 464
6434 464
6446 464
3237 464
970 464
5028 464
6273 464
5927 464
1212 464
3454 464
4851 464
2683 464
7357 464
4454 464
7263 465
3652 465
3667 465
1323 465
1757 465
2697 465
6428 465
7809 465
7695 465
2577 465
991 465
7745 465
7668 466
6931 466
2926 466
6579 466
7698 466
7572 466
6638 466
8129 466
18 466
2721 466
6932 466
6276 466
7550 466
1880 466
5686 466
1854 466
3950 466
4321 466
5009 466
3099 467
7983 467
1558 467
6186 467
2007 467
5330 467
4565 467
6126 467
7180 467
3142 467
8270 468
1943 468
724 468
3071 468
3130 468
4308 468
5943 468
3988 468
5765 468
1459 468
1136 468
2467 468
5259 468
7287 468
4502 468
4170 468
7160 468
3547 468
3349 469
1861 469
7116 469
7087 469
3927 469
6949 469
6959 469
462 469
6307 469
5987 469
4847 469
1104 469
4935 469
3658 469
2540 469
2783 469
3445 469
3180 469
2285 469
6691 469
3192 470
85 470
6019 470
7709 470
4984 470
1229 470
4639 470
6708 470
7789 470
2940 470
4160 470
3289 470
6677 470
2749 470
4397 470
5070 470
403 470
4568 470
5353 470
6355 471
2308 471
1526 471
4812 471
7896 471
5433 471
95 471
7037 472
3437 472
2861 472
1268 472
1009 472
824 472
4826 472
2646 472
7573 472
187 472
5237 472
8013 472
3776 472
1184 472
6701 472
4798 473
7771 473
2489 473
7151 473
4120 473
1400 473
3646 473
4271 473
6429 473
7282 473
7782 473
5960 473
4809 473
953 473
5792 473
1235 473
6279 473
2806 473
6824 473
1002 473
6383 473
5164 473
4895 473
7770 474
3479 474
6625 474
4488 474
7170 474
7441 474
568 474
2940 474
3151 474
4825 474
2252 474
3998 474
7554 474
1791 474
4201 474
6780 474
7598 475
2977 475
475 475
337 475
2911 475
3680 475
3753 475
1754 475
2988 475
864 475
4409 475
6653 475
3404 475
5349 475
5582 475
4790 476
1522 476
2315 476
165 476
6608 476
4859 476
3602 476
6734 476
4893 476
8197 476
7002 476
3404 476
5372 476
2688 476
1656 476
2313 476
5569 477
4221 477
2524 477
7203 477
2344 477
4062 477
605 477
3571 477
8033 477
4415 477
1147 477
1082 477
3177 477
2068 477
2012 477
6403 477
4888 477
3704 478
6514 478
4936 478
6626 478
7646 478
3522 478
1920 478
2160 478
6612 478
6307 478
6898 478
4729 478
5012 478
320 478
4062 479
2680 479
7737 479
7197 479
4082 479
492 479
231 479
8129 479
5532 479
5112 479
4478 479
2116 479
4093 479
3747 479
1657 480
922 480
7323 480
4766 480
7341 480
889 480
6970 480
3603 480
3242 480
5764 480
892 480
456 480
4196 480
1003 480
2314 480
7986 480
3864 480
2888 481
1370 481
3424 481
4254 481
3325 481
1187 481
5810 481
344 481
6910 481
3568 481
7265 481
2151 481
8195 481
2592 481
8270 481
3036 481
482 482
759 482
3345 482
7849 482
2693 482
5172 482
6466 482
492 482
3669 482
1959 482
925 482
3850 482
6886 482
8127 482
6087 482
602 482
3635 482
7481 482
4708 482
2349 482
1583 482
1194 482
3799 483
5650 483
4998 483
5514 483
5940 483
6178 483
3941 483
4461 483
5412 483
4968 483
3205 483
8166 483
8007 483
4603 483
1722 483
6887 483
6226 483
6474 484
5732 484
3953 484
1795 484
6625 484
6133 484
4811 484
2456 484
7021 484
661 484
5135 484
2346 484
5156 484
1174 484
5463 484
1615 484
364 484
2049 485
5007 485
562 485
5039 485
8168 485
5351 485
2165 485
2495 485
6565 485
3222 485
7928 485
4980 485
6163 485
5663 485
4363 485
770 485
5435 486
2949 486
1233 486
5443 486
3946 486
675 486
5092 486
3074 486
2445 486
7849 486
1858 486
5138 486
4190 486
7097 487
7569 487
3324 487
7037 487
1104 487
2164 487
3085 487
4608 487
5436 487
5982 487
7381 487
2932 487
7769 487
1908 487
7182 488
2276 488
2783 488
3478 488
725 488
3220 488
5688 488
217 488
378 488
6295 488
581 488
8154 488
4705 488
8259 488
6260 488
676 488
3366 488
6076 488
863 488
3098 488
3771 488
5444 489
6993 489
4596 489
1015 489
2246 489
1692 489
6341 489
5118 489
8045 489
6258 490
3853 490
4696 490
1775 490
6642 490
864 490
6682 490
4257 490
779 490
3691 490
4854 490
7331 491
7845 491
4216 491
465 491
1972 491
7296 491
3877 491
1626 491
7762 491
7161 491
1695 492
7347 492
2831 492
2406 492
1648 492
3302 492
1103 492
1156 492
3172 492
1357 492
7058 492
5405 492
5967 492
6272 492
1074 492
2965 492
190 493
3084 493
3243 493
774 493
6320 493
8080 493
3132 493
7342 493
1578 493
2547 493
625 493
5663 493
5248 494
8016 494
3621 494
5866 494
6965 494
4641 494
6434 494
1792 494
556 494
7205 494
2874 494
5126 494
5773 494
7608 494
2390 494
377 494
3583 494
8279 494
7233 494
5804 494
5771 494
6331 494
3740 495
4860 495
2356 495
7181 495
1654 495
288 495
5273 495
8092 495
7478 495
436 496
7935 496
5327 496
664 496
5675 496
