7534 3697
451 3697
6342 3697
7670 3697
3729 3697
6412 3697
3802 3697
7736 3697
6675 3697
5888 3697
8238 3698
1725 3698
5700 3698
6970 3698
1174 3698
6313 3698
8210 3698
6395 3698
3529 3698
7792 3698
733 3698
1229 3698
5463 3698
5315 3698
2207 3698
5126 3698
2140 3698
1319 3698
3833 3698
7925 3699
3975 3699
1559 3699
3338 3699
8285 3699
4666 3699
1612 3699
913 3699
7730 3699
4813 3699
823 3699
1214 3699
5950 3699
8024 3699
1185 3699
7320 3699
6659 3699
4780 3699
2805 3699
5853 3699
4090 3700
2057 3700
1436 3700
6429 3700
7401 3700
7119 3700
7775 3700
1540 3700
6661 3700
4788 3700
783 3700
6961 3700
6373 3700
2715 3701
508 3701
7825 3701
5596 3701
3182 3701
479 3701
1795 3701
1310 3701
6894 3701
5048 3701
5451 3701
7343 3701
5123 3701
7378 3701
4506 3701
7856 3701
3971 3701
6178 3701
560 3701
7079 3701
6230 3701
5436 3701
7544 3701
1386 3701
5783 3702
5516 3702
6782 3702
6111 3702
1661 3702
2205 3702
6510 3702
6601 3702
3327 3702
1017 3702
137 3702
2676 3703
3967 3703
4264 3703
4539 3703
6447 3703
7723 3703
4498 3703
2448 3703
3995 3703
7133 3703
1001 3703
6496 3703
3005 3703
6065 3703
5426 3703
2568 3703
6059 3703
2989 3704
1285 3704
2892 3704
7601 3704
85 3704
966 3704
695 3704
3819 3704
3523 3704
3281 3704
2989 3705
4738 3705
321 3705
5022 3705
5964 3705
2632 3705
4901 3705
1878 3705
1867 3705
3171 3705
1857 3705
7595 3705
6751 3705
1200 3705
3695 3705
1002 3705
5715 3705
5230 3705
5245 3705
5234 3705
288 3705
1297 3705
6160 3705
3707 3705
3595 3705
3136 3705
156 3705
6814 3705
249 3705
7776 3706
3541 3706
3152 3706
1481 3706
4984 3706
7027 3706
6433 3706
5172 3706
4713 3706
4120 3707
264 3707
4377 3707
7811 3707
7044 3707
7674 3707
8273 3707
770 3707
217 3707
5294 3707
1552 3707
7426 3707
285 3707
1336 3707
2089 3707
3075 3707
314 3707
2354 3708
377 3708
3612 3708
3487 3708
3998 3708
2882 3708
4363 3708
5254 3708
6853 3708
2054 3708
4197 3708
869 3708
4743 3709
1144 3709
5568 3709
4929 3709
6431 3709
3240 3709
6748 3709
444 3709
3168 3710
182 3710
4496 3710
109 3710
7192 3710
2387 3710
1681 3710
8142 3710
1999 3710
5097 3710
8053 3710
39 3710
5610 3710
511 3710
5102 3710
2113 3710
3055 3710
6079 3710
7701 3710
21 3710
2262 3710
5555 3710
3339 3711
2659 3711
3253 3711
6731 3711
6880 3711
1015 3711
575 3711
4729 3711
5794 3711
1964 3711
2784 3711
8193 3711
6139 3711
5053 3711
2720 3711
3250 3711
4415 3711
2872 3711
6294 3711
5371 3712
6461 3712
3670 3712
4003 3712
1709 3712
6110 3712
6732 3712
7501 3713
85 3713
687 3713
8155 3713
1216 3713
1079 3713
3441 3713
365 3713
7911 3713
1514 3713
23 3713
637 3713
3738 3713
5620 3713
7594 3713
2934 3713
2171 3713
1244 3713
355 3713
949 3713
757 3713
464 3714
4672 3714
4151 3714
6598 3714
1672 3714
1724 3714
4795 3714
3168 3714
4995 3714
3709 3714
349 3714
2877 3714
6607 3714
392 3714
1300 3714
4144 3714
107 3714
1890 3714
2310 3714
1632 3714
2642 3714
2977 3714
5274 3715
5535 3715
6570 3715
6989 3715
3292 3715
7056 3715
7719 3715
5534 3715
3314 3715
3922 3715
5699 3715
1578 3715
6699 3715
7744 3715
2514 3715
6676 3715
7692 3715
4596 3716
2406 3716
6030 3716
3974 3716
2036 3716
1546 3716
716 3716
89 3716
384 3716
345 3716
5330 3716
2731 3716
7732 3716
6289 3716
6085 3716
7864 3717
3497 3717
911 3717
2929 3717
6563 3717
5688 3717
2062 3717
7469 3717
3523 3717
7577 3717
7138 3717
5153 3717
5288 3717
658 3717
774 3717
7302 3717
6712 3717
851 3718
6179 3718
6520 3718
7978 3718
6919 3718
8059 3718
1535 3718
1920 3718
232 3718
4299 3718
7516 3718
5798 3718
592 3718
7949 3719
7087 3719
5654 3719
1093 3719
3652 3719
3839 3719
7350 3719
3791 3719
4578 3719
7701 3719
4049 3719
3159 3719
3511 3719
4130 3719
2312 3719
3635 3719
556 3719
4382 3719
6739 3720
7432 3720
2978 3720
3380 3720
4509 3720
6608 3720
6539 3720
4514 3720
4963 3720
1076 3720
7164 3720
71 3720
4242 3720
4658 3720
3438 3720
3607 3720
5254 3720
5374 3720
2006 3720
7 3720
5641 3720
2650 3720
2234 3721
6853 3721
348 3721
2576 3721
6466 3721
898 3721
3233 3721
6391 3721
2773 3721
7341 3721
1676 3721
1301 3721
3722 3722
7741 3722
1077 3722
6139 3722
1811 3722
2050 3722
1215 3722
7818 3722
4625 3722
6780 3722
7424 3722
7141 3722
3811 3722
1663 3722
664 3722
5530 3722
4394 3722
4339 3722
3024 3723
718 3723
2256 3723
4775 3723
2817 3723
6398 3723
4568 3723
448 3723
295 3723
2068 3723
6631 3723
8203 3723
7598 3724
7697 3724
5477 3724
290 3724
5766 3724
5842 3724
5139 3724
600 3724
240 3724
5087 3724
6358 3724
6511 3724
2246 3724
7234 3724
6405 3724
5173 3724
5812 3724
2909 3725
7071 3725
5960 3725
7942 3725
664 3725
6631 3725
6539 3725
7905 3725
7320 3725
649 3726
1500 3726
2917 3726
4109 3726
4872 3726
2384 3726
1303 3726
1684 3726
7849 3726
6966 3726
1650 3726
4897 3726
1973 3727
7146 3727
3657 3727
5910 3727
3786 3727
5389 3727
103 3727
3485 3727
4450 3727
7714 3727
6730 3727
5835 3727
1478 3727
3252 3727
3479 3727
4476 3727
605 3727
4671 3728
319 3728
1194 3728
3441 3728
3827 3728
3936 3728
1766 3728
6204 3728
3128 3728
135 3728
2051 3728
5444 3728
4059 3728
3420 3728
3021 3728
859 3728
6238 3728
6624 3728
7744 3728
5143 3729
3675 3729
7126 3729
344 3729
2507 3729
7113 3729
688 3729
6404 3729
8208 3729
2119 3729
1901 3729
1653 3729
3454 3729
5526 3729
3973 3729
2060 3729
6916 3729
6426 3729
3565 3729
1352 3729
1549 3729
104 3729
7291 3729
2619 3729
7745 3729
1947 3729
7403 3729
5045 3730
3168 3730
2858 3730
5536 3730
7497 3730
292 3730
6327 3730
7914 3730
1843 3730
8026 3730
8054 3730
1026 3730
4637 3730
5748 3730
4429 3730
2594 3730
2632 3730
3837 3730
2516 3730
3794 3731
878 3731
172 3731
7170 3731
7264 3731
425 3731
7480 3731
1145 3731
2646 3731
2728 3731
7701 3731
5522 3731
1504 3731
8043 3731
4454 3731
4059 3731
6357 3732
2391 3732
5775 3732
6702 3732
2441 3732
6662 3732
5714 3732
6627 3732
5494 3732
1610 3732
3142 3732
6864 3732
5615 3732
4253 3732
5321 3732
5227 3732
6364 3732
5967 3733
1382 3733
3184 3733
6073 3733
5591 3733
4625 3733
832 3733
2508 3733
64 3733
361 3733
3492 3733
1568 3733
3226 3733
3575 3733
7190 3733
4630 3733
3976 3733
3633 3734
806 3734
7034 3734
5033 3734
1822 3734
4158 3734
4665 3734
7393 3734
4948 3734
6272 3734
4311 3734
7180 3734
5153 3734
5036 3734
2198 3734
8206 3734
3752 3734
3307 3734
6435 3734
1322 3734
7022 3734
7651 3734
6048 3735
7628 3735
1171 3735
7127 3735
520 3735
3031 3735
4194 3735
263 3735
5512 3736
1892 3736
3572 3736
2931 3736
300 3736
3851 3736
2272 3736
2475 3736
2467 3736
2053 3736
7586 3736
6272 3736
1913 3736
1757 3736
982 3736
1147 3737
7975 3737
3435 3737
1819 3737
6960 3737
4422 3737
865 3737
6801 3737
2401 3737
479 3737
5732 3737
4587 3737
5274 3737
969 3737
1337 3737
5152 3737
7585 3737
2332 3738
1216 3738
337 3738
5157 3738
8196 3738
8106 3738
764 3738
3305 3738
1796 3738
257 3738
1971 3738
5987 3738
2783 3738
6213 3738
6759 3738
6844 3738
2942 3738
1201 3739
1367 3739
5459 3739
1406 3739
1220 3739
3853 3739
3130 3739
1842 3739
456 3739
1498 3739
7819 3739
4037 3739
221 3739
5702 3739
6505 3739
773 3739
7271 3739
2929 3739
6144 3739
4630 3739
200 3740
1479 3740
1087 3740
5033 3740
1849 3740
996 3740
6812 3740
2770 3740
7133 3740
7440 3740
4658 3740
1648 3740
5266 3740
4807 3741
499 3741
2324 3741
5151 3741
5289 3741
5352 3741
1082 3741
6175 3741
1662 3741
1142 3741
2319 3741
7467 3741
1282 3741
6948 3741
3794 3742
709 3742
7467 3742
2715 3742
1564 3742
331 3742
4005 3742
692 3742
4847 3742
6350 3742
4586 3742
5515 3742
2319 3742
6277 3742
2912 3742
3544 3742
970 3742
5755 3742
4539 3742
7684 3742
2205 3742
7585 3742
904 3742
4617 3742
1462 3742
594 3743
4636 3743
2380 3743
105 3743
8279 3743
4910 3743
358 3743
1746 3743
5175 3743
6216 3743
3744 3744
3804 3744
7330 3744
462 3744
864 3744
7892 3744
3853 3744
2494 3744
4823 3744
6063 3744
4737 3744
7153 3744
6347 3744
7669 3745
2634 3745
6694 3745
3599 3745
280 3745
4031 3745
3312 3745
5436 3745
3104 3745
4099 3745
1655 3745
903 3745
1403 3745
6996 3745
6929 3745
1348 3746
7896 3746
3604 3746
5165 3746
7771 3746
4746 3746
1700 3746
6454 3746
420 3746
1229 3746
719 3746
6339 3746
4791 3747
1918 3747
5842 3747
8292 3747
2552 3747
5524 3747
3571 3747
1272 3747
537 3747
2565 3747
2420 3747
6867 3747
1821 3748
4531 3748
814 3748
1511 3748
7687 3748
3714 3748
7231 3748
6704 3748
6739 3748
6711 3748
5211 3748
7263 3748
5780 3748
1293 3748
7285 3748
7577 3748
3373 3748
826 3749
2390 3749
8277 3749
1767 3749
6719 3749
7219 3749
7596 3749
6913 3749
2479 3749
8108 3749
6180 3749
6642 3749
4837 3749
6079 3749
3794 3749
4780 3749
8208 3749
5610 3749
6807 3750
1224 3750
1460 3750
4241 3750
6686 3750
1097 3750
4101 3750
2125 3750
1185 3750
6479 3750
167 3750
2478 3750
3880 3750
3999 3750
4512 3750
7386 3750
3774 3750
5988 3750
19 3750
4758 3750
8057 3751
5837 3751
278 3751
1355 3751
3751 3751
2518 3751
3604 3751
6756 3751
4183 3751
7645 3751
4029 3751
1473 3751
2499 3751
455 3751
4355 3751
331 3751
3442 3751
4045 3751
6552 3751
7468 3751
4895 3751
5843 3751
6444 3752
4077 3752
7654 3752
8271 3752
3413 3752
1727 3752
4376 3752
2584 3752
6286 3752
697 3752
6380 3752
664 3752
7498 3752
258 3752
3168 3752
1186 3753
4872 3753
1027 3753
4976 3753
6327 3753
6178 3753
3249 3753
5550 3753
791 3753
3386 3753
2120 3753
823 3753
2577 3753
1227 3753
7429 3753
3705 3753
782 3753
7357 3754
3507 3754
5319 3754
4706 3754
7603 3754
2390 3754
3924 3754
689 3754
4532 3754
1540 3754
4620 3754
4012 3754
6772 3754
376 3754
4018 3754
4264 3755
7769 3755
2329 3755
1917 3755
1302 3755
2180 3755
4916 3755
6221 3755
1562 3755
164 3755
976 3755
2256 3755
2334 3755
2833 3755
7018 3755
5624 3755
8165 3755
299 3755
6426 3755
6340 3755
3876 3755
7719 3755
1493 3755
7598 3755
5072 3755
3373 3756
3684 3756
7705 3756
1300 3756
3636 3756
1668 3756
7634 3756
5426 3756
4769 3756
6073 3756
7281 3756
995 3756
708 3756
7164 3756
5089 3756
1585 3756
6578 3756
6406 3757
3938 3757
673 3757
5452 3757
7849 3757
7983 3757
201 3757
250 3757
633 3757
2290 3757
6710 3757
4762 3757
4327 3757
7286 3757
5398 3757
3872 3757
4575 3758
7835 3758
2645 3758
4899 3758
4566 3758
5777 3758
4153 3758
935 3758
6632 3758
579 3758
3846 3758
5503 3758
393 3758
4515 3758
600 3758
1895 3758
7381 3758
1367 3758
269 3758
5151 3758
1245 3758
2953 3758
6466 3758
688 3758
2714 3758
3873 3758
5844 3758
5908 3758
2783 3758
3051 3759
4414 3759
1585 3759
1550 3759
3492 3759
2068 3759
2567 3759
2105 3759
1599 3759
7684 3759
5273 3759
3295 3759
5855 3759
5351 3759
855 3760
4107 3760
294 3760
989 3760
2912 3760
7783 3760
1308 3760
2344 3760
222 3760
7443 3760
5511 3760
3139 3760
4579 3760
1149 3760
1130 3760
1330 3760
2061 3760
4244 3760
4765 3761
6133 3761
27 3761
7800 3761
5483 3761
7297 3761
5524 3761
5141 3761
266 3761
8249 3761
3825 3761
467 3761
3797 3761
3718 3761
2084 3761
7720 3761
4642 3761
4428 3762
4714 3762
3796 3762
5481 3762
8025 3762
7525 3762
3260 3762
4830 3762
7837 3762
1534 3762
8045 3762
4524 3763
5526 3763
2783 3763
5551 3763
2085 3763
5300 3763
3120 3763
7958 3763
2920 3763
4758 3763
264 3763
5912 3763
8279 3763
1229 3763
3704 3763
5561 3763
5224 3763
4895 3763
8054 3764
661 3764
212 3764
617 3764
642 3764
6244 3764
3905 3764
5861 3764
7285 3764
6393 3764
311 3764
2642 3764
8193 3764
3499 3764
965 3764
1856 3765
253 3765
7713 3765
3612 3765
3451 3765
5722 3765
6446 3765
5185 3765
6807 3765
4530 3765
4264 3765
7711 3765
5462 3765
7078 3765
8037 3766
4735 3766
2373 3766
6089 3766
3631 3766
7538 3766
726 3766
748 3766
8196 3766
1052 3766
6673 3766
2803 3766
3542 3766
2494 3766
747 3766
2191 3766
3051 3767
3466 3767
8217 3767
1665 3767
6216 3767
7752 3767
2319 3767
6625 3767
7029 3767
6993 3767
1067 3767
4948 3767
6175 3767
5033 3768
5501 3768
4013 3768
1093 3768
7550 3768
3396 3768
2057 3768
3567 3768
6466 3768
4815 3768
3769 3769
5125 3769
2151 3769
1923 3769
4140 3769
3181 3769
6733 3769
1479 3769
721 3769
7330 3769
7687 3769
6675 3769
4292 3769
8108 3769
2515 3769
400 3769
1078 3769
2109 3769
2210 3769
2181 3769
4848 3770
3314 3770
6186 3770
5709 3770
7604 3770
3343 3770
2940 3770
5168 3770
4035 3770
7437 3770
4144 3770
2386 3770
7347 3770
3649 3770
4585 3770
4263 3770
4867 3770
4686 3770
4574 3770
2972 3770
2599 3770
460 3770
4537 3770
6760 3770
8026 3770
6132 3770
2393 3771
3698 3771
8098 3771
238 3771
5592 3771
1410 3771
5446 3771
4718 3771
7002 3771
3353 3771
6142 3771
1413 3771
6398 3771
6429 3771
321 3771
1553 3771
4129 3771
4585 3771
6888 3771
207 3771
5881 3771
3794 3771
2834 3772
6867 3772
1407 3772
6789 3772
7086 3772
7486 3772
4990 3772
2119 3772
1149 3772
3058 3772
7172 3772
3419 3772
8125 3772
4235 3772
8044 3772
6154 3772
179 3772
3877 3772
4090 3772
4486 3773
6588 3773
2433 3773
953 3773
4213 3773
4822 3773
3950 3773
6753 3773
4878 3773
7432 3773
288 3773
5664 3773
7796 3773
2299 3773
7307 3773
5006 3773
1732 3773
3767 3773
2118 3773
6094 3773
266 3773
6249 3774
7672 3774
1782 3774
5374 3774
7813 3774
3922 3774
4776 3774
5944 3774
3522 3774
4143 3774
2475 3774
213 3775
997 3775
1136 3775
3913 3775
4566 3775
2536 3775
7629 3775
1805 3775
4853 3775
7 3775
5631 3775
4640 3775
7769 3775
3407 3776
6108 3776
4795 3776
3640 3776
7525 3776
5965 3776
272 3776
7158 3776
4476 3776
1311 3776
985 3776
519 3776
2202 3776
4587 3776
6687 3776
6211 3776
4641 3777
621 3777
1386 3777
3953 3777
5354 3777
3391 3777
5117 3777
4429 3777
7870 3777
1093 3777
3505 3777
1978 3777
3737 3777
7930 3778
8187 3778
6831 3778
8282 3778
3127 3778
6577 3778
276 3778
3888 3778
7251 3778
7638 3778
4888 3778
7909 3778
7413 3778
6886 3778
2716 3778
6413 3778
6887 3778
1150 3778
2682 3778
7205 3778
5405 3779
5688 3779
3802 3779
1484 3779
2421 3779
3932 3779
646 3779
2524 3779
4319 3780
1744 3780
2031 3780
7238 3780
5010 3780
2388 3780
495 3780
1815 3780
5126 3780
182 3780
682 3781
2597 3781
8226 3781
6024 3781
4910 3781
4539 3781
1850 3781
6933 3781
275 3781
6839 3781
7840 3781
6979 3781
6506 3781
6734 3781
4829 3781
2150 3781
6274 3781
853 3781
5892 3781
4497 3781
8033 3781
537 3781
5334 3781
4224 3782
7622 3782
18 3782
4451 3782
8205 3782
6835 3782
4699 3782
2478 3782
687 3782
1187 3782
3912 3782
7204 3782
5010 3782
2233 3782
5293 3782
4705 3782
2977 3782
5735 3783
1293 3783
1067 3783
7860 3783
3500 3783
4919 3783
3788 3783
5025 3783
2145 3783
5700 3783
949 3783
4257 3783
7505 3783
6056 3784
6179 3784
853 3784
4199 3784
5885 3784
5586 3784
7082 3784
3679 3784
6054 3784
5990 3784
1306 3784
5418 3784
144 3785
6317 3785
5276 3785
6067 3785
6718 3785
2830 3785
5968 3785
7782 3785
5239 3785
5555 3785
1614 3785
7396 3785
7307 3785
991 3785
5075 3785
6626 3785
1381 3785
4805 3785
7185 3785
6211 3786
5057 3786
6104 3786
4861 3786
4022 3786
7231 3786
4167 3786
1754 3786
5006 3786
6550 3786
7151 3786
5683 3786
4351 3786
2411 3786
3846 3786
1056 3787
5947 3787
4375 3787
7890 3787
2371 3787
5809 3787
5982 3787
2081 3787
5694 3787
6800 3787
3880 3787
7783 3787
5685 3788
5779 3788
838 3788
7722 3788
5038 3788
4492 3788
2424 3788
7457 3788
3971 3788
4242 3788
5161 3788
5341 3788
4815 3788
3404 3788
4051 3789
1993 3789
5217 3789
6347 3789
3251 3789
543 3789
5068 3789
7558 3789
5076 3789
8198 3789
4758 3789
6611 3789
2162 3790
1931 3790
1151 3790
6706 3790
353 3790
6984 3790
4144 3790
1297 3790
2663 3790
5764 3790
4854 3790
3174 3790
1902 3790
6663 3790
2495 3790
2929 3790
6150 3790
4777 3790
4980 3791
5154 3791
5892 3791
1910 3791
6108 3791
1994 3791
2202 3791
5182 3791
5985 3791
134 3791
104 3791
2298 3791
3580 3791
7160 3791
1949 3791
5795 3791
6587 3791
4189 3791
3616 3791
5461 3791
591 3792
5005 3792
4061 3792
6753 3792
622 3792
6426 3792
5119 3792
1810 3792
4815 3792
4029 3792
4789 3792
7060 3792
1473 3792
5572 3792
178 3792
5470 3792
1927 3792
4356 3792
190 3792
4082 3792
4994 3792
5321 3792
7164 3792
6400 3793
662 3793
757 3793
1451 3793
715 3793
3554 3793
1230 3793
2965 3793
5964 3793
808 3793
6496 3793
2292 3793
2005 3793
1725 3793
8173 3793
6790 3793
7269 3794
5234 3794
2133 3794
4553 3794
3846 3794
7829 3794
6853 3794
5748 3794
942 3794
524 3795
8284 3795
2492 3795
5311 3795
7569 3795
669 3795
6123 3795
2770 3795
7562 3795
4875 3795
6289 3795
72 3795
5702 3795
1388 3795
4980 3795
3847 3795
5154 3795
6167 3795
7856 3795
2240 3795
2443 3795
2078 3795
1621 3795
146 3796
562 3796
5431 3796
2570 3796
4317 3796
4548 3796
2252 3796
192 3796
2800 3796
5410 3796
2760 3796
835 3796
5719 3796
4755 3796
6078 3796
2303 3796
1675 3796
5327 3796
2239 3796
4747 3797
6719 3797
3431 3797
2346 3797
3487 3797
3081 3797
1101 3797
4840 3797
804 3797
7008 3797
418 3797
222 3797
2473 3797
3713 3797
1746 3797
6200 3798
6475 3798
5336 3798
1407 3798
6204 3798
60 3798
4844 3798
7443 3798
1094 3798
2162 3798
2565 3798
6653 3798
5453 3798
7611 3798
8249 3798
7031 3798
451 3798
5098 3798
4533 3799
5811 3799
5212 3799
2110 3799
7973 3799
2930 3799
1744 3800
2490 3800
3839 3800
6971 3800
3735 3800
4935 3800
1960 3800
8260 3800
7765 3800
5141 3800
5122 3800
6009 3800
7075 3800
4890 3801
6951 3801
7680 3801
5675 3801
1348 3801
2032 3801
6700 3801
5875 3801
8153 3801
7181 3801
7952 3801
935 3801
6622 3801
2873 3801
4644 3801
4468 3801
2963 3801
7559 3801
4712 3801
1156 3801
8277 3801
7488 3802
4672 3802
6114 3802
3307 3802
52 3802
161 3802
440 3802
1909 3802
3007 3802
6274 3802
2692 3802
6039 3802
2477 3802
5699 3802
5545 3803
4792 3803
704 3803
7738 3803
4745 3803
4770 3803
1477 3803
3555 3803
6937 3803
2930 3803
1890 3804
993 3804
2829 3804
5443 3804
5355 3804
7030 3804
4422 3804
1668 3804
3813 3804
759 3804
3518 3804
4763 3804
3431 3804
1171 3804
5799 3804
2420 3804
3035 3804
5161 3805
8057 3805
2235 3805
2349 3805
5936 3805
2471 3805
7487 3805
3718 3805
1367 3805
7193 3805
5413 3805
4822 3805
6839 3805
4257 3806
3808 3806
3132 3806
1857 3806
898 3806
1106 3806
1558 3806
7551 3806
3292 3806
1610 3806
7791 3806
642 3806
4395 3806
3137 3806
4931 3806
2572 3806
7412 3807
1332 3807
1701 3807
1985 3807
4762 3807
5831 3807
7844 3807
5085 3807
1781 3807
6716 3807
8 3807
2994 3807
3177 3807
68 3807
6142 3807
719 3807
5387 3807
2004 3807
5697 3807
156 3807
4267 3808
5785 3808
6852 3808
4639 3808
8078 3808
5918 3808
3080 3808
7726 3808
1467 3808
7894 3808
6631 3808
5895 3808
347 3808
2293 3808
5169 3808
4107 3808
2711 3808
6989 3808
6485 3809
7398 3809
8224 3809
2810 3809
5517 3809
3499 3809
3496 3809
5444 3809
3145 3809
7651 3809
4394 3809
2276 3809
3209 3809
3912 3809
1880 3809
1985 3809
5784 3809
7515 3809
2642 3810
1806 3810
7896 3810
1653 3810
3723 3810
1689 3810
5951 3810
7782 3810
4965 3810
7586 3810
450 3810
6421 3810
2036 3810
4694 3810
1575 3810
6131 3810
4615 3810
3907 3810
7479 3810
1011 3810
3437 3811
602 3811
6142 3811
7832 3811
4882 3811
1493 3811
1047 3811
5753 3811
5189 3811
3575 3811
5127 3811
6877 3811
2931 3811
4175 3811
7799 3811
417 3811
624 3811
2228 3812
149 3812
3772 3812
2788 3812
1207 3812
5924 3812
6015 3812
4537 3812
735 3812
3287 3812
1227 3812
2570 3812
1297 3812
6136 3813
4468 3813
7846 3813
3531 3813
6737 3813
1910 3813
362 3813
5393 3813
8132 3813
2248 3813
6472 3813
4811 3813
7741 3813
2441 3813
1058 3813
391 3813
2738 3813
1331 3814
8101 3814
2198 3814
2837 3814
1580 3814
100 3814
7524 3814
4491 3814
1238 3814
1272 3814
4229 3814
4948 3814
152 3814
2061 3814
5166 3814
1873 3814
4672 3814
941 3814
7681 3814
1132 3814
7135 3814
2771 3814
1710 3815
4193 3815
1161 3815
4232 3815
4395 3815
3351 3815
5137 3815
479 3815
6531 3815
1859 3815
4206 3815
7430 3815
190 3815
5502 3815
1095 3815
2174 3816
1701 3816
6751 3816
5487 3816
5765 3816
6437 3816
7347 3816
498 3816
8183 3816
5006 3816
5141 3816
5441 3816
2659 3816
3705 3816
7158 3817
7137 3817
5968 3817
2754 3817
2772 3817
4144 3817
5658 3817
2328 3817
515 3817
5896 3817
6695 3817
4051 3817
3180 3817
6359 3817
3856 3817
7754 3817
1304 3817
194 3817
4638 3818
7668 3818
7144 3818
6043 3818
5225 3818
4563 3818
7071 3818
5088 3818
5143 3818
4325 3818
3604 3818
7045 3818
7965 3818
3442 3818
7519 3818
1349 3818
8204 3818
5489 3818
1411 3818
826 3818
6089 3818
1467 3818
7999 3818
7020 3819
3838 3819
5161 3819
7974 3819
