6650 3819
3512 3819
2805 3819
2762 3819
6802 3819
2477 3819
867 3819
156 3819
7044 3819
3401 3819
2516 3819
982 3819
6202 3819
4597 3819
4919 3820
5449 3820
4776 3820
4125 3820
6460 3820
5566 3820
7467 3820
6717 3820
7849 3820
772 3820
3523 3820
3405 3820
2181 3820
7020 3820
1029 3820
2606 3820
144 3820
3193 3821
833 3821
5175 3821
7946 3821
361 3821
5282 3821
5374 3821
1069 3821
5148 3821
6809 3821
632 3821
2822 3821
7220 3821
6321 3821
5715 3821
4514 3821
4447 3821
7142 3821
3174 3821
6970 3821
936 3821
6959 3821
6718 3821
937 3822
3247 3822
1260 3822
18 3822
7705 3822
103 3822
6502 3822
5319 3822
3601 3822
6705 3822
2633 3822
6186 3822
1963 3822
8201 3822
6496 3822
5517 3823
7617 3823
2726 3823
4348 3823
3710 3823
4340 3823
5691 3823
7563 3823
2315 3823
3201 3823
6030 3823
1305 3823
4076 3823
3223 3823
1281 3823
8105 3823
1742 3823
553 3823
2195 3824
8161 3824
3099 3824
3182 3824
1373 3824
3154 3824
5536 3824
6066 3824
7894 3824
6954 3825
6682 3825
5602 3825
4532 3825
4919 3825
3683 3825
8155 3825
7203 3825
6595 3825
6244 3825
4311 3825
4248 3826
4859 3826
5103 3826
5164 3826
7882 3826
3537 3826
2235 3826
3141 3826
5667 3826
3861 3826
4651 3826
4777 3826
1999 3826
4765 3826
4996 3826
1376 3826
4282 3826
4778 3827
5202 3827
3635 3827
5358 3827
5582 3827
18 3827
7820 3827
3842 3827
7860 3827
2713 3827
161 3827
753 3827
2646 3827
1794 3827
4049 3827
7256 3827
5375 3828
6738 3828
4708 3828
6861 3828
8065 3828
6331 3828
5137 3828
4830 3828
3071 3829
7135 3829
6398 3829
2641 3829
1011 3829
3792 3829
7946 3829
5812 3829
1774 3829
424 3829
6472 3829
5810 3829
2783 3829
8027 3829
1828 3830
5534 3830
1520 3830
689 3830
7224 3830
3487 3830
5379 3830
2066 3830
5329 3830
690 3830
3656 3830
7105 3830
5955 3830
5787 3831
3136 3831
4143 3831
4085 3831
6208 3831
107 3831
2481 3831
7589 3831
1960 3831
1448 3831
7468 3831
5459 3831
3303 3831
997 3831
1587 3832
216 3832
6039 3832
3152 3832
6601 3832
5386 3832
6789 3832
6213 3832
3247 3832
2205 3832
2004 3832
5684 3832
6131 3833
4931 3833
8176 3833
6879 3833
1936 3833
5016 3833
8197 3833
4190 3833
3176 3833
6182 3833
7800 3833
4956 3833
1567 3833
6516 3834
4673 3834
6232 3834
5175 3834
4358 3834
6932 3834
1024 3834
5586 3834
2086 3834
115 3834
1523 3834
3847 3834
7486 3834
718 3834
5335 3834
4641 3834
5597 3834
6964 3834
1771 3834
7488 3834
869 3835
8150 3835
5184 3835
6341 3835
39 3835
4194 3835
8229 3835
7981 3835
591 3835
2985 3835
978 3835
6183 3835
1656 3835
2542 3835
8135 3836
4087 3836
7345 3836
4884 3836
4908 3836
6685 3836
7586 3836
7262 3836
6289 3836
8264 3836
6790 3836
353 3836
5667 3836
488 3836
6509 3836
6280 3836
2708 3836
3021 3836
7180 3836
3060 3836
4685 3836
854 3836
4777 3836
7452 3837
6083 3837
4799 3837
5404 3837
6469 3837
2246 3837
2187 3837
6572 3837
3984 3837
8070 3837
1432 3837
7263 3837
4263 3837
6937 3837
2523 3837
4965 3837
7085 3838
1937 3838
5780 3838
1077 3838
6731 3838
2806 3838
495 3838
1396 3838
2540 3838
635 3838
5743 3838
971 3838
7185 3838
6738 3838
3438 3838
7837 3839
3878 3839
1985 3839
6017 3839
5810 3839
1338 3839
5293 3839
7742 3839
6620 3839
1902 3839
7978 3839
6709 3840
2659 3840
3083 3840
3560 3840
1040 3840
5061 3840
8124 3840
4429 3840
1806 3840
316 3840
793 3840
534 3840
5159 3840
1746 3840
4307 3841
8102 3841
5135 3841
1894 3841
7096 3841
8072 3841
232 3841
2007 3841
4072 3841
5236 3841
5300 3841
8270 3841
3933 3841
2280 3842
2632 3842
7712 3842
3445 3842
7920 3842
5134 3842
5718 3842
7205 3842
3913 3842
1429 3842
3113 3842
4311 3842
365 3842
7194 3842
2543 3842
3615 3842
5811 3842
4908 3842
7075 3842
4519 3842
720 3842
1679 3842
1655 3842
2441 3842
4772 3842
8029 3842
1585 3842
1587 3842
5279 3842
6275 3843
3304 3843
6580 3843
7014 3843
2004 3843
1779 3843
7911 3843
3688 3843
1487 3843
1182 3843
2171 3843
3844 3844
6514 3844
5446 3844
1575 3844
6696 3844
2641 3844
4925 3844
592 3844
6940 3844
6369 3844
76 3844
7516 3844
792 3844
6681 3844
205 3844
2019 3844
5615 3844
4197 3844
7505 3844
3785 3844
4153 3844
2285 3845
6569 3845
8092 3845
8244 3845
1828 3845
2599 3845
5344 3845
5667 3845
7540 3845
3120 3845
4897 3845
4965 3845
533 3845
4140 3845
4730 3846
4954 3846
3267 3846
289 3846
4880 3846
8220 3846
1401 3846
2989 3846
4228 3846
6271 3846
6713 3847
6353 3847
606 3847
759 3847
7647 3847
5443 3847
6608 3847
1703 3847
3609 3847
2634 3847
1242 3847
973 3847
656 3847
2968 3847
1855 3847
5997 3847
5215 3847
7461 3847
4620 3847
5491 3847
1133 3847
5878 3847
1965 3847
2334 3847
204 3848
3991 3848
113 3848
3972 3848
4280 3848
4995 3848
8139 3848
7645 3848
2998 3848
2066 3848
3142 3848
163 3848
3554 3848
5267 3848
194 3848
961 3848
72 3848
7479 3849
2268 3849
8009 3849
7864 3849
669 3849
1334 3849
1232 3849
6832 3849
4244 3849
2303 3849
6443 3849
4694 3849
2108 3849
7701 3849
7650 3850
7225 3850
586 3850
2960 3850
61 3850
2048 3850
228 3850
2248 3850
1151 3850
6427 3850
3693 3850
480 3850
347 3851
1811 3851
1561 3851
1873 3851
6752 3851
57 3851
5045 3851
6690 3851
1129 3851
5441 3851
1278 3851
1780 3851
2636 3851
4325 3851
697 3851
5236 3851
827 3851
4891 3852
8262 3852
1832 3852
3596 3852
57 3852
2877 3852
4880 3852
2328 3852
1657 3852
4348 3852
4031 3852
7070 3852
7580 3852
1232 3852
4072 3853
1516 3853
5045 3853
2438 3853
4931 3853
7251 3853
1116 3853
5770 3853
5159 3853
7514 3853
3437 3853
4287 3853
4376 3853
4531 3853
280 3853
1366 3853
4676 3853
4672 3854
1136 3854
5812 3854
6895 3854
3380 3854
644 3854
2311 3854
1756 3854
4744 3854
3028 3854
5534 3854
1134 3854
6927 3854
6246 3854
2600 3855
6702 3855
3041 3855
1129 3855
8279 3855
2085 3855
880 3855
3031 3855
3028 3855
314 3855
1967 3855
4236 3855
329 3855
7693 3855
2547 3855
1419 3855
838 3855
855 3855
4582 3855
1542 3855
6681 3856
4321 3856
6383 3856
4722 3856
5048 3856
6647 3856
4518 3856
3691 3856
8263 3856
2116 3856
5042 3856
5543 3856
3343 3856
3267 3856
2760 3857
3880 3857
3322 3857
7021 3857
3157 3857
6820 3857
3704 3857
5483 3857
6949 3857
1109 3857
383 3857
3211 3857
4633 3857
5046 3857
1475 3857
5919 3857
4718 3857
7234 3857
2832 3857
6964 3858
3540 3858
808 3858
8092 3858
7284 3858
598 3858
7959 3858
3768 3858
859 3858
2113 3858
7009 3858
7920 3858
2781 3858
2415 3858
254 3858
8244 3858
8057 3858
2257 3858
4010 3858
3303 3858
4942 3859
8277 3859
3810 3859
1353 3859
3540 3859
2120 3859
7692 3859
5232 3859
1331 3859
7378 3859
6839 3860
7796 3860
2133 3860
2532 3860
7252 3860
5296 3860
5973 3860
592 3860
1356 3860
6737 3860
5329 3860
644 3860
1035 3860
8070 3860
2066 3860
1419 3860
8176 3860
8145 3861
3052 3861
331 3861
4959 3861
5432 3861
898 3861
3746 3861
5582 3861
6708 3861
2201 3861
1100 3861
3889 3861
2480 3861
2277 3861
2135 3861
7387 3861
345 3861
2478 3861
6810 3861
6541 3861
7064 3861
3249 3862
6559 3862
7628 3862
583 3862
2383 3862
6767 3862
5 3862
2181 3862
3378 3862
6590 3862
2938 3862
3207 3862
2004 3862
7558 3862
5435 3862
4137 3862
1460 3862
3166 3862
3868 3862
1133 3863
2885 3863
6201 3863
3143 3863
3059 3863
6206 3863
3182 3863
4307 3863
3833 3863
1339 3863
3609 3863
3513 3863
5583 3863
2529 3863
8249 3863
6377 3863
4458 3863
2301 3864
4615 3864
5150 3864
4283 3864
4012 3864
2389 3864
2638 3864
4357 3864
1956 3864
5063 3864
3652 3864
4858 3864
8133 3864
1732 3864
1193 3864
5854 3864
6772 3865
6630 3865
175 3865
5314 3865
6134 3865
1727 3865
4986 3865
7378 3865
1192 3865
2148 3865
7291 3865
7535 3865
7132 3865
1685 3865
3791 3866
7997 3866
6309 3866
8010 3866
3866 3866
6465 3866
1098 3866
5837 3866
4059 3866
5596 3866
2915 3866
350 3866
6741 3866
2349 3866
4772 3866
2841 3866
5803 3866
8007 3867
1494 3867
7788 3867
7009 3867
7209 3867
3237 3867
7152 3867
4441 3867
8291 3867
6321 3867
4718 3867
7705 3867
714 3867
5420 3867
2649 3867
3074 3867
1580 3867
8166 3868
1609 3868
7692 3868
5103 3868
7293 3868
512 3868
2160 3868
6079 3868
6262 3868
4441 3868
2206 3868
1498 3868
7606 3868
6106 3868
7176 3868
68 3868
825 3868
3238 3868
3500 3868
6761 3868
1486 3869
4765 3869
4622 3869
4088 3869
78 3869
4841 3869
1079 3869
5852 3869
7027 3869
1537 3869
3955 3869
4137 3869
5663 3869
2268 3869
2130 3870
3786 3870
8175 3870
7427 3870
4830 3870
6563 3870
1538 3870
11 3870
6305 3870
4360 3870
1189 3870
5062 3870
3144 3870
7869 3871
1336 3871
608 3871
2148 3871
308 3871
3736 3871
4174 3871
5188 3871
6940 3871
392 3871
6288 3871
1451 3871
8135 3871
1526 3871
276 3871
3371 3871
6226 3871
5068 3871
4450 3871
5169 3871
8 3871
1323 3871
4995 3871
8098 3871
2911 3872
7161 3872
7465 3872
619 3872
283 3872
6505 3872
5940 3872
4180 3872
2775 3872
5050 3872
1253 3872
6421 3873
2242 3873
894 3873
2508 3873
2723 3873
4143 3873
5154 3873
6191 3873
5755 3873
7873 3873
1645 3873
806 3873
6449 3873
1378 3873
4712 3873
6400 3873
1764 3874
4010 3874
6986 3874
513 3874
1748 3874
207 3874
2384 3874
4983 3874
536 3874
3180 3874
498 3875
481 3875
187 3875
5701 3875
4289 3875
2018 3875
4677 3875
3585 3875
2659 3875
6538 3875
5428 3875
1303 3875
3639 3875
5683 3875
1139 3875
1186 3875
2245 3875
3209 3875
344 3875
873 3875
3736 3875
4072 3876
2245 3876
2240 3876
4453 3876
6433 3876
3060 3876
5777 3876
452 3876
6497 3876
6696 3876
3739 3877
3290 3877
3550 3877
2858 3877
5314 3877
7428 3877
4195 3877
2531 3877
623 3877
1805 3877
2333 3877
2583 3877
3453 3877
2716 3877
4836 3877
3080 3878
4879 3878
2790 3878
5807 3878
4232 3878
1654 3878
3651 3878
2090 3878
6746 3878
2261 3878
1663 3878
7906 3878
4902 3878
3207 3878
1003 3878
5641 3878
5958 3878
7078 3878
3864 3878
6332 3879
2925 3879
2665 3879
8254 3879
3466 3879
6783 3879
5549 3879
5358 3879
1313 3879
3460 3879
1625 3879
6966 3879
7890 3879
8238 3879
504 3879
2443 3879
7103 3879
783 3879
7933 3880
4983 3880
1680 3880
703 3880
4998 3880
884 3880
2659 3880
6748 3880
1599 3880
4566 3880
3859 3881
1058 3881
590 3881
4316 3881
6768 3881
4453 3881
391 3881
5621 3881
7040 3881
7583 3881
7365 3881
496 3881
6210 3881
367 3881
6708 3881
5716 3881
5776 3881
4669 3881
4217 3881
2480 3881
6719 3882
6919 3882
5463 3882
502 3882
6899 3882
4093 3882
7203 3882
7550 3882
7832 3882
2629 3882
2100 3882
3227 3882
7591 3882
7123 3882
5645 3882
2448 3882
1112 3882
4498 3882
2387 3882
7863 3882
7145 3882
1484 3882
3723 3882
3916 3882
7382 3883
1887 3883
6629 3883
1823 3883
1701 3883
5499 3883
4930 3883
6421 3883
6223 3883
1949 3883
2161 3883
7478 3883
5585 3883
4136 3883
6775 3883
3753 3884
1045 3884
7412 3884
5177 3884
7940 3884
8171 3884
6279 3884
8297 3884
6514 3884
2334 3884
1647 3884
2279 3884
4542 3884
3166 3884
6722 3884
7129 3885
7725 3885
3565 3885
953 3885
1844 3885
2868 3885
7607 3885
2604 3885
7912 3885
2949 3885
1648 3885
6690 3885
833 3885
7119 3886
4596 3886
1520 3886
7466 3886
4604 3886
7781 3886
3644 3886
5526 3886
7819 3886
438 3886
2929 3886
7603 3886
3949 3886
2325 3886
2643 3886
4579 3886
221 3886
7553 3887
228 3887
6675 3887
5387 3887
8074 3887
6541 3887
722 3887
6412 3887
7424 3887
6286 3887
4584 3887
3667 3887
1144 3887
4237 3887
5710 3887
3688 3888
6772 3888
7282 3888
8174 3888
1482 3888
6506 3888
1821 3888
2399 3888
5884 3888
4181 3888
4884 3888
525 3888
5236 3888
3539 3888
1703 3888
855 3888
3380 3888
3077 3889
1685 3889
5279 3889
6230 3889
2254 3889
5783 3889
3567 3889
5162 3889
1293 3889
770 3889
3165 3889
742 3889
2257 3889
3117 3889
5888 3889
7070 3889
331 3889
1356 3889
7307 3890
2352 3890
6246 3890
6680 3890
520 3890
1281 3890
6169 3890
3233 3890
7742 3890
3041 3890
8029 3890
6772 3890
2990 3890
63 3890
4340 3890
7464 3890
3371 3890
5214 3890
2778 3891
1272 3891
4715 3891
3566 3891
3606 3891
3914 3891
4072 3891
2346 3891
1216 3891
1781 3891
6632 3891
6014 3891
2222 3891
7196 3891
4412 3891
3312 3891
6510 3891
3623 3891
5708 3891
1828 3891
3793 3891
613 3891
3074 3892
6373 3892
4826 3892
7284 3892
3825 3892
1189 3892
3477 3892
7405 3892
6744 3892
5009 3892
2931 3892
7071 3892
6610 3892
8187 3892
5494 3892
582 3892
403 3892
3787 3893
5245 3893
431 3893
7720 3893
7172 3893
1352 3893
5528 3893
3912 3893
2718 3893
2494 3893
2123 3893
5125 3893
7992 3893
2854 3894
642 3894
4798 3894
5026 3894
16 3894
786 3894
3250 3894
7113 3894
1326 3894
7896 3894
3470 3894
3586 3894
2077 3894
2392 3894
4403 3894
7213 3895
6916 3895
6909 3895
6186 3895
6413 3895
6502 3895
5924 3895
2800 3895
2653 3895
2471 3895
2171 3895
6729 3895
5734 3895
3586 3895
3171 3896
4327 3896
1273 3896
896 3896
5387 3896
7037 3896
8193 3896
836 3896
4151 3896
1634 3896
7990 3896
226 3897
5259 3897
7589 3897
1600 3897
5675 3897
8230 3897
3432 3897
1895 3897
6496 3897
522 3897
7293 3897
4776 3897
2122 3897
7990 3897
5533 3897
5805 3897
4675 3897
1348 3898
5819 3898
6459 3898
5333 3898
5160 3898
4885 3898
1867 3898
1886 3898
3543 3898
7315 3898
1362 3898
5258 3898
992 3898
1042 3898
2709 3898
722 3898
7596 3899
623 3899
7224 3899
5451 3899
2522 3899
5131 3899
3612 3899
4439 3899
4848 3899
3903 3899
2085 3899
6905 3899
1792 3899
1672 3899
5248 3899
883 3900
2479 3900
68 3900
3472 3900
7430 3900
322 3900
4920 3900
5481 3900
7624 3900
3086 3900
1144 3900
499 3900
2375 3900
2507 3900
8169 3900
2740 3901
4156 3901
6076 3901
2429 3901
4430 3901
1194 3901
3766 3901
7639 3901
3649 3901
1574 3901
3252 3901
3090 3901
8290 3901
3902 3902
1561 3902
3406 3902
3776 3902
1229 3902
2879 3902
4989 3902
3750 3902
1580 3902
6277 3902
8296 3902
5464 3902
5342 3902
293 3902
6890 3902
6753 3902
6733 3902
2755 3902
2302 3902
7429 3903
7367 3903
7599 3903
8080 3903
4825 3903
6840 3903
3790 3903
7040 3903
1120 3903
5215 3903
3883 3903
3748 3903
1903 3903
2006 3903
8106 3903
444 3903
7603 3904
3453 3904
7473 3904
3938 3904
7697 3904
513 3904
4512 3904
7138 3904
27 3904
2119 3904
635 3904
7251 3904
2726 3904
7512 3904
3725 3904
1376 3904
4203 3904
5872 3904
7867 3904
5868 3905
6679 3905
8077 3905
5157 3905
4676 3905
3405 3905
2758 3905
1724 3905
5514 3905
5815 3905
5620 3905
6973 3905
5532 3905
2890 3905
5058 3905
345 3905
7186 3905
745 3905
5564 3905
7038 3905
3029 3905
6440 3906
8137 3906
7263 3906
697 3906
4889 3906
2626 3906
6066 3906
4090 3906
7248 3906
253 3906
5742 3906
7115 3906
2865 3906
1728 3906
4234 3906
4587 3906
647 3907
224 3907
7646 3907
8160 3907
6784 3907
1086 3907
5777 3907
6319 3907
7352 3907
5770 3907
183 3907
7229 3907
3126 3907
5799 3907
1029 3908
1406 3908
4203 3908
7341 3908
2585 3908
1231 3908
4715 3908
1454 3908
5787 3908
1691 3908
3 3908
7132 3908
4049 3908
3005 3908
2165 3908
2108 3908
7155 3908
7937 3908
6706 3908
4748 3908
963 3908
1552 3908
4989 3909
6719 3909
1709 3909
3153 3909
3382 3909
4235 3909
6506 3909
1882 3909
904 3909
8034 3909
1987 3909
2118 3909
6483 3909
52 3909
5333 3909
285 3909
3174 3909
6832 3909
3037 3909
6607 3910
1867 3910
976 3910
5183 3910
6511 3910
5409 3910
6358 3910
5850 3910
5592 3910
5142 3910
2726 3910
7320 3911
1381 3911
4712 3911
1501 3911
1207 3911
5539 3911
2403 3911
7060 3911
4464 3911
6165 3911
624 3911
633 3911
2632 3911
5125 3911
391 3911
3176 3911
232 3911
6366 3911
5775 3911
500 3911
5061 3911
2472 3912
4191 3912
6718 3912
3543 3912
7863 3912
7749 3912
2173 3912
5619 3912
3740 3912
7665 3912
8265 3912
614 3912
3073 3912
3811 3912
1657 3912
1235 3912
4050 3912
5522 3912
2720 3912
6757 3912
7535 3912
5771 3912
4464 3913
3590 3913
6519 3913
1634 3913
1344 3913
2788 3913
6940 3913
4609 3913
7322 3913
4433 3913
1297 3913
1174 3913
3488 3913
2754 3913
3421 3914
5477 3914
2652 3914
6816 3914
3859 3914
4839 3914
2868 3914
8289 3914
6805 3914
322 3914
1991 3914
3280 3914
3119 3914
5299 3915
4734 3915
1681 3915
7352 3915
4853 3915
4857 3915
7769 3915
8272 3915
4653 3915
21 3915
2487 3915
6552 3915
965 3915
1734 3915
6123 3915
3370 3915
5042 3915
5189 3915
7136 3915
3075 3915
1797 3916
5732 3916
6000 3916
5042 3916
60 3916
6895 3916
7605 3916
2643 3916
5816 3916
2411 3916
920 3916
649 3916
4877 3916
5801 3916
3009 3916
7206 3916
7738 3916
7086 3916
6011 3917
7583 3917
7509 3917
1568 3917
4123 3917
2479 3917
5704 3917
1631 3917
2637 3917
885 3917
3768 3917
1719 3917
1609 3917
1070 3917
7797 3917
4876 3917
3209 3917
3345 3917
561 3918
7432 3918
8090 3918
969 3918
6982 3918
5469 3918
347 3918
6447 3918
5352 3918
1162 3918
3989 3918
4030 3918
2555 3918
3300 3918
7515 3918
4388 3919
5379 3919
5286 3919
2006 3919
6364 3919
33 3919
3778 3919
2735 3919
6033 3919
2047 3919
7946 3919
828 3919
3636 3920
5576 3920
1604 3920
121 3920
1528 3920
8245 3920
2507 3920
5335 3920
2421 3920
8174 3920
8267 3920
5262 3921
1413 3921
3082 3921
7344 3921
925 3921
6566 3921
7460 3921
6898 3921
2018 3921
5761 3921
6708 3921
7291 3921
1716 3921
5714 3921
5451 3921
6951 3921
4664 3921
6208 3921
5712 3921
253 3921
3916 3921
3670 3921
2844 3921
1219 3921
748 3921
6575 3922
4325 3922
5158 3922
3752 3922
5201 3922
7682 3922
7822 3922
2294 3922
7928 3922
2173 3922
165 3922
504 3922
2611 3922
2151 3922
6842 3922
4197 3922
8054 3922
3923 3923
5543 3923
5532 3923
3464 3923
5491 3923
1069 3923
7383 3923
4640 3923
5411 3923
5470 3923
367 3923
5387 3923
7082 3923
2629 3923
7714 3923
7713 3923
7460 3923
4439 3923
7097 3924
4138 3924
4595 3924
4948 3924
966 3924
7460 3924
8089 3924
8129 3924
1352 3924
8280 3924
2867 3924
2207 3924
2636 3924
878 3924
5819 3924
7907 3924
3177 3924
739 3924
7765 3925
4397 3925
1364 3925
6400 3925
2395 3925
1923 3925
3914 3925
2658 3925
7435 3925
5523 3925
170 3925
2321 3925
4196 3925
6716 3925
21 3925
494 3925
6231 3925
4890 3925
7831 3925
4185 3926
4730 3926
5810 3926
8033 3926
1806 3926
7426 3926
665 3926
6014 3926
3608 3926
6966 3926
4263 3926
891 3926
1620 3927
2791 3927
2425 3927
1378 3927
5555 3927
8285 3927
5842 3927
5784 3927
288 3927
518 3927
2351 3927
6242 3927
4743 3927
3050 3927
3737 3927
6427 3927
2267 3927
7379 3928
3936 3928
1175 3928
5884 3928
1263 3928
4490 3928
5978 3928
5853 3928
4182 3928
532 3928
7866 3928
5201 3928
5685 3928
3028 3928
5758 3928
3488 3928
5005 3928
2037 3928
5809 3928
4494 3928
1701 3929
5776 3929
5666 3929
3468 3929
982 3929
1675 3929
7951 3929
4839 3929
6466 3929
2833 3929
5524 3929
3564 3929
3124 3929
7607 3929
856 3929
7802 3930
3422 3930
5116 3930
992 3930
5815 3930
5288 3930
153 3930
7287 3930
5006 3930
1071 3930
5057 3930
2891 3930
7246 3930
783 3930
2784 3930
3674 3930
7720 3930
7997 3930
5719 3930
295 3930
2070 3930
6950 3930
7630 3930
809 3931
6810 3931
8035 3931
5818 3931
773 3931
6440 3931
6575 3931
7236 3931
4899 3931
1461 3931
553 3931
1216 3931
7018 3931
1248 3931
7634 3931
3252 3931
6357 3931
7847 3931
7390 3932
3599 3932
6610 3932
7097 3932
5518 3932
4632 3932
2713 3932
873 3932
6209 3932
6055 3932
8206 3932
4309 3932
3548 3932
3692 3932
6496 3932
6664 3932
3581 3933
3126 3933
2445 3933
2186 3933
1673 3933
247 3933
2181 3933
4578 3933
715 3933
7066 3933
7036 3933
3698 3933
1999 3933
7650 3933
4654 3933
918 3933
6910 3933
1007 3933
7553 3933
1571 3933
8 3933
7861 3933
1794 3933
6832 3933
4534 3933
4533 3933
3872 3933
6068 3934
6249 3934
4807 3934
1749 3934
6104 3934
1730 3934
1814 3934
2960 3934
4657 3934
2116 3934
4050 3934
3107 3934
8219 3934
47 3934
3233 3934
3398 3934
8239 3934
483 3934
2475 3935
1464 3935
7396 3935
4262 3935
6893 3935
4088 3935
8190 3935
4093 3935
341 3935
7116 3935
1223 3935
179 3935
2941 3935
6622 3935
1419 3935
7097 3935
3143 3935
6183 3935
673 3935
2635 3935
1655 3935
7133 3936
5683 3936
4102 3936
10 3936
7602 3936
2607 3936
4409 3936
2843 3936
1763 3936
7601 3936
5396 3936
2915 3936
1578 3936
4698 3936
1568 3936
321 3936
5767 3936
2572 3936
4913 3937
8008 3937
6150 3937
6919 3937
6179 3937
1908 3937
4942 3937
7228 3937
6519 3937
1514 3937
1107 3937
5875 3937
2467 3937
4070 3937
5535 3937
6949 3937
3253 3937
8160 3937
3688 3937
3796 3938
4178 3938
7126 3938
5165 3938
2065 3938
3513 3938
7001 3938
1952 3938
8032 3938
6714 3938
2741 3938
4881 3938
2415 3938
3289 3939
2807 3939
6609 3939
469 3939
4660 3939
7850 3939
4968 3939
4534 3939
1478 3939
1781 3939
6704 3939
3717 3939
7344 3939
1031 3939
3148 3939
2040 3939
1238 3939
2763 3940
7603 3940
4753 3940
2030 3940
5130 3940
1516 3940
8132 3940
5501 3940
3371 3940
1300 3941
1003 3941
3856 3941
