2351 3941
2805 3941
3651 3941
4229 3941
519 3941
838 3941
7320 3941
2406 3941
8086 3941
5976 3941
8000 3941
225 3941
4000 3941
6594 3941
5590 3941
1717 3941
2081 3941
7008 3941
7290 3941
7173 3942
7116 3942
2565 3942
6511 3942
6090 3942
600 3942
318 3942
708 3942
588 3942
2399 3942
5061 3943
6468 3943
1134 3943
1060 3943
3582 3943
7856 3943
3152 3943
1843 3943
1432 3943
7833 3943
3370 3943
4042 3943
5464 3943
6446 3943
373 3943
8217 3943
6699 3944
7708 3944
5781 3944
7329 3944
1442 3944
4007 3944
8190 3944
4727 3944
6943 3945
6947 3945
6828 3945
5696 3945
5003 3945
7332 3945
4317 3945
2186 3945
5837 3945
202 3945
7203 3945
7070 3945
7319 3946
5121 3946
6421 3946
7756 3946
3840 3946
4000 3946
5543 3946
8100 3946
7731 3946
616 3946
1254 3946
540 3946
7120 3946
3947 3947
7146 3947
2135 3947
3760 3947
3458 3947
7951 3947
2365 3947
2433 3947
6447 3947
341 3947
2633 3947
809 3947
7630 3947
5330 3947
5860 3947
7752 3947
3550 3947
815 3947
7564 3947
5536 3947
3968 3947
3461 3947
7094 3947
5183 3947
951 3947
94 3947
821 3948
533 3948
7780 3948
6276 3948
5001 3948
5150 3948
3293 3948
3657 3948
935 3948
3904 3948
1300 3948
3767 3948
7802 3948
5985 3948
7669 3948
5602 3948
5254 3948
5506 3948
5225 3948
1299 3948
3950 3949
3676 3949
4815 3949
1641 3949
7670 3949
6330 3949
5297 3949
4467 3949
5621 3949
4003 3949
400 3949
6898 3949
6271 3949
4663 3949
1300 3949
8282 3949
2738 3949
3193 3950
3941 3950
321 3950
3169 3950
2209 3950
3940 3950
3784 3950
7265 3950
4825 3950
7488 3950
5038 3950
6880 3950
7262 3950
4014 3950
154 3950
515 3950
7228 3950
7197 3950
3951 3951
5980 3951
4349 3951
768 3951
3758 3951
6730 3951
1832 3951
1703 3951
5351 3951
3510 3951
3117 3951
7793 3951
575 3951
3119 3951
2621 3951
8267 3951
8135 3951
7378 3951
2812 3951
4632 3951
6193 3952
7284 3952
4717 3952
5182 3952
8123 3952
5987 3952
6549 3952
3498 3952
2676 3952
7974 3952
8157 3952
5429 3952
6839 3952
2599 3952
4376 3952
5475 3952
1614 3953
6025 3953
6686 3953
6395 3953
2938 3953
3102 3953
3971 3953
4647 3953
8193 3953
3671 3953
5830 3953
7738 3953
5265 3953
2516 3953
4491 3954
6221 3954
2780 3954
5239 3954
5716 3954
6235 3954
1656 3954
6749 3954
3869 3954
6320 3954
7227 3954
5031 3954
1724 3954
1698 3954
47 3954
6288 3954
552 3954
6178 3954
6798 3954
5387 3954
5551 3954
764 3955
4777 3955
7933 3955
3912 3955
4224 3955
5792 3955
8271 3955
5202 3955
5758 3955
3407 3955
3956 3956
3632 3956
3976 3956
1915 3956
2160 3956
158 3956
7108 3956
1973 3956
1125 3956
802 3956
3980 3956
39 3956
8192 3956
5621 3956
3957 3957
1360 3957
7464 3957
159 3957
2465 3957
3800 3957
3840 3957
5574 3957
4642 3957
337 3957
1275 3957
8290 3957
5352 3957
1713 3957
8037 3957
5150 3958
1548 3958
2273 3958
5785 3958
7518 3958
5674 3958
911 3958
3667 3958
4213 3958
6594 3958
4734 3958
1349 3958
6891 3958
7986 3958
6689 3958
7965 3958
2328 3959
3959 3959
5 3959
6621 3959
5694 3959
7146 3959
6567 3959
1248 3959
495 3959
3288 3959
1290 3959
5370 3959
3346 3959
497 3959
3333 3959
6474 3959
3339 3959
8239 3959
6626 3959
3739 3959
2694 3960
3028 3960
6209 3960
4198 3960
7869 3960
622 3960
4532 3960
2075 3960
5853 3960
3602 3960
598 3960
3496 3960
5867 3960
6831 3960
1293 3960
7675 3961
5384 3961
7437 3961
1766 3961
7392 3961
2362 3961
6531 3961
3575 3961
283 3961
3824 3961
6193 3961
1278 3961
277 3961
797 3961
6084 3961
4090 3961
4724 3961
2692 3962
7654 3962
5113 3962
853 3962
5825 3962
3679 3962
4206 3962
2957 3962
2153 3962
8133 3962
5918 3962
4351 3962
3120 3962
2182 3962
3992 3962
4031 3962
6474 3962
8081 3962
6509 3963
1648 3963
5429 3963
5333 3963
3462 3963
5743 3963
5379 3963
5409 3963
4017 3963
3612 3963
1055 3963
309 3963
3487 3963
2733 3963
6083 3964
4597 3964
6077 3964
5755 3964
2016 3964
8161 3964
1255 3964
6226 3964
6628 3964
7880 3964
2625 3964
6590 3964
3029 3964
5562 3964
3233 3964
6717 3964
5978 3964
2909 3964
8190 3964
6493 3964
3977 3964
3965 3965
7356 3965
5233 3965
1135 3965
7577 3965
7866 3965
7359 3965
3196 3965
8154 3965
6758 3965
3012 3965
3247 3965
6104 3965
5550 3965
1495 3965
712 3965
3871 3965
2693 3965
5344 3965
7308 3965
1449 3966
4651 3966
4244 3966
4356 3966
7076 3966
14 3966
7037 3966
2065 3966
7560 3966
5734 3966
2450 3966
5697 3966
6601 3966
1915 3966
6659 3966
1752 3966
7321 3966
2777 3966
6368 3966
1881 3966
5133 3966
717 3966
7213 3966
5053 3967
2917 3967
5459 3967
6549 3967
1810 3967
6972 3967
7356 3967
780 3967
5605 3967
2579 3967
6090 3967
6321 3968
6620 3968
1784 3968
3074 3968
7364 3968
4184 3968
1078 3968
23 3968
1551 3968
4086 3968
4488 3968
238 3968
1532 3968
1828 3968
7981 3968
3119 3968
2533 3968
7251 3969
4827 3969
716 3969
2572 3969
3461 3969
6731 3969
6289 3969
5447 3969
5625 3969
1691 3969
387 3969
540 3969
2835 3969
1220 3969
6437 3970
4125 3970
6502 3970
7236 3970
504 3970
6993 3970
1414 3970
1816 3970
4377 3970
1970 3970
292 3970
8005 3970
581 3970
590 3970
7129 3970
7253 3970
5761 3971
4217 3971
5297 3971
2426 3971
911 3971
5310 3971
579 3971
7009 3971
341 3971
3663 3971
737 3972
4997 3972
2646 3972
6216 3972
7287 3972
7074 3972
6894 3972
6580 3972
7233 3972
7345 3972
4144 3972
1861 3972
7976 3972
4380 3972
681 3972
7237 3972
5021 3972
8297 3972
5468 3973
2775 3973
7864 3973
4119 3973
6050 3973
487 3973
1459 3973
6495 3973
5663 3973
4646 3973
2849 3974
3021 3974
1015 3974
1204 3974
5112 3974
6238 3974
4509 3974
3518 3974
1278 3974
8015 3974
1894 3974
8009 3974
7933 3975
3475 3975
3654 3975
5286 3975
6986 3975
232 3975
5058 3975
6260 3975
7847 3975
231 3975
6789 3975
4121 3976
521 3976
2929 3976
6828 3976
8192 3976
3238 3976
7190 3976
4841 3976
5230 3976
1305 3976
4319 3976
1264 3976
1094 3976
6547 3977
4612 3977
4901 3977
2151 3977
4366 3977
6688 3977
764 3977
257 3977
4268 3977
7189 3977
2694 3977
3960 3978
4291 3978
6276 3978
5825 3978
4850 3978
5296 3978
5596 3978
1475 3978
6580 3978
773 3978
4502 3978
6611 3978
7204 3978
7343 3978
5640 3978
5815 3978
7678 3978
7540 3979
5322 3979
6900 3979
2084 3979
1391 3979
296 3979
4793 3979
5563 3979
3498 3979
1780 3979
7433 3979
4161 3979
7391 3979
3696 3979
2630 3980
225 3980
5867 3980
1834 3980
1058 3980
4377 3980
5150 3980
3704 3980
7287 3980
4794 3980
2109 3980
5964 3980
2103 3980
3016 3980
6241 3980
4972 3980
5549 3980
895 3980
4949 3980
6083 3980
4413 3981
5254 3981
6680 3981
3329 3981
7497 3981
1583 3981
8261 3981
543 3981
815 3981
2113 3981
144 3981
7539 3981
7970 3981
2010 3981
3919 3981
6932 3981
3837 3981
1253 3981
3461 3981
8295 3981
6755 3981
8086 3981
2269 3981
2837 3981
306 3981
1219 3981
3263 3981
486 3982
2749 3982
6173 3982
434 3982
6809 3982
5974 3982
5279 3982
4638 3982
6314 3982
4949 3982
2197 3982
7460 3982
2120 3982
1057 3982
2383 3982
2306 3983
4308 3983
5987 3983
5125 3983
3079 3983
2202 3983
427 3983
1542 3983
5159 3983
5453 3983
3249 3983
6761 3983
5432 3983
3002 3983
5087 3983
2301 3983
3409 3983
1025 3983
2653 3984
987 3984
5288 3984
283 3984
5358 3984
1952 3984
1593 3984
2436 3984
6513 3984
2451 3984
6443 3984
7078 3984
4872 3984
3152 3984
7695 3984
4446 3984
2932 3984
7251 3984
8072 3985
824 3985
5723 3985
6330 3985
4481 3985
604 3985
6294 3985
4948 3985
3294 3985
4899 3985
7028 3985
1643 3985
5730 3985
7571 3985
7916 3985
6505 3985
4594 3985
3706 3985
616 3985
613 3986
3824 3986
3667 3986
6056 3986
3426 3986
4900 3986
3933 3986
4183 3986
6065 3986
1712 3986
1184 3987
3858 3987
1744 3987
6837 3987
2287 3987
2345 3987
1882 3987
7940 3987
1159 3987
6681 3987
4353 3987
4109 3987
8244 3987
2596 3987
5861 3987
3044 3987
7231 3987
1681 3987
7889 3987
993 3987
6350 3987
5514 3988
2164 3988
2248 3988
7137 3988
797 3988
1080 3988
1490 3988
2105 3988
6090 3988
4360 3988
7081 3988
2704 3988
2227 3988
4800 3988
1494 3988
4811 3988
2271 3988
4387 3989
6898 3989
7113 3989
2631 3989
440 3989
739 3989
5283 3989
2905 3989
4228 3989
894 3989
3229 3989
449 3989
4597 3989
6468 3989
516 3989
2051 3989
4182 3989
6430 3989
7412 3990
134 3990
1516 3990
990 3990
5405 3990
6905 3990
8195 3990
2930 3990
5421 3990
4954 3990
3888 3990
3798 3990
4743 3990
3732 3991
7650 3991
3800 3991
1604 3991
5150 3991
4308 3991
238 3991
1066 3991
3295 3991
8046 3991
7942 3991
112 3991
5675 3991
1989 3991
4610 3991
2941 3992
1145 3992
3646 3992
7050 3992
7384 3992
5753 3992
8025 3992
3499 3992
2938 3992
6656 3992
5358 3992
3793 3992
1086 3992
1246 3992
6734 3992
6575 3992
3740 3992
5286 3992
5326 3992
3993 3993
6413 3993
7695 3993
1263 3993
5450 3993
7632 3993
2641 3993
1371 3993
2563 3993
7196 3993
4708 3993
3906 3993
2470 3994
3089 3994
7321 3994
773 3994
6334 3994
4283 3994
2580 3994
140 3994
4844 3994
1856 3994
3599 3994
7863 3994
433 3994
205 3994
566 3994
2030 3994
5560 3995
6979 3995
8034 3995
2276 3995
6757 3995
1135 3995
1429 3995
5563 3995
4380 3995
1620 3995
4976 3995
1962 3995
2895 3995
4336 3995
4638 3995
95 3995
3141 3995
3967 3995
6969 3995
4476 3995
4797 3996
4808 3996
590 3996
6477 3996
5647 3996
893 3996
3157 3996
3307 3996
7681 3996
3183 3996
534 3996
3237 3996
1757 3996
5464 3996
1340 3996
3998 3996
6179 3996
3254 3996
2925 3997
7535 3997
2872 3997
3871 3997
7781 3997
4566 3997
164 3997
4237 3997
2010 3997
3039 3997
7464 3997
6039 3997
6187 3997
2542 3997
276 3997
2709 3997
7284 3997
1246 3997
993 3998
3673 3998
4536 3998
5134 3998
3523 3998
7291 3998
3038 3998
7000 3998
6627 3998
4895 3998
524 3999
4998 3999
6364 3999
3232 3999
6686 3999
5652 3999
1388 3999
4206 3999
1979 3999
2945 3999
4837 3999
4840 3999
3037 3999
3029 3999
7597 3999
3674 3999
590 3999
4943 3999
8178 3999
7644 3999
4294 4000
3342 4000
1652 4000
3502 4000
3628 4000
391 4000
1063 4000
4997 4000
2855 4000
7475 4000
6271 4000
6163 4000
4036 4000
1217 4000
6114 4001
5498 4001
5282 4001
4269 4001
3946 4001
7841 4001
5941 4001
8260 4001
4382 4001
4407 4001
2921 4001
322 4001
1124 4001
6905 4001
4355 4001
7009 4001
5924 4001
7281 4002
4563 4002
2912 4002
8153 4002
779 4002
4592 4002
2861 4002
6811 4002
4716 4002
2362 4002
4533 4002
6059 4002
1865 4002
4673 4003
782 4003
5959 4003
5031 4003
3290 4003
5195 4003
3742 4003
8165 4003
4271 4003
4251 4003
6601 4003
2313 4003
5238 4003
4738 4003
6588 4003
5951 4003
5704 4003
4384 4003
2555 4003
497 4003
7138 4003
270 4003
793 4003
2215 4003
3092 4003
5710 4003
4377 4003
7565 4003
3880 4004
6970 4004
950 4004
7765 4004
5113 4004
2945 4004
7369 4004
8139 4004
5482 4004
6519 4004
316 4004
7329 4004
5010 4004
2973 4004
3900 4004
2346 4004
1716 4004
2778 4004
3127 4004
5338 4005
7953 4005
5691 4005
5278 4005
668 4005
50 4005
4292 4005
2557 4005
4867 4005
1973 4005
6254 4005
2019 4005
622 4005
3857 4005
7133 4005
5722 4005
7036 4005
4801 4006
6340 4006
7535 4006
5152 4006
1185 4006
2285 4006
1392 4006
3759 4006
1708 4006
4440 4006
4908 4006
7849 4006
5141 4006
6512 4007
2187 4007
4668 4007
5758 4007
6051 4007
1116 4007
833 4007
6037 4007
6658 4007
4589 4007
4564 4007
2157 4007
4301 4008
6861 4008
6465 4008
5664 4008
5358 4008
3080 4008
5630 4008
1795 4008
7433 4008
987 4008
3129 4008
6775 4008
7082 4008
478 4008
7275 4008
3009 4008
6899 4008
2752 4008
1057 4008
8105 4008
4244 4009
6682 4009
689 4009
598 4009
829 4009
7742 4009
5497 4009
3370 4009
3895 4009
727 4009
5498 4009
2314 4009
2413 4009
966 4009
8086 4009
2314 4010
7119 4010
6435 4010
1953 4010
6578 4010
6285 4010
1483 4010
1184 4010
4137 4010
1653 4010
5744 4010
3031 4010
2580 4010
5236 4010
8253 4010
7423 4010
294 4010
2696 4011
4011 4011
7156 4011
6865 4011
1049 4011
5100 4011
1621 4011
7170 4011
3431 4011
999 4011
170 4011
5349 4011
893 4011
4717 4011
3549 4011
5576 4011
2974 4011
1534 4012
4879 4012
6743 4012
1819 4012
4144 4012
1213 4012
4105 4012
8264 4012
6269 4012
5315 4012
2325 4012
3782 4012
3306 4012
7745 4012
120 4012
402 4012
2115 4013
4175 4013
4024 4013
1315 4013
920 4013
622 4013
4228 4013
6776 4013
4441 4013
4710 4013
5696 4013
7963 4013
5832 4013
2393 4013
6700 4013
7467 4014
2744 4014
2130 4014
4715 4014
1487 4014
6731 4014
5544 4014
7856 4014
2175 4014
7456 4014
3782 4014
1462 4014
575 4014
8273 4014
224 4015
6690 4015
5207 4015
697 4015
2210 4015
7844 4015
6774 4015
6605 4015
8041 4015
8100 4015
5048 4015
2580 4015
3139 4015
1051 4015
293 4015
7788 4015
6241 4015
6054 4015
7889 4016
1054 4016
6200 4016
3525 4016
5530 4016
3226 4016
1781 4016
1769 4016
3916 4016
4406 4016
8129 4016
1569 4016
3370 4016
6321 4016
7479 4017
7552 4017
2257 4017
3032 4017
345 4017
4779 4017
4525 4017
79 4017
2198 4017
1771 4017
3721 4017
5142 4017
4909 4017
1835 4017
7356 4017
5872 4017
2394 4017
7725 4017
826 4018
4950 4018
5890 4018
5436 4018
660 4018
7238 4018
7864 4018
3801 4018
581 4018
5648 4018
6466 4018
6587 4018
5981 4018
4266 4018
3807 4018
474 4018
5919 4018
888 4019
6540 4019
3990 4019
4343 4019
1912 4019
6683 4019
5190 4019
98 4019
1744 4019
5679 4019
2654 4019
3406 4019
5446 4019
4478 4019
5055 4019
5758 4019
7509 4019
802 4019
2530 4019
1118 4019
1174 4019
8074 4019
7572 4019
3889 4019
803 4019
2175 4019
4735 4020
3214 4020
7935 4020
2898 4020
4595 4020
120 4020
2934 4020
3971 4020
7437 4020
7511 4020
4883 4020
2397 4020
5566 4020
1957 4020
3935 4020
4526 4020
1604 4020
5282 4020
7059 4020
1061 4020
2404 4021
7427 4021
2240 4021
6031 4021
6335 4021
2456 4021
5758 4021
5836 4021
2898 4021
5951 4022
2645 4022
2795 4022
2424 4022
6531 4022
4672 4022
4194 4022
836 4022
5959 4022
913 4022
6007 4022
7910 4022
5686 4022
2595 4022
790 4022
2047 4022
3264 4022
1895 4022
7835 4022
2420 4022
6936 4023
6118 4023
1989 4023
1203 4023
938 4023
632 4023
4084 4023
7071 4023
1230 4023
8252 4023
7079 4023
7401 4023
5938 4023
4585 4023
6280 4024
7366 4024
4617 4024
2533 4024
97 4024
3663 4024
6805 4024
3260 4024
6133 4024
7535 4024
6191 4024
5216 4024
645 4024
4965 4024
4442 4025
5443 4025
7788 4025
5744 4025
6744 4025
1344 4025
181 4025
3940 4025
1150 4025
649 4025
5652 4025
1758 4025
3409 4025
7543 4025
2555 4025
7629 4025
7126 4025
6063 4025
7415 4026
1438 4026
1002 4026
5338 4026
1230 4026
7841 4026
5163 4026
1821 4026
4660 4026
85 4026
1674 4026
1218 4026
2288 4026
2945 4027
5366 4027
7008 4027
7285 4027
1779 4027
3147 4027
4409 4027
6845 4027
4042 4027
4564 4027
3098 4027
449 4027
6261 4027
716 4027
7189 4027
204 4027
2054 4027
1181 4028
7366 4028
2530 4028
6841 4028
8291 4028
5459 4028
6435 4028
1420 4028
7740 4028
5224 4028
3802 4028
1747 4028
2512 4028
404 4028
4988 4028
2655 4029
5098 4029
5491 4029
4288 4029
1031 4029
898 4029
7228 4029
2515 4029
5666 4029
384 4029
6124 4029
3499 4029
4894 4029
2078 4029
4841 4029
3420 4030
6993 4030
3040 4030
4973 4030
6191 4030
3119 4030
3904 4030
1079 4030
4829 4030
4040 4030
4382 4030
7142 4030
8123 4030
4327 4030
1728 4030
997 4030
5018 4030
1939 4030
6404 4030
4349 4030
358 4030
664 4030
5217 4031
5444 4031
4051 4031
6696 4031
2910 4031
7800 4031
613 4031
7556 4031
990 4031
187 4032
213 4032
793 4032
6828 4032
1441 4032
3892 4032
272 4032
5222 4032
134 4032
1747 4032
7732 4032
2939 4032
3943 4032
5973 4032
4747 4032
2575 4032
5658 4032
178 4032
566 4032
3386 4032
1473 4032
7737 4032
4738 4032
5172 4032
4129 4033
2116 4033
7060 4033
3194 4033
4676 4033
5358 4033
6111 4033
1579 4033
3783 4033
4548 4033
8230 4033
4251 4033
1829 4033
1234 4033
4822 4033
2935 4033
820 4033
2386 4033
836 4033
1025 4033
6825 4034
4034 4034
6685 4034
2715 4034
7847 4034
6805 4034
2856 4034
5908 4034
4863 4034
5897 4034
404 4034
3492 4034
277 4034
2010 4034
2262 4035
7596 4035
2483 4035
6210 4035
1122 4035
1681 4035
4283 4035
7352 4035
1546 4035
7029 4035
673 4035
59 4035
4549 4035
6057 4035
6737 4035
3864 4035
6129 4035
3612 4035
609 4035
724 4036
8296 4036
6863 4036
6193 4036
39 4036
982 4036
1087 4036
4144 4036
2845 4036
7355 4036
2175 4036
1151 4036
3637 4036
1149 4037
90 4037
7432 4037
6687 4037
8045 4037
5315 4037
6358 4037
5951 4037
3205 4037
6230 4037
3474 4037
5867 4037
6751 4037
8197 4037
1575 4037
4775 4037
1322 4038
1192 4038
3897 4038
6877 4038
164 4038
419 4038
6371 4038
3784 4038
2290 4038
6226 4038
8249 4038
7369 4038
2905 4038
6959 4038
3732 4038
33 4039
3486 4039
4909 4039
3470 4039
6708 4039
3633 4039
768 4039
5212 4039
7491 4039
7832 4039
2953 4039
4988 4039
7061 4039
4233 4039
744 4039
3136 4039
1843 4040
3644 4040
6254 4040
2532 4040
5890 4040
6356 4040
6569 4040
4165 4040
4918 4040
5116 4040
7765 4041
2999 4041
925 4041
3497 4041
5184 4041
3071 4041
6033 4041
3107 4041
5465 4041
4272 4041
7745 4041
6744 4041
2572 4041
6117 4042
280 4042
4375 4042
61 4042
1357 4042
275 4042
3445 4042
3797 4042
5610 4042
7355 4042
4778 4042
6048 4042
5691 4042
1952 4042
6106 4042
148 4042
4043 4043
5598 4043
1129 4043
3747 4043
4584 4043
7228 4043
176 4043
6559 4043
2540 4043
3851 4043
1796 4043
195 4043
897 4043
3582 4043
7943 4043
7648 4043
738 4043
2731 4043
2567 4043
519 4043
6475 4044
6629 4044
3882 4044
3345 4044
6063 4044
995 4044
3295 4044
8263 4044
6165 4044
598 4044
4329 4045
5334 4045
7225 4045
3277 4045
5347 4045
4889 4045
2299 4045
2009 4045
5139 4045
337 4045
4216 4045
7008 4045
2773 4045
3771 4045
5981 4045
5109 4045
274 4045
5743 4046
7126 4046
2403 4046
2370 4046
3763 4046
1745 4046
7576 4046
6899 4046
1118 4046
5947 4046
7887 4046
1454 4046
4887 4046
7902 4046
5436 4046
3462 4046
3143 4047
6243 4047
3516 4047
2912 4047
4769 4047
3905 4047
3811 4047
4379 4047
2563 4047
4138 4047
7201 4047
3631 4047
1731 4047
5836 4047
4505 4047
1861 4047
738 4047
3742 4047
7911 4047
4899 4048
7568 4048
5254 4048
8026 4048
208 4048
4528 4048
3474 4048
4919 4048
4225 4048
6880 4048
3649 4048
6280 4048
450 4048
7651 4048
6923 4048
592 4048
3367 4048
7332 4049
7333 4049
2816 4049
5987 4049
7083 4049
4948 4049
1113 4049
770 4049
3269 4049
5920 4049
3172 4049
1440 4049
2523 4049
1233 4049
1691 4049
7831 4049
1459 4049
4392 4049
6260 4050
5297 4050
5109 4050
5155 4050
887 4050
7708 4050
1081 4050
3814 4050
4071 4050
5773 4050
8087 4050
3232 4050
3413 4050
6332 4050
3179 4050
7967 4050
5141 4050
5101 4051
5348 4051
119 4051
4368 4051
2325 4051
1609 4051
2754 4051
8286 4051
7323 4051
5209 4052
3499 4052
4586 4052
6487 4052
949 4052
953 4052
2551 4052
498 4052
8005 4052
7546 4052
7277 4052
4203 4052
814 4052
3380 4052
3967 4052
7144 4052
5303 4053
3950 4053
1559 4053
2538 4053
7480 4053
6643 4053
6900 4053
185 4053
747 4053
3073 4053
705 4053
960 4053
3823 4053
5114 4054
7611 4054
1333 4054
1903 4054
4188 4054
7197 4054
187 4054
1583 4054
7524 4054
164 4054
984 4054
1128 4054
5063 4054
4041 4054
1657 4054
402 4054
3577 4054
919 4054
4258 4054
6979 4054
1049 4054
7732 4054
7591 4054
2877 4054
6722 4055
4286 4055
9 4055
7708 4055
2728 4055
8279 4055
956 4055
7300 4055
5785 4055
5087 4055
1370 4055
1238 4055
1462 4055
5715 4055
2001 4055
2984 4055
1895 4056
619 4056
6733 4056
2998 4056
6158 4056
4961 4056
5394 4056
2212 4056
3180 4056
4101 4056
8245 4056
2362 4056
3171 4056
4718 4056
2471 4056
137 4056
5005 4056
3127 4056
7606 4056
3988 4056
6610 4056
6820 4057
6579 4057
7310 4057
3676 4057
7691 4057
7078 4057
4936 4057
405 4057
4744 4057
3039 4057
8269 4057
2538 4057
4902 4057
5536 4057
1257 4057
250 4057
1601 4057
7744 4057
5919 4057
3454 4058
4265 4058
1967 4058
5771 4058
4121 4058
1095 4058
1553 4058
6065 4058
4759 4058
5388 4058
1132 4058
1035 4058
4744 4058
3352 4058
4125 4058
7665 4058
1073 4058
2579 4059
1089 4059
5826 4059
8176 4059
6425 4059
266 4059
2680 4059
7958 4059
3955 4059
5896 4059
8244 4059
7844 4059
1572 4059
1762 4059
7456 4059
6495 4059
641 4059
3300 4059
5658 4059
2409 4059
2004 4059
161 4060
5495 4060
1758 4060
7775 4060
6053 4060
4325 4060
7252 4060
5370 4060
2276 4060
3995 4060
1767 4060
5957 4060
5649 4061
7588 4061
7399 4061
444 4061
5822 4061
1589 4061
6693 4061
2123 4061
8187 4061
4607 4061
1360 4061
4386 4061
4672 4061
3572 4061
7148 4061
5574 4061
7864 4061
7854 4061
3615 4061
6839 4061
6026 4061
3124 4061
6239 4061
2594 4061
3517 4062
8024 4062
3741 4062
2071 4062
7092 4062
7687 4062
4454 4062
5787 4062
192 4062
1906 4062
525 4062
773 4062
4481 4062
6675 4062
121 4062
6235 4062
1094 4062
4534 4062
966 4062
7058 4062
4730 4062
