1020 4063
3170 4063
682 4063
3544 4063
7443 4063
8171 4063
3825 4063
3940 4063
1952 4063
40 4063
7097 4064
4829 4064
6177 4064
2067 4064
6314 4064
7048 4064
71 4064
3093 4064
898 4064
2281 4064
2352 4064
7258 4064
5592 4064
2394 4064
8269 4064
2034 4064
2269 4064
6260 4065
6573 4065
4741 4065
7394 4065
2536 4065
7238 4065
8241 4065
2906 4065
3858 4065
4658 4065
3400 4065
2752 4066
6849 4066
274 4066
6019 4066
3182 4066
550 4066
598 4066
2051 4066
4060 4066
6810 4066
1337 4066
3794 4066
2676 4066
5804 4066
1892 4067
1550 4067
3101 4067
2583 4067
3929 4067
1036 4067
7859 4067
524 4067
5536 4067
1478 4067
2502 4067
6168 4067
6798 4067
7504 4068
305 4068
1562 4068
1924 4068
3431 4068
7122 4068
6451 4068
2725 4068
5263 4068
2658 4068
2099 4068
64 4068
4748 4068
6364 4068
6796 4068
2168 4068
6760 4068
2081 4068
483 4068
6662 4068
347 4068
7294 4068
4025 4068
1968 4068
3096 4068
1242 4069
779 4069
6953 4069
2556 4069
5798 4069
2938 4069
7813 4069
919 4069
7892 4069
3400 4069
1060 4070
404 4070
511 4070
8017 4070
1690 4070
8178 4070
7588 4070
749 4070
3458 4070
1027 4070
1681 4070
8074 4070
8079 4070
2942 4070
535 4070
3235 4070
486 4070
2920 4070
2868 4070
7340 4070
705 4070
98 4070
4789 4071
7778 4071
7070 4071
527 4071
1825 4071
3451 4071
425 4071
865 4071
1552 4071
4369 4071
5158 4071
7108 4071
2215 4071
6212 4072
424 4072
4788 4072
3378 4072
1161 4072
7030 4072
7228 4072
8077 4072
5959 4072
869 4072
3050 4072
6095 4072
3419 4072
3972 4072
4790 4072
2746 4072
7155 4072
1061 4072
4117 4073
2459 4073
2445 4073
1144 4073
2835 4073
7560 4073
6008 4073
2543 4073
8127 4073
3550 4073
4665 4073
4775 4073
3252 4073
6631 4073
3034 4073
6616 4073
6953 4073
7776 4073
5554 4073
5446 4074
4926 4074
1128 4074
7209 4074
7578 4074
434 4074
192 4074
3527 4074
7894 4074
7133 4074
7013 4074
1908 4074
2247 4074
6156 4074
2088 4074
5599 4074
195 4074
5894 4075
6932 4075
2758 4075
527 4075
4919 4075
2409 4075
398 4075
3249 4075
5096 4075
6811 4075
5166 4075
97 4075
8272 4075
5622 4075
4528 4075
21 4075
3615 4075
4950 4075
7307 4075
7588 4075
172 4075
3636 4075
5690 4075
1374 4075
6748 4075
2126 4075
376 4076
2267 4076
5761 4076
4122 4076
6615 4076
1275 4076
7748 4076
6167 4076
1349 4076
371 4076
1295 4076
5526 4076
118 4076
3738 4076
1808 4076
3756 4077
3071 4077
5745 4077
1235 4077
6849 4077
2994 4077
3414 4077
6494 4077
7415 4077
2108 4077
240 4077
5450 4077
5017 4077
1931 4078
7850 4078
6171 4078
2938 4078
8048 4078
6279 4078
5213 4078
6514 4078
4840 4078
3738 4078
3760 4078
1291 4078
2061 4078
2649 4078
4506 4078
4646 4078
716 4078
1685 4078
3863 4079
7831 4079
4927 4079
4909 4079
3786 4079
2474 4079
5487 4079
7959 4079
425 4079
864 4079
6468 4079
2200 4079
5264 4079
5009 4079
1803 4079
1835 4079
4897 4079
942 4079
3144 4079
3869 4080
5526 4080
3892 4080
3289 4080
2404 4080
2400 4080
4516 4080
4611 4080
1523 4080
4461 4080
7854 4080
3595 4080
3104 4080
2321 4080
6103 4080
3465 4080
6985 4080
5539 4080
8009 4080
6150 4080
1087 4080
7300 4080
6071 4081
730 4081
249 4081
2329 4081
1193 4081
4316 4081
3525 4081
697 4081
2188 4081
3193 4081
3700 4081
4603 4081
186 4081
3982 4081
3872 4081
2150 4081
656 4081
1664 4082
4841 4082
156 4082
5341 4082
703 4082
6073 4082
365 4082
7120 4082
4963 4082
521 4082
1490 4082
7778 4082
3523 4082
1887 4082
5329 4082
2986 4082
270 4082
8106 4083
6237 4083
4509 4083
5274 4083
6626 4083
3675 4083
5239 4083
3409 4083
2282 4083
7167 4083
1900 4083
853 4083
5063 4083
6579 4083
481 4083
2333 4084
7607 4084
1558 4084
2924 4084
357 4084
1524 4084
2065 4084
7084 4084
2912 4084
3080 4084
3296 4084
2608 4084
3304 4084
1985 4084
6681 4084
2409 4084
2182 4084
2621 4084
5459 4084
4188 4084
362 4084
6029 4084
2345 4084
6506 4084
5628 4084
5357 4085
7310 4085
2837 4085
4772 4085
7206 4085
6241 4085
7152 4085
7608 4085
8059 4085
6580 4085
6344 4085
5384 4085
6295 4085
1419 4085
3782 4085
7468 4085
5672 4085
3895 4085
7092 4085
4716 4085
2924 4085
1492 4085
7946 4085
54 4085
410 4085
4632 4085
1487 4085
2629 4085
4545 4085
2421 4086
6971 4086
461 4086
1620 4086
5868 4086
474 4086
3506 4086
1369 4086
7569 4086
6444 4086
5978 4086
5261 4086
2691 4086
5703 4086
3041 4086
4311 4086
266 4086
3052 4086
4126 4086
1493 4087
5326 4087
5441 4087
5151 4087
3135 4087
3706 4087
1175 4087
713 4087
908 4087
7596 4087
6239 4087
6511 4087
523 4087
4518 4087
1209 4087
8195 4087
18 4087
3510 4087
7878 4087
2908 4088
8282 4088
2567 4088
1483 4088
6512 4088
7121 4088
3451 4088
4039 4088
7941 4088
130 4088
966 4088
2715 4088
8171 4088
6912 4088
2606 4088
4089 4089
7143 4089
4376 4089
4746 4089
7181 4089
826 4089
1880 4089
1190 4089
6243 4089
1116 4089
4760 4089
2031 4089
4723 4089
1721 4089
7882 4089
3861 4089
5297 4090
2516 4090
2421 4090
1844 4090
4860 4090
8037 4090
6932 4090
7262 4090
8073 4090
2938 4090
7094 4090
1932 4090
7142 4090
8105 4090
6899 4090
5596 4090
4574 4090
4430 4090
5394 4091
3794 4091
1087 4091
3413 4091
3332 4091
2160 4091
1542 4091
3479 4091
1555 4091
795 4091
7950 4092
2881 4092
6615 4092
7925 4092
7341 4092
7730 4092
5169 4092
8273 4092
3491 4092
5065 4092
5781 4092
2120 4092
7792 4093
2649 4093
23 4093
1625 4093
40 4093
4533 4093
2375 4093
4618 4093
1063 4093
2554 4093
3122 4093
3183 4093
6646 4094
5116 4094
2370 4094
2780 4094
784 4094
535 4094
2844 4094
5545 4094
2672 4094
7282 4094
4377 4094
2721 4094
2840 4094
6459 4094
7752 4094
6030 4094
8120 4095
5028 4095
1038 4095
6124 4095
4042 4095
4360 4095
7014 4095
6609 4095
1183 4095
8177 4095
826 4095
7413 4096
7146 4096
7606 4096
4795 4096
3879 4096
6073 4096
5262 4096
7440 4096
6727 4096
4156 4096
7725 4096
3458 4096
6168 4096
3157 4097
2002 4097
2762 4097
4956 4097
1747 4097
8067 4097
5748 4097
7930 4097
6410 4097
7138 4097
4312 4097
1244 4097
2423 4097
5644 4097
5652 4097
4936 4097
811 4098
4975 4098
563 4098
3817 4098
5351 4098
4035 4098
3648 4098
392 4098
3891 4098
5895 4098
2089 4098
8154 4098
2276 4098
6910 4098
5258 4098
8084 4098
4374 4098
3392 4098
2288 4099
5758 4099
5 4099
7044 4099
2502 4099
3034 4099
1156 4099
1610 4099
3823 4099
7896 4099
5976 4099
2070 4099
4747 4099
1587 4099
519 4099
3547 4099
7832 4099
62 4099
4988 4099
4701 4099
6284 4099
3924 4099
4228 4099
839 4100
8029 4100
5777 4100
491 4100
1689 4100
8072 4100
7762 4100
7568 4100
2135 4100
461 4100
2672 4100
4698 4100
2217 4100
6356 4100
152 4100
3880 4100
2746 4100
5920 4100
187 4100
4630 4100
2741 4101
7258 4101
2585 4101
2953 4101
1461 4101
4989 4101
3958 4101
1580 4101
668 4101
4395 4101
6600 4101
5771 4101
4938 4101
1458 4101
4795 4101
1140 4101
2043 4102
6681 4102
1921 4102
6811 4102
3235 4102
4648 4102
4871 4102
3616 4102
1960 4102
5048 4102
4848 4103
2312 4103
8203 4103
3566 4103
938 4103
3396 4103
6313 4103
4748 4103
5162 4103
103 4103
3353 4103
5663 4103
1869 4103
4023 4103
2359 4103
1106 4103
7580 4104
4430 4104
6350 4104
4241 4104
1956 4104
7870 4104
3680 4104
2792 4104
1007 4104
393 4104
3659 4104
7176 4104
5772 4104
2277 4105
6080 4105
649 4105
4129 4105
2759 4105
8092 4105
3571 4105
3576 4105
4253 4105
6160 4105
6383 4105
3971 4105
2072 4105
25 4105
1474 4105
4549 4105
4929 4106
1049 4106
3657 4106
7246 4106
2320 4106
8208 4106
6253 4106
5254 4106
3209 4106
1767 4106
2086 4106
7294 4106
6579 4106
6050 4106
4099 4106
5118 4106
2282 4106
5474 4106
5912 4106
2186 4106
713 4107
6389 4107
5009 4107
8079 4107
449 4107
7608 4107
1995 4107
2395 4107
588 4107
3824 4107
727 4107
3322 4107
6101 4107
4025 4107
4137 4107
8267 4107
4228 4107
4673 4107
7439 4108
7132 4108
7780 4108
7863 4108
5917 4108
2215 4108
4609 4108
1186 4108
3016 4108
73 4108
7613 4108
2332 4108
5108 4108
7829 4108
7731 4108
645 4108
6451 4108
5494 4108
3973 4108
6579 4108
4706 4108
6633 4109
6144 4109
4555 4109
1159 4109
3781 4109
5130 4109
5420 4109
3029 4109
4282 4109
2837 4109
7845 4109
1069 4109
2530 4109
7570 4109
4879 4109
395 4109
7151 4109
8075 4109
697 4109
6292 4109
4913 4110
6425 4110
221 4110
5004 4110
4926 4110
5399 4110
3582 4110
1537 4110
7856 4110
5536 4110
4653 4110
109 4110
3465 4110
8290 4110
18 4110
466 4110
5319 4110
176 4110
5991 4111
8139 4111
3352 4111
6495 4111
2910 4111
6146 4111
7982 4111
667 4111
6398 4111
8015 4111
4701 4111
424 4111
6454 4111
6950 4111
7264 4111
3475 4111
3007 4112
6974 4112
2423 4112
6007 4112
7296 4112
5125 4112
1795 4112
534 4112
7077 4112
530 4112
3466 4113
2715 4113
5313 4113
3485 4113
6802 4113
1841 4113
7184 4113
4997 4113
771 4113
6431 4113
3519 4113
6271 4114
7679 4114
3929 4114
4564 4114
5263 4114
2507 4114
161 4114
5550 4114
3833 4114
7374 4114
2081 4114
889 4114
940 4114
1223 4114
3930 4114
5575 4115
6112 4115
3699 4115
201 4115
7825 4115
2204 4115
6954 4115
7845 4115
39 4115
7116 4115
2872 4115
1060 4115
6590 4115
1245 4115
3056 4115
7282 4115
1443 4115
5664 4115
1073 4115
2706 4115
4846 4115
3034 4115
6696 4115
4972 4116
2085 4116
1859 4116
47 4116
4667 4116
1282 4116
109 4116
7880 4116
122 4116
2592 4116
4262 4116
3549 4116
723 4116
6250 4116
1575 4116
3171 4116
508 4116
1779 4116
5533 4116
5377 4116
5964 4117
3859 4117
4052 4117
2580 4117
4740 4117
1881 4117
2016 4117
925 4117
3267 4117
6356 4117
6662 4117
6457 4118
4118 4118
3288 4118
7873 4118
1940 4118
1713 4118
4131 4118
6165 4118
7031 4118
4533 4118
50 4118
4333 4118
5464 4118
1902 4118
4726 4118
6537 4118
7128 4118
3134 4118
2727 4119
1635 4119
1104 4119
2212 4119
6261 4119
7142 4119
6227 4119
2646 4119
6714 4119
327 4119
378 4119
3768 4119
4780 4119
933 4119
7059 4119
5924 4120
4444 4120
6572 4120
3019 4120
6773 4120
8057 4120
1360 4120
5825 4120
7762 4120
5533 4120
1078 4120
1684 4120
751 4120
2749 4120
6216 4120
7110 4120
4075 4121
5780 4121
8074 4121
6313 4121
4640 4121
5765 4121
6072 4121
8098 4121
1302 4121
3792 4121
2809 4121
8263 4121
665 4121
5411 4121
5195 4121
8070 4121
1461 4122
7009 4122
2456 4122
5009 4122
8070 4122
4380 4122
6211 4122
6850 4122
4772 4122
668 4122
3861 4122
3209 4122
7247 4122
436 4122
1587 4122
6191 4122
5037 4122
3201 4122
2474 4122
2938 4123
7284 4123
2844 4123
5007 4123
6249 4123
3139 4123
6207 4123
178 4123
2123 4123
1005 4123
5744 4123
3365 4123
3539 4123
3652 4123
5654 4124
2698 4124
1560 4124
1913 4124
1520 4124
2387 4124
6856 4124
3284 4124
3534 4124
7456 4124
5687 4124
1396 4124
6003 4124
6909 4124
3166 4125
8054 4125
6649 4125
4126 4125
5142 4125
6341 4125
6175 4125
4568 4125
6633 4126
497 4126
7311 4126
681 4126
1357 4126
4291 4126
6244 4126
8160 4126
3364 4126
705 4126
5022 4126
2048 4126
2161 4126
667 4126
6601 4126
5817 4126
3392 4126
8013 4126
7769 4126
2312 4127
4660 4127
762 4127
3880 4127
2630 4127
2536 4127
2868 4127
7733 4127
2278 4127
1407 4127
4156 4127
5631 4127
588 4127
2919 4127
1285 4127
6128 4127
2634 4127
7331 4127
2577 4127
5626 4128
905 4128
4064 4128
3253 4128
2034 4128
4804 4128
3862 4128
7565 4128
7856 4128
108 4128
7711 4128
78 4128
7105 4128
6244 4128
5620 4129
7057 4129
641 4129
2705 4129
5423 4129
5025 4129
4986 4129
1599 4129
7883 4129
5776 4129
6844 4129
2474 4129
2583 4129
2791 4129
3284 4129
3727 4129
7869 4130
1104 4130
7426 4130
7361 4130
7319 4130
277 4130
2186 4130
3601 4130
8217 4130
6271 4130
5964 4130
5560 4130
608 4130
3292 4130
6980 4130
6459 4130
7723 4130
1044 4130
1542 4130
1532 4130
6891 4130
7674 4130
3275 4131
2921 4131
403 4131
5836 4131
6992 4131
5042 4131
1290 4131
5039 4131
3774 4131
4671 4131
2423 4131
3863 4131
639 4131
1924 4131
6314 4132
2463 4132
4132 4132
2384 4132
6453 4132
7497 4132
8045 4132
7435 4132
2891 4132
6125 4132
6340 4132
7682 4132
6262 4132
5701 4132
2455 4132
4041 4132
7598 4133
204 4133
1273 4133
4741 4133
4257 4133
619 4133
8195 4133
4158 4133
7605 4133
3930 4133
7950 4133
965 4133
5853 4133
6837 4133
5289 4133
3510 4133
7691 4133
2977 4133
7722 4133
1522 4133
7669 4133
4860 4133
437 4133
781 4134
8107 4134
6060 4134
7606 4134
1195 4134
1797 4134
7669 4134
2051 4134
2740 4134
7833 4134
6656 4134
4188 4134
6100 4134
3470 4134
3828 4134
6705 4134
4491 4134
3706 4135
4135 4135
3400 4135
3591 4135
3577 4135
718 4135
6400 4135
7397 4135
4750 4135
2285 4135
3575 4135
2468 4135
4453 4135
1723 4135
808 4135
2269 4135
3796 4135
920 4135
6802 4136
7352 4136
4301 4136
7172 4136
7427 4136
3067 4136
898 4136
4889 4136
4392 4136
6295 4136
2523 4136
5754 4136
6755 4136
4626 4136
7014 4137
3541 4137
1594 4137
2450 4137
4375 4137
75 4137
1163 4137
3002 4137
6207 4137
4126 4137
3671 4137
4551 4137
1552 4137
2545 4137
284 4137
7333 4137
4566 4137
1585 4138
2277 4138
7057 4138
1261 4138
6156 4138
337 4138
6867 4138
135 4138
525 4138
1532 4138
7963 4138
6950 4138
5003 4138
6798 4138
1534 4138
7329 4138
2324 4139
1695 4139
2499 4139
5775 4139
5960 4139
1947 4139
75 4139
4258 4139
6927 4139
4747 4139
2441 4139
1041 4139
2607 4140
6272 4140
6152 4140
5480 4140
2529 4140
2809 4140
5761 4140
660 4140
471 4140
6433 4140
7982 4140
837 4140
2636 4140
4949 4140
4768 4140
933 4140
600 4140
723 4140
5048 4140
5433 4140
186 4141
183 4141
5209 4141
4412 4141
4491 4141
1778 4141
2749 4141
416 4141
622 4141
4509 4141
3838 4141
5100 4141
4282 4141
3193 4141
6647 4141
5351 4141
2787 4141
2451 4141
995 4142
5225 4142
2200 4142
7270 4142
1122 4142
4855 4142
3465 4142
3900 4142
6951 4142
1748 4142
156 4142
1128 4142
3234 4142
1593 4142
4528 4142
272 4142
4848 4142
671 4142
4655 4142
1504 4142
1212 4142
1206 4143
3035 4143
8206 4143
970 4143
6276 4143
4007 4143
2283 4143
4603 4143
4741 4143
5783 4143
6321 4143
1885 4143
2113 4143
8043 4143
951 4143
3776 4143
1569 4143
2051 4143
7328 4144
7786 4144
4391 4144
3518 4144
3954 4144
1579 4144
4004 4144
3037 4144
2330 4144
2905 4144
1006 4144
103 4144
7904 4144
2355 4144
7021 4144
2380 4144
1096 4145
3790 4145
2637 4145
897 4145
3766 4145
2874 4145
7819 4145
4648 4145
2879 4145
1720 4145
2055 4145
2288 4145
748 4145
7343 4145
2581 4145
1306 4145
254 4145
3232 4145
3709 4145
6825 4145
641 4145
4386 4146
4416 4146
327 4146
3197 4146
3756 4146
3458 4146
4995 4146
4238 4146
4425 4146
1086 4146
6578 4146
5710 4146
7639 4146
2898 4147
896 4147
5555 4147
6695 4147
4671 4147
7456 4147
223 4147
201 4147
5992 4147
7493 4147
2568 4147
4145 4147
3419 4147
7520 4147
153 4148
1561 4148
2417 4148
7967 4148
5817 4148
7768 4148
5109 4148
2233 4148
3159 4148
7038 4148
4996 4148
7034 4148
314 4148
5590 4148
8176 4148
5878 4148
1757 4148
4112 4148
2696 4148
8198 4148
7014 4148
3975 4148
408 4149
1444 4149
2235 4149
6958 4149
8073 4149
5936 4149
1594 4149
8079 4149
7084 4149
1779 4149
5402 4149
4807 4149
7754 4149
2550 4149
4190 4149
6433 4149
6068 4149
6973 4149
6577 4149
7588 4149
6003 4149
6017 4150
4893 4150
3670 4150
6277 4150
1087 4150
6077 4150
3019 4150
5088 4150
586 4150
3219 4150
6970 4150
5258 4150
1445 4150
4343 4150
1116 4150
5045 4150
427 4150
1882 4150
992 4150
3713 4150
3696 4150
1112 4150
6377 4150
1434 4151
125 4151
4492 4151
3027 4151
6646 4151
5142 4151
6066 4151
5377 4151
750 4151
7368 4151
4839 4151
4235 4151
271 4151
2063 4151
4506 4151
8186 4151
4160 4151
6933 4151
4593 4152
6578 4152
3062 4152
3939 4152
1236 4152
3940 4152
1049 4152
3063 4152
3654 4152
7602 4152
1301 4152
7258 4152
3234 4152
487 4152
7049 4152
7882 4152
6430 4152
1024 4152
5118 4152
7384 4152
3142 4152
4299 4152
815 4152
7861 4152
717 4152
7947 4153
3124 4153
109 4153
7390 4153
501 4153
1412 4153
6002 4153
521 4153
200 4153
3793 4153
5656 4153
1897 4153
3905 4153
3228 4153
591 4154
4154 4154
1780 4154
7468 4154
6465 4154
714 4154
449 4154
7378 4154
7 4154
243 4154
2257 4154
4935 4154
1549 4155
1372 4155
8036 4155
6 4155
309 4155
3656 4155
7386 4155
54 4155
1076 4155
6681 4155
5836 4155
1514 4155
291 4155
1927 4156
7228 4156
6865 4156
7247 4156
3651 4156
6355 4156
3590 4156
7403 4156
799 4156
3925 4156
296 4156
1263 4156
5640 4156
5822 4156
8231 4156
4825 4157
4646 4157
1182 4157
7185 4157
1698 4157
1057 4157
5789 4157
7925 4157
6043 4157
1203 4157
5798 4157
3333 4157
643 4157
3153 4158
7894 4158
809 4158
2910 4158
553 4158
2161 4158
7390 4158
1909 4158
7935 4158
4645 4158
3286 4158
5042 4158
4201 4158
4825 4158
1157 4158
4182 4158
1691 4158
1219 4159
2705 4159
1631 4159
622 4159
5006 4159
5515 4159
1643 4159
6465 4159
2723 4159
2941 4159
7976 4159
6407 4159
1215 4159
2281 4159
5127 4159
4203 4159
4127 4159
7328 4159
3945 4159
602 4160
64 4160
1130 4160
1326 4160
1558 4160
3142 4160
1159 4160
1997 4160
2327 4160
6886 4160
2809 4160
4395 4160
7896 4160
2596 4160
1132 4160
3806 4160
1701 4160
4769 4160
8259 4160
1551 4160
3029 4160
8169 4160
3515 4161
1244 4161
7539 4161
1212 4161
4160 4161
4480 4161
1749 4161
7247 4161
6824 4161
6632 4161
3051 4161
1144 4161
284 4161
1648 4161
1797 4161
3333 4162
216 4162
7942 4162
4668 4162
2047 4162
3675 4162
2998 4162
8254 4162
1035 4162
2891 4162
14 4162
634 4162
5163 4162
3834 4162
4916 4162
1526 4162
5252 4162
1245 4162
7890 4162
3638 4162
7594 4163
1565 4163
1730 4163
5675 4163
8254 4163
1953 4163
3998 4163
989 4163
978 4163
3409 4163
5109 4163
3718 4163
3491 4163
3230 4163
6549 4164
807 4164
686 4164
8219 4164
1414 4164
2538 4164
5262 4164
3675 4164
4388 4164
717 4164
7141 4164
8267 4164
7780 4164
1717 4164
4158 4164
5216 4164
5968 4164
7077 4164
6453 4165
3130 4165
1995 4165
1428 4165
5254 4165
1715 4165
3188 4165
918 4165
2061 4165
7247 4165
5809 4165
3149 4165
6356 4165
4036 4165
2172 4166
5547 4166
6050 4166
137 4166
115 4166
1994 4166
3940 4166
8195 4166
6970 4166
2892 4166
6104 4166
2332 4166
4024 4166
586 4166
5718 4166
4901 4167
525 4167
6631 4167
280 4167
2908 4167
452 4167
5365 4167
823 4167
5737 4167
6238 4167
3723 4167
2893 4167
2831 4167
7842 4167
4168 4168
1261 4168
8261 4168
7433 4168
4555 4168
7531 4168
3397 4168
4794 4168
3946 4168
1347 4168
8057 4168
633 4168
4542 4168
4857 4168
5692 4168
7046 4168
3945 4169
6864 4169
2776 4169
9 4169
5038 4169
1784 4169
4014 4169
488 4169
2487 4169
6749 4170
6702 4170
6230 4170
7252 4170
85 4170
2536 4170
3885 4170
3492 4170
2580 4170
4151 4170
3856 4170
672 4170
407 4170
5778 4170
4589 4171
1720 4171
1558 4171
2335 4171
367 4171
4167 4171
6175 4171
6095 4171
3422 4171
6851 4171
3304 4171
3350 4171
1861 4171
5632 4171
7046 4172
4986 4172
7741 4172
4857 4172
4884 4172
3234 4172
6164 4172
7865 4172
4005 4172
6493 4172
4398 4172
3905 4172
6935 4172
5656 4172
3271 4172
636 4172
7973 4172
2385 4173
2898 4173
521 4173
4156 4173
6727 4173
1204 4173
5941 4173
6886 4173
1583 4173
2926 4173
5737 4173
561 4174
4403 4174
7902 4174
7396 4174
5550 4174
3560 4174
3622 4174
3542 4174
2753 4174
3351 4174
5017 4175
6573 4175
3364 4175
7693 4175
4769 4175
4585 4175
5569 4175
6229 4175
2287 4175
1978 4175
7225 4175
5156 4175
362 4175
2979 4175
5855 4176
5892 4176
4890 4176
4718 4176
6163 4176
6089 4176
1514 4176
201 4176
5875 4176
3693 4176
6867 4176
4375 4176
799 4176
4584 4176
6641 4176
7247 4176
2711 4176
7765 4176
659 4177
5330 4177
2415 4177
3439 4177
6255 4177
1947 4177
33 4177
5082 4177
5141 4177
7648 4177
675 4177
4670 4177
4291 4177
1474 4177
5449 4177
6453 4177
1775 4177
869 4178
4920 4178
5715 4178
6809 4178
4596 4178
5429 4178
5549 4178
5773 4178
2669 4178
5990 4178
5658 4178
1489 4178
4480 4178
7281 4178
8132 4178
8086 4178
2178 4178
2017 4178
2479 4178
2634 4178
2655 4178
4464 4178
7404 4178
996 4179
4263 4179
1188 4179
7362 4179
4353 4179
7556 4179
5310 4179
284 4179
3113 4179
2873 4179
5775 4179
980 4179
7497 4179
5285 4179
320 4179
5958 4179
2520 4179
6912 4179
786 4179
6400 4180
2658 4180
8026 4180
3242 4180
5274 4180
363 4180
2885 4180
7123 4180
6566 4180
2475 4180
24 4180
6089 4180
3770 4180
667 4180
5621 4180
2389 4180
8103 4180
2531 4180
1815 4180
6937 4181
6453 4181
7650 4181
3737 4181
5062 4181
7044 4181
963 4181
5884 4181
4846 4181
3461 4181
178 4181
8229 4181
2707 4182
7143 4182
5125 4182
3441 4182
5989 4182
5725 4182
8239 4182
5501 4182
4137 4182
6048 4182
5509 4182
5532 4182
6022 4182
2632 4182
1713 4182
7911 4182
8175 4182
3254 4182
2731 4182
2530 4182
1579 4182
729 4182
787 4183
1217 4183
5945 4183
8103 4183
6158 4183
3424 4183
