2672 4183
495 4183
5742 4183
5078 4183
6535 4183
2833 4183
7698 4183
5704 4183
5217 4183
182 4183
7943 4184
1076 4184
4528 4184
177 4184
138 4184
7498 4184
3858 4184
5757 4184
1116 4184
5804 4184
7875 4184
5157 4184
3273 4184
5282 4184
5692 4184
6475 4184
3669 4185
5294 4185
1866 4185
601 4185
3415 4185
4406 4185
5360 4185
2315 4185
4835 4185
4844 4185
3850 4185
5303 4185
3633 4185
3551 4185
5243 4185
6459 4185
6347 4185
6676 4185
3082 4186
1042 4186
2520 4186
7129 4186
7859 4186
5324 4186
5495 4186
4550 4186
2898 4186
1821 4186
4637 4186
5751 4186
3218 4186
4726 4186
5501 4186
5262 4187
2086 4187
2834 4187
7505 4187
1483 4187
1046 4187
2001 4187
8054 4187
1216 4187
4119 4187
611 4187
2817 4188
2470 4188
7986 4188
1509 4188
987 4188
7199 4188
5582 4188
5783 4188
6741 4188
3599 4188
5389 4188
4265 4188
6231 4188
4965 4188
4596 4188
6175 4188
3152 4188
4988 4189
174 4189
4391 4189
2626 4189
1322 4189
391 4189
7071 4189
5618 4189
6992 4189
2425 4189
4621 4189
1425 4189
3706 4189
6554 4189
5663 4189
6591 4189
6575 4189
3635 4190
8171 4190
6773 4190
1844 4190
8083 4190
4263 4190
563 4190
7429 4190
6003 4190
1985 4190
7031 4190
6658 4190
6980 4190
6512 4190
5145 4190
2391 4190
5322 4191
783 4191
4570 4191
4362 4191
4931 4191
889 4191
3397 4191
6591 4191
2854 4191
1882 4191
250 4191
2999 4191
2311 4191
2365 4192
5767 4192
6741 4192
6789 4192
1084 4192
1103 4192
2427 4192
3354 4192
664 4192
7344 4192
6637 4192
6249 4192
5598 4192
919 4193
5017 4193
6579 4193
1943 4193
5243 4193
4647 4193
981 4193
5628 4193
7594 4193
3232 4193
3055 4193
4848 4193
6360 4193
8265 4193
4014 4193
1661 4193
3596 4194
3843 4194
7829 4194
586 4194
6631 4194
7943 4194
4972 4194
1248 4194
6054 4194
4582 4194
6122 4194
5917 4194
5718 4194
3238 4194
207 4194
4561 4194
4594 4194
7460 4194
2786 4194
5281 4194
6078 4195
4272 4195
3101 4195
4585 4195
72 4195
5045 4195
2940 4195
4494 4195
7193 4195
4316 4195
5754 4195
6487 4195
1805 4195
6431 4195
3021 4195
779 4195
423 4196
8286 4196
3872 4196
5572 4196
725 4196
3675 4196
71 4196
7744 4196
851 4196
1066 4196
1054 4196
2580 4197
5237 4197
5675 4197
141 4197
7628 4197
27 4197
669 4197
279 4197
4007 4197
5332 4197
3621 4197
316 4197
6832 4197
1553 4197
1109 4197
112 4198
3941 4198
1236 4198
2426 4198
1382 4198
4244 4198
6616 4198
1219 4198
3 4198
1148 4198
7972 4198
6505 4198
3783 4198
2842 4198
6115 4198
4529 4199
4134 4199
7516 4199
2874 4199
5683 4199
1449 4199
6058 4199
3839 4199
6949 4199
5233 4199
3461 4199
622 4199
703 4199
6122 4199
4648 4199
4110 4200
8236 4200
2903 4200
2990 4200
2448 4200
5654 4200
1830 4200
8296 4200
3721 4200
2329 4200
1690 4200
3560 4200
2291 4200
6295 4200
6024 4200
2921 4200
7205 4200
5543 4200
781 4200
1996 4200
5978 4201
5241 4201
6756 4201
1181 4201
6106 4201
7151 4201
6683 4201
5428 4202
5391 4202
2242 4202
4307 4202
4301 4202
7770 4202
6313 4202
4267 4202
7969 4202
5365 4202
4696 4202
2894 4202
7215 4202
5636 4202
3357 4202
2861 4202
7514 4202
4247 4202
8108 4202
5501 4202
2701 4203
5614 4203
645 4203
3085 4203
1113 4203
5596 4203
5972 4203
7912 4203
1538 4203
5038 4203
4502 4203
5477 4203
3370 4203
622 4203
6727 4203
1914 4203
4174 4203
3541 4203
1973 4203
4195 4203
7932 4203
2161 4203
378 4204
4639 4204
697 4204
1302 4204
6959 4204
5087 4204
6234 4204
3370 4204
5819 4204
973 4204
5824 4204
5714 4204
4682 4204
880 4204
4440 4204
5281 4204
3806 4204
7525 4205
2151 4205
2852 4205
7450 4205
5721 4205
7335 4205
6909 4205
3955 4205
552 4205
3933 4205
4384 4205
3248 4205
3804 4205
3566 4205
7553 4205
3968 4205
5468 4205
7588 4205
3713 4205
3596 4205
1890 4205
2456 4206
5972 4206
4351 4206
5176 4206
5150 4206
3 4206
8092 4206
5768 4206
2467 4206
6681 4206
929 4206
5439 4206
4620 4206
5088 4206
540 4206
409 4206
718 4206
1060 4207
4631 4207
6780 4207
5065 4207
7772 4207
6254 4207
1116 4207
8054 4207
1178 4207
1206 4207
2006 4207
655 4207
7629 4207
4228 4207
1213 4207
7060 4207
3879 4207
4050 4207
5118 4207
7322 4207
2470 4208
5973 4208
6908 4208
609 4208
1203 4208
2509 4208
1516 4208
2682 4208
6090 4208
8293 4208
4729 4208
4165 4208
3941 4208
918 4208
3651 4208
2212 4208
5391 4208
7040 4209
3698 4209
921 4209
373 4209
2182 4209
7563 4209
27 4209
4279 4209
4090 4209
1829 4209
73 4209
1865 4209
996 4209
2157 4209
8075 4209
5860 4209
1758 4209
68 4209
4210 4210
3777 4210
7849 4210
3050 4210
6208 4210
5610 4210
6935 4210
662 4210
363 4210
7144 4210
213 4210
7270 4210
7847 4210
3089 4210
2856 4210
5134 4210
3312 4210
2288 4210
6207 4211
225 4211
2174 4211
7585 4211
2316 4211
1860 4211
5418 4211
4050 4211
532 4211
7664 4211
7145 4211
6874 4211
1844 4211
885 4211
1479 4211
2090 4211
4519 4212
4190 4212
2439 4212
522 4212
8029 4212
4958 4212
2715 4212
4249 4212
4541 4212
4648 4212
1293 4212
7136 4212
5472 4212
1877 4212
2268 4213
2704 4213
8262 4213
1124 4213
1895 4213
3646 4213
1647 4213
4520 4213
6696 4213
2796 4213
3768 4213
846 4213
2738 4213
2551 4213
4037 4213
3060 4213
5632 4213
1487 4213
683 4213
1179 4214
2362 4214
4069 4214
8210 4214
3435 4214
2885 4214
4712 4214
4364 4214
7565 4214
6524 4214
5839 4214
5626 4214
635 4214
7469 4214
4768 4214
2442 4215
6723 4215
8259 4215
5443 4215
2650 4215
1861 4215
8035 4215
6775 4215
5450 4215
4875 4215
118 4215
4884 4215
4405 4215
4087 4215
4579 4215
1250 4215
3124 4215
606 4216
3170 4216
3002 4216
3322 4216
3980 4216
6258 4216
2291 4216
4689 4216
7595 4216
2783 4216
6677 4216
2478 4216
1720 4216
6162 4216
2191 4216
2920 4216
5884 4216
6495 4216
18 4216
4319 4216
358 4216
3342 4216
8169 4217
71 4217
2711 4217
2040 4217
3386 4217
4885 4217
3091 4217
3104 4217
2030 4217
4181 4217
3140 4217
7793 4217
6620 4217
3857 4217
2063 4217
367 4217
7617 4217
1661 4217
6150 4218
3623 4218
8044 4218
3708 4218
8245 4218
8028 4218
8183 4218
7932 4218
1664 4218
7394 4218
3174 4218
6212 4219
748 4219
7861 4219
444 4219
3828 4219
1589 4219
3445 4219
915 4219
6095 4219
8120 4219
205 4219
3084 4219
7912 4219
6099 4219
5528 4219
3232 4219
5716 4219
1428 4219
1220 4219
4570 4219
4763 4219
1336 4219
4618 4219
1559 4219
8258 4220
6798 4220
4104 4220
4682 4220
318 4220
4641 4220
4254 4220
3709 4220
276 4220
7335 4220
5708 4220
7524 4220
4194 4220
7269 4220
5276 4220
3141 4220
1432 4220
6506 4220
2834 4220
1194 4220
3220 4220
5810 4220
3798 4221
1338 4221
4480 4221
1568 4221
3104 4221
2874 4221
4800 4221
3046 4221
95 4221
7170 4221
3544 4221
416 4221
4222 4222
2086 4222
1887 4222
6495 4222
115 4222
5931 4222
1388 4222
8134 4222
5597 4222
6134 4222
3230 4222
3188 4222
5236 4222
1621 4222
4236 4222
5867 4222
4105 4222
6146 4222
2720 4222
7356 4222
821 4222
3475 4222
6307 4222
6739 4223
2815 4223
5549 4223
7940 4223
6958 4223
2195 4223
5896 4223
1069 4223
408 4223
1896 4223
6719 4223
3646 4223
4936 4223
8270 4223
2597 4223
5781 4223
5253 4223
7083 4223
1442 4224
976 4224
2477 4224
7501 4224
7085 4224
419 4224
6661 4224
5294 4224
3332 4224
6563 4224
1509 4224
3122 4224
6008 4224
1650 4224
1006 4224
1472 4225
2638 4225
4800 4225
4694 4225
5341 4225
5138 4225
595 4225
5959 4225
6616 4225
5839 4225
5320 4225
3834 4225
2120 4226
6679 4226
6371 4226
2472 4226
6845 4226
4983 4226
6983 4226
5387 4226
4835 4226
836 4226
5674 4226
6819 4226
8193 4226
7962 4226
2153 4226
4460 4226
2037 4226
2956 4227
5063 4227
7778 4227
3748 4227
920 4227
8245 4227
3776 4227
2663 4227
5162 4227
8074 4227
4861 4227
7781 4227
105 4227
483 4227
7300 4227
8262 4227
5411 4227
7697 4227
6186 4228
92 4228
8251 4228
6321 4228
7056 4228
4183 4228
6772 4228
8195 4228
6506 4228
2438 4228
3602 4229
1536 4229
5241 4229
7559 4229
2976 4229
3837 4229
1017 4229
7151 4229
6064 4229
6106 4229
4035 4229
7064 4229
8297 4229
1106 4229
5536 4229
7714 4230
3181 4230
3732 4230
6389 4230
622 4230
7796 4230
5736 4230
5842 4231
500 4231
5439 4231
3869 4231
7563 4231
5031 4231
6716 4231
980 4231
5120 4231
8153 4231
6675 4231
4083 4231
5751 4231
5156 4231
4798 4231
1851 4231
5815 4232
3201 4232
6035 4232
6171 4232
3622 4232
3132 4232
7867 4232
1109 4232
5536 4232
4368 4232
7649 4232
1296 4232
1107 4232
4775 4232
7726 4232
4097 4232
5131 4232
2577 4232
2269 4232
660 4232
3012 4232
649 4232
4976 4232
4908 4233
8198 4233
2692 4233
1257 4233
888 4233
530 4233
6949 4233
2486 4233
7892 4233
4291 4233
5426 4233
2731 4233
1338 4233
2250 4233
3602 4233
3122 4233
2925 4234
152 4234
3603 4234
1674 4234
5038 4234
7319 4234
2039 4234
1333 4234
3936 4234
7953 4234
5892 4234
3774 4234
1971 4234
3973 4234
1109 4234
3251 4234
94 4234
283 4234
3339 4234
5076 4234
2531 4235
6618 4235
1100 4235
1579 4235
6723 4235
7146 4235
5285 4235
4647 4235
5443 4235
1299 4235
5815 4236
1150 4236
4926 4236
1903 4236
2515 4236
1896 4236
6253 4236
4956 4236
3156 4236
4358 4236
1509 4236
7238 4236
4558 4236
556 4236
3366 4236
6371 4236
3787 4236
1107 4236
3136 4237
6607 4237
1703 4237
4949 4237
3868 4237
7734 4237
7590 4237
4668 4237
7718 4237
6758 4237
2010 4237
6899 4237
8162 4237
3799 4237
1903 4237
7308 4237
2108 4238
2666 4238
8030 4238
5221 4238
2231 4238
4565 4238
827 4238
5536 4238
8032 4238
2277 4238
6108 4238
3631 4238
6110 4238
6574 4238
6901 4238
7943 4238
2781 4238
816 4238
512 4239
6443 4239
4891 4239
6444 4239
3038 4239
2758 4239
2304 4239
3847 4239
2956 4239
3445 4239
5736 4239
4520 4239
3295 4239
2415 4239
3436 4239
3072 4239
7481 4239
4961 4240
5317 4240
2833 4240
4360 4240
6961 4240
7371 4240
2235 4240
4158 4240
8133 4240
1656 4240
2131 4240
5005 4240
4673 4240
1834 4240
6905 4241
2597 4241
8176 4241
7243 4241
3082 4241
8074 4241
2481 4241
5626 4241
4935 4241
996 4241
5620 4241
4209 4241
3863 4241
3243 4241
2522 4241
5794 4241
7990 4241
5844 4242
3461 4242
5907 4242
6522 4242
2401 4242
6520 4242
7947 4242
7190 4242
4730 4242
5989 4242
6863 4242
2755 4242
6095 4242
2773 4242
1832 4242
7582 4242
3876 4242
3233 4242
6393 4242
7461 4242
4019 4242
7682 4242
1978 4242
4792 4243
7940 4243
5674 4243
7523 4243
941 4243
839 4243
250 4243
1276 4243
2448 4243
611 4243
4544 4243
3166 4243
682 4243
6632 4243
2502 4243
1165 4243
1322 4243
3464 4243
1460 4243
2301 4243
3975 4243
4318 4244
7652 4244
5459 4244
6622 4244
4071 4244
865 4244
7008 4244
3034 4244
7366 4244
264 4244
7402 4244
5955 4244
5177 4244
4878 4244
1009 4244
5946 4244
2250 4244
7594 4244
1710 4244
3544 4244
566 4245
5957 4245
4874 4245
2441 4245
6473 4245
1401 4245
1074 4245
6320 4245
8016 4245
3248 4245
5443 4246
1229 4246
5986 4246
2388 4246
2294 4246
7624 4246
363 4246
5098 4246
750 4246
2459 4246
3551 4246
7597 4246
7172 4246
5253 4246
2550 4246
5756 4246
4790 4247
7075 4247
7286 4247
2972 4247
5587 4247
2852 4247
7381 4247
1932 4247
1201 4247
2894 4247
6055 4247
4855 4247
2650 4247
5028 4247
1514 4247
4603 4247
7950 4247
1865 4247
7105 4247
1963 4247
4875 4248
168 4248
1331 4248
1436 4248
2111 4248
7690 4248
5252 4248
5536 4248
2072 4248
7582 4248
2892 4248
146 4248
5109 4248
1710 4248
7762 4248
4072 4249
4959 4249
4422 4249
7388 4249
3883 4249
7792 4249
3290 4249
3243 4249
3195 4249
5695 4249
5575 4249
6649 4249
5557 4249
3264 4249
3927 4250
550 4250
3063 4250
6559 4250
465 4250
7227 4250
1352 4250
5162 4250
3321 4250
5009 4250
7300 4250
88 4250
2306 4250
6626 4250
8037 4250
4019 4250
5474 4250
904 4250
6250 4250
6713 4250
3405 4251
5663 4251
4407 4251
6272 4251
3001 4251
583 4251
2388 4251
7820 4251
3790 4251
3271 4251
390 4251
8253 4251
5475 4251
4795 4251
5628 4251
4544 4251
6275 4251
5980 4251
1574 4251
6212 4252
7525 4252
5423 4252
4075 4252
2711 4252
1763 4252
2413 4252
2443 4252
2715 4252
3432 4252
5348 4252
420 4252
438 4252
4129 4252
4195 4252
7670 4252
3788 4253
3152 4253
765 4253
1321 4253
3810 4253
5285 4253
6624 4253
2201 4253
6912 4253
2999 4253
8174 4253
751 4254
4151 4254
2645 4254
4529 4254
1321 4254
5088 4254
4655 4254
4497 4254
3499 4254
3426 4254
3746 4254
7970 4254
5912 4254
4362 4254
3030 4254
6959 4254
1187 4254
1344 4254
4202 4254
1410 4254
7796 4254
1079 4254
7837 4254
4255 4255
7038 4255
5109 4255
7412 4255
4617 4255
4225 4255
531 4255
5517 4255
2899 4255
855 4255
6659 4255
4925 4255
2068 4255
6164 4255
3568 4255
6276 4255
4823 4255
5947 4255
1599 4255
6417 4255
2487 4256
4856 4256
3311 4256
3846 4256
600 4256
5511 4256
4890 4256
7482 4256
5078 4256
3512 4256
4792 4256
4521 4256
2775 4256
6687 4256
5409 4256
841 4256
6649 4256
1596 4256
6877 4256
4075 4256
3725 4256
2583 4256
6816 4256
8286 4256
3036 4256
1550 4257
5781 4257
7652 4257
1631 4257
833 4257
5989 4257
7675 4257
3763 4257
2088 4257
7981 4257
2256 4257
1918 4257
4204 4257
2629 4257
4276 4257
3370 4257
4841 4257
6822 4257
5118 4257
4465 4258
6177 4258
6465 4258
3932 4258
5756 4258
860 4258
6774 4258
7646 4258
658 4258
5493 4258
5345 4258
4120 4259
621 4259
1594 4259
7674 4259
8254 4259
6236 4259
7946 4259
1489 4259
3058 4259
7576 4259
2435 4259
1000 4259
327 4259
6661 4259
7497 4259
2442 4259
951 4259
4412 4260
326 4260
7457 4260
4846 4260
1479 4260
3632 4260
738 4260
5037 4260
1896 4260
364 4260
6625 4260
1745 4260
92 4260
1568 4261
2956 4261
6888 4261
1042 4261
1963 4261
7551 4261
2191 4261
2728 4262
498 4262
785 4262
7933 4262
5475 4262
5509 4262
3806 4262
3511 4262
4241 4262
2744 4262
4749 4262
7478 4262
7430 4262
5258 4262
852 4262
3058 4262
466 4263
1575 4263
6347 4263
2533 4263
3237 4263
2922 4263
2406 4263
7244 4263
2123 4263
4529 4263
5149 4263
852 4263
603 4263
1490 4263
6216 4263
7890 4263
2728 4264
4909 4264
1484 4264
8159 4264
4114 4264
551 4264
231 4264
1569 4264
6251 4264
2346 4264
4175 4264
7151 4264
7345 4264
2237 4264
1215 4264
1287 4264
2076 4264
1523 4264
960 4264
2650 4264
5737 4265
8219 4265
521 4265
6537 4265
5003 4265
566 4265
135 4265
3375 4265
8171 4265
6891 4265
650 4265
3586 4265
8263 4265
2778 4265
7463 4265
583 4266
1036 4266
4453 4266
3271 4266
7413 4266
3392 4266
3263 4266
3104 4266
6719 4266
5043 4266
3602 4266
5569 4266
5738 4266
6212 4266
3246 4266
3380 4266
7533 4267
5927 4267
3437 4267
1780 4267
7335 4267
3633 4267
2785 4267
1567 4267
1133 4267
7648 4267
6043 4267
6463 4267
4685 4267
6629 4267
7840 4267
655 4267
7378 4267
5317 4267
1280 4268
5839 4268
1442 4268
7952 4268
6284 4268
5360 4268
6434 4268
7592 4268
4335 4268
5026 4268
5426 4268
1639 4268
5831 4268
1746 4268
5538 4268
5466 4268
5341 4268
7451 4268
5342 4268
2760 4269
424 4269
4654 4269
3141 4269
4453 4269
5636 4269
8237 4269
6940 4269
5025 4269
6182 4269
4672 4269
3614 4269
1664 4269
2998 4269
2199 4269
5281 4269
882 4269
1842 4269
3534 4270
5718 4270
263 4270
7951 4270
4678 4270
2123 4270
3404 4270
6474 4270
7245 4270
471 4270
7122 4270
2867 4270
2841 4270
1912 4270
2067 4271
7852 4271
6171 4271
5918 4271
6288 4271
1596 4271
7181 4271
8159 4271
3504 4271
4799 4271
2311 4272
5388 4272
5435 4272
470 4272
5078 4272
2435 4272
5158 4272
2231 4272
2811 4272
5951 4272
6884 4272
1175 4272
3082 4272
2494 4272
940 4272
6131 4272
8 4272
4540 4272
4452 4272
4989 4272
3280 4272
737 4272
7946 4272
3176 4273
4641 4273
2740 4273
673 4273
2576 4273
3918 4273
3414 4273
2148 4273
3126 4273
8208 4273
5641 4274
3824 4274
3834 4274
6376 4274
6535 4274
2425 4274
6272 4274
8161 4274
2910 4274
5892 4274
3580 4274
6940 4274
7732 4274
7728 4274
3637 4274
3512 4274
3261 4274
1145 4274
2795 4275
8257 4275
4301 4275
3357 4275
3645 4275
3782 4275
3699 4275
6712 4275
7674 4275
3638 4275
6267 4275
2210 4275
7630 4275
2770 4275
1881 4275
5784 4275
5116 4275
6403 4275
6704 4275
4686 4276
4161 4276
7173 4276
8196 4276
7078 4276
7845 4276
1037 4276
422 4276
4126 4276
4858 4276
2280 4276
7835 4276
3316 4276
3631 4277
581 4277
5294 4277
1161 4277
2413 4277
138 4277
3885 4277
1686 4277
3882 4277
6916 4277
6331 4277
744 4277
5190 4278
6063 4278
6225 4278
3708 4278
6464 4278
7749 4278
42 4278
548 4278
3640 4278
3605 4278
3405 4278
4492 4278
4108 4278
7569 4278
975 4278
3028 4278
2191 4278
2924 4279
243 4279
6477 4279
3505 4279
6853 4279
2536 4279
6936 4279
7011 4279
7329 4279
7591 4279
4850 4279
6778 4279
3488 4279
5022 4279
2497 4279
2423 4279
1794 4279
7018 4279
2252 4280
3270 4280
7377 4280
174 4280
2201 4280
2581 4280
6758 4280
7935 4280
4392 4280
7335 4280
7031 4280
7002 4280
5141 4280
4356 4280
8030 4280
2925 4280
4734 4280
305 4281
5640 4281
2133 4281
7440 4281
1412 4281
5583 4281
6057 4281
715 4281
3746 4281
4526 4281
4926 4281
6796 4281
3668 4281
3550 4281
2833 4281
36 4281
4565 4281
1392 4281
3249 4282
5393 4282
5189 4282
5238 4282
6866 4282
349 4282
3217 4282
170 4282
6110 4282
7572 4282
344 4282
5114 4282
637 4282
6805 4282
1277 4282
7308 4282
5410 4282
4247 4282
6775 4282
999 4282
1487 4282
424 4282
6144 4282
1630 4283
4250 4283
6961 4283
4765 4283
3560 4283
676 4283
802 4283
7078 4283
5222 4283
2472 4283
1939 4283
8127 4283
4119 4283
7329 4283
3967 4283
6675 4283
7647 4283
309 4283
2375 4283
2721 4283
2010 4283
7265 4283
3353 4284
2812 4284
2334 4284
444 4284
344 4284
6903 4284
8095 4284
6116 4284
2854 4284
763 4284
5360 4284
2950 4284
3003 4284
231 4285
4874 4285
2203 4285
6549 4285
2673 4285
2919 4285
7787 4285
2570 4285
3082 4285
7132 4285
7717 4285
5500 4285
6610 4285
4885 4285
3912 4285
7859 4285
284 4285
5909 4286
6075 4286
6986 4286
5656 4286
4627 4286
6731 4286
2490 4286
3077 4286
4017 4286
6123 4286
4637 4286
1483 4286
7189 4286
7201 4286
1215 4287
2879 4287
4592 4287
2105 4287
269 4287
5545 4287
7765 4287
1461 4287
1205 4287
4723 4287
4024 4287
226 4287
2494 4287
1887 4287
783 4287
7975 4287
7185 4287
5585 4287
6993 4287
8166 4287
7194 4288
409 4288
1902 4288
6709 4288
7130 4288
5195 4288
5387 4288
1832 4288
1843 4288
2282 4288
5371 4288
3016 4288
5005 4288
4839 4288
4783 4288
7127 4288
2974 4289
533 4289
7731 4289
971 4289
1334 4289
4766 4289
3780 4289
2122 4289
3264 4289
7894 4289
409 4289
1843 4289
2162 4289
1486 4289
549 4289
4768 4289
4258 4289
1304 4289
2033 4289
5892 4290
1562 4290
2752 4290
4170 4290
5780 4290
7467 4290
5742 4290
1600 4290
4350 4290
5563 4290
1795 4290
3924 4290
7890 4290
6131 4290
1939 4291
4494 4291
7854 4291
1322 4291
6849 4291
6893 4291
762 4291
1707 4291
5513 4291
5194 4291
6642 4291
5816 4291
3245 4291
1201 4291
7793 4291
608 4291
2742 4291
2919 4291
3807 4291
2577 4292
6985 4292
4995 4292
2854 4292
4582 4292
2127 4292
4273 4292
4664 4292
7911 4292
8041 4292
2852 4292
7698 4292
3046 4293
3016 4293
5158 4293
7053 4293
3857 4293
3252 4293
6124 4293
5153 4293
7322 4293
1293 4293
1051 4293
6844 4293
1523 4293
437 4293
5514 4293
827 4293
1149 4293
7379 4293
6413 4293
3836 4294
6250 4294
3243 4294
7031 4294
551 4294
6992 4294
7937 4294
1051 4294
3704 4294
2858 4294
5173 4294
1058 4294
17 4294
4170 4294
2694 4294
1220 4294
7447 4294
3442 4294
6653 4294
3205 4294
3922 4294
6288 4295
3084 4295
6015 4295
4039 4295
3151 4295
2423 4295
2597 4295
1093 4295
1428 4295
893 4295
5404 4295
6216 4295
7031 4295
2960 4295
1775 4295
4619 4295
727 4295
7456 4295
6241 4296
2242 4296
828 4296
6077 4296
2426 4296
5174 4296
2386 4296
6103 4296
3424 4296
2406 4296
4145 4296
6864 4296
104 4296
6695 4296
5358 4296
7333 4296
2872 4296
7889 4296
4297 4297
5861 4297
7952 4297
4283 4297
6276 4297
5834 4297
6077 4297
2261 4297
2481 4297
5716 4297
2071 4297
6683 4297
226 4297
1096 4297
2764 4297
8285 4297
965 4297
126 4298
3207 4298
8108 4298
7740 4298
2400 4298
6632 4298
586 4298
3316 4298
6193 4298
2202 4298
8284 4298
1454 4298
1529 4298
94 4298
8205 4298
7842 4299
6675 4299
2196 4299
5448 4299
6026 4299
3277 4299
3609 4299
5233 4299
1481 4299
4841 4299
2335 4299
5533 4299
7205 4299
3098 4299
2334 4299
1997 4299
3378 4299
4663 4299
2294 4299
4172 4300
4300 4300
1784 4300
2910 4300
6775 4300
3205 4300
4901 4300
6111 4300
5404 4300
3872 4300
3753 4300
6425 4300
7593 4300
2998 4300
4847 4301
247 4301
7718 4301
1186 4301
2203 4301
5524 4301
3656 4301
6827 4301
8210 4301
96 4301
4047 4301
1551 4301
1784 4301
7347 4301
1568 4301
2556 4301
1851 4301
7345 4302
864 4302
1764 4302
6182 4302
4450 4302
7403 4302
7065 4302
534 4302
1558 4302
154 4302
2649 4302
2570 4302
8172 4302
3154 4302
7034 4302
7637 4302
556 4302
2912 4302
5127 4302
6753 4303
8267 4303
3045 4303
2186 4303
3907 4303
6844 4303
