3984 4303
4140 4303
2973 4303
4183 4303
247 4303
6751 4303
7865 4303
7334 4303
5944 4303
90 4303
7891 4303
6181 4304
765 4304
1419 4304
2632 4304
5795 4304
6614 4304
3287 4304
2960 4304
3473 4304
7944 4304
633 4304
3695 4304
2474 4304
249 4305
4843 4305
2308 4305
6972 4305
4536 4305
7517 4305
3898 4305
6686 4305
5289 4305
7811 4305
1448 4306
7331 4306
6914 4306
2618 4306
706 4306
1082 4306
1734 4306
5266 4306
5164 4306
450 4306
3344 4306
8155 4306
2016 4306
5228 4306
5549 4307
6643 4307
4548 4307
279 4307
8016 4307
2705 4307
7563 4307
2847 4307
5801 4307
985 4307
7736 4307
7763 4307
6717 4307
7357 4307
5365 4307
903 4307
7573 4307
6154 4308
2910 4308
6792 4308
1181 4308
1565 4308
226 4308
4887 4308
1892 4308
1861 4308
9 4308
4388 4308
2272 4308
1609 4308
3603 4308
7648 4308
5868 4308
7544 4308
6376 4308
5264 4309
6332 4309
2080 4309
2473 4309
2817 4309
4882 4309
4035 4309
5936 4309
7889 4309
79 4309
1269 4309
520 4309
5981 4309
5710 4309
5182 4309
7044 4309
4884 4309
1217 4309
5613 4309
7933 4310
6894 4310
4144 4310
5881 4310
7927 4310
3867 4310
7930 4310
5168 4310
2109 4310
4817 4311
7551 4311
367 4311
8006 4311
7294 4311
7274 4311
6661 4311
763 4311
774 4311
7492 4311
5960 4311
1937 4311
2527 4311
8080 4311
4279 4311
8251 4311
1330 4312
6179 4312
4242 4312
2436 4312
6689 4312
6413 4312
2633 4312
5592 4312
7103 4312
1878 4312
595 4312
7237 4312
3552 4312
5748 4312
824 4312
8073 4312
8010 4312
92 4312
680 4312
723 4313
5664 4313
8264 4313
4921 4313
6308 4313
6569 4313
2945 4313
2633 4313
6880 4313
866 4313
4026 4313
3365 4313
4030 4313
4069 4314
3804 4314
2713 4314
5824 4314
921 4314
7300 4314
3898 4314
3348 4314
4759 4314
6309 4314
2593 4314
362 4314
4900 4314
6723 4314
3954 4314
680 4314
3843 4314
3828 4314
7769 4314
5532 4314
4173 4315
598 4315
664 4315
6477 4315
4621 4315
4262 4315
6813 4315
8034 4315
4062 4315
2666 4315
3707 4315
7105 4315
3083 4315
7348 4315
7045 4315
3632 4315
5743 4316
751 4316
6748 4316
8025 4316
3982 4316
7225 4316
391 4316
585 4316
4885 4316
3339 4316
4388 4316
34 4316
1523 4316
3693 4316
7390 4317
7398 4317
7698 4317
6900 4317
5472 4317
6339 4317
3922 4317
1484 4317
927 4317
2181 4317
2735 4317
5213 4317
5872 4317
6918 4317
7205 4317
4579 4317
1901 4317
6758 4318
6667 4318
2163 4318
5166 4318
1410 4318
731 4318
323 4318
671 4318
8281 4318
8277 4318
6051 4318
6972 4318
6067 4319
5252 4319
642 4319
2909 4319
1223 4319
5048 4319
3288 4319
6732 4319
5890 4319
7074 4319
7176 4319
7732 4319
5183 4319
2853 4319
488 4319
686 4320
913 4320
4263 4320
6947 4320
665 4320
892 4320
5238 4320
2900 4320
119 4320
1903 4320
561 4320
4910 4320
3543 4320
3549 4320
5288 4320
138 4320
713 4320
296 4320
3436 4320
465 4320
7463 4320
434 4320
6659 4321
1031 4321
2563 4321
3222 4321
4859 4321
5756 4321
7508 4321
2669 4321
7533 4321
1656 4321
6144 4321
2195 4321
1289 4321
7161 4321
1667 4321
2072 4322
5872 4322
6744 4322
5699 4322
1518 4322
3325 4322
2753 4322
777 4322
1877 4322
5432 4322
1313 4322
3009 4322
5982 4322
6549 4322
2424 4322
308 4322
501 4322
7128 4322
7334 4322
7465 4322
7624 4323
864 4323
6237 4323
2985 4323
6253 4323
1473 4323
7308 4323
892 4323
7480 4323
582 4323
2265 4323
5035 4323
6446 4323
2290 4323
1829 4323
4267 4324
2720 4324
4781 4324
3398 4324
5987 4324
6271 4324
595 4324
6901 4324
172 4324
4049 4324
6951 4324
3021 4324
832 4324
7274 4324
2606 4324
2487 4324
7624 4325
3458 4325
824 4325
7040 4325
6236 4325
5555 4325
5737 4325
595 4325
6832 4325
7744 4325
2683 4325
6649 4325
146 4325
7487 4325
5754 4325
1787 4325
3458 4326
5714 4326
3261 4326
7974 4326
37 4326
7920 4326
3617 4326
5477 4326
3034 4326
373 4326
1834 4326
7514 4326
306 4326
5502 4326
5986 4326
6772 4326
2715 4326
4594 4326
6641 4327
2390 4327
1163 4327
4007 4327
8286 4327
773 4327
7294 4327
1522 4327
17 4327
3871 4327
3080 4328
258 4328
2646 4328
7498 4328
1867 4328
6479 4328
7119 4328
4596 4328
6033 4328
4689 4329
2227 4329
3029 4329
2784 4329
6822 4329
1771 4329
2085 4329
4896 4329
3856 4329
3092 4329
4779 4329
5444 4329
4480 4330
1147 4330
2812 4330
7074 4330
7456 4330
6241 4330
5162 4330
7552 4330
2515 4330
953 4330
7234 4330
5457 4330
2324 4330
2013 4330
7248 4330
47 4330
452 4330
5418 4330
5615 4330
889 4331
310 4331
4204 4331
4963 4331
2068 4331
4358 4331
6115 4331
1462 4331
5692 4331
6768 4331
2555 4331
6661 4331
3801 4331
6289 4331
2421 4331
1537 4331
1829 4331
5452 4331
4678 4331
5920 4331
4710 4331
7628 4331
410 4331
2736 4332
7521 4332
7799 4332
5750 4332
6459 4332
7512 4332
6175 4332
6466 4332
5892 4332
7523 4332
7680 4332
5816 4332
5844 4332
5738 4332
4750 4332
6862 4332
5354 4332
3035 4332
6900 4332
2572 4332
3683 4332
7962 4333
2784 4333
8226 4333
2198 4333
779 4333
513 4333
4045 4333
7521 4333
1894 4333
2885 4333
1124 4333
8123 4333
6817 4333
7413 4333
2692 4334
4877 4334
602 4334
5010 4334
7204 4334
7935 4334
5026 4334
3692 4334
1298 4334
5472 4334
2371 4334
49 4334
7231 4334
5228 4335
4509 4335
6607 4335
2670 4335
6440 4335
7000 4335
5478 4335
1067 4335
4561 4335
2304 4335
6600 4335
7723 4335
3040 4335
6732 4335
2872 4335
697 4335
3713 4335
5288 4335
6162 4335
7020 4335
6795 4335
6845 4335
6950 4336
5154 4336
1336 4336
8048 4336
267 4336
2963 4336
3914 4336
5446 4336
2467 4336
3196 4336
895 4336
424 4336
2195 4336
4532 4336
3550 4336
982 4336
6916 4336
2755 4336
4977 4336
1977 4336
3170 4337
6789 4337
3792 4337
4568 4337
6756 4337
5222 4337
606 4337
4380 4337
1106 4337
2784 4337
1909 4337
7708 4337
2523 4337
3487 4337
3502 4337
5608 4338
3564 4338
7825 4338
4476 4338
3924 4338
204 4338
7999 4338
6008 4338
4865 4338
1869 4338
1205 4338
7969 4338
7234 4338
897 4338
7928 4338
6541 4338
6213 4338
4234 4338
5033 4338
729 4338
4162 4338
1937 4338
3706 4339
3310 4339
697 4339
6275 4339
5771 4339
2542 4339
3141 4339
4112 4339
7531 4339
2127 4339
8159 4339
6156 4339
3657 4339
6444 4339
2851 4339
8079 4339
3190 4340
5324 4340
3909 4340
8230 4340
353 4340
1103 4340
4760 4340
5032 4340
5968 4340
3272 4340
5679 4340
4188 4340
4316 4340
2849 4340
176 4340
3460 4340
4524 4340
3060 4341
5324 4341
605 4341
5888 4341
4820 4341
5780 4341
1171 4341
5236 4341
5028 4341
6638 4341
4626 4341
8205 4341
7137 4341
6013 4342
2097 4342
7878 4342
7086 4342
3692 4342
528 4342
7969 4342
1701 4342
2318 4342
3995 4342
532 4342
3700 4342
5919 4342
2596 4342
3015 4342
4962 4342
225 4342
3868 4342
5288 4342
2548 4343
5652 4343
581 4343
2583 4343
894 4343
4467 4343
151 4343
3401 4343
733 4343
1337 4343
8241 4343
3391 4343
1341 4343
7995 4343
4280 4343
6084 4343
3985 4343
5273 4343
3919 4343
4344 4344
7391 4344
3559 4344
8230 4344
4314 4344
2921 4344
1169 4344
6232 4344
3566 4344
3051 4344
1109 4344
4723 4344
6079 4344
439 4344
7405 4344
1299 4345
2433 4345
1174 4345
1516 4345
5632 4345
1538 4345
7554 4345
466 4345
7940 4345
869 4345
1212 4345
2048 4345
3143 4346
2245 4346
5113 4346
5619 4346
5394 4346
163 4346
1959 4346
3555 4346
3630 4346
4309 4346
8205 4346
1295 4346
658 4346
1655 4346
7928 4346
3667 4346
8173 4346
2805 4346
61 4346
1280 4346
4975 4346
5468 4347
4350 4347
5883 4347
1815 4347
4338 4347
4024 4347
7562 4347
2311 4347
3136 4347
1560 4347
5379 4347
6294 4347
2447 4347
3045 4347
3177 4347
8180 4347
2509 4347
3179 4347
5789 4347
4333 4347
217 4347
4689 4347
5770 4347
4229 4347
4076 4348
3181 4348
2604 4348
940 4348
1830 4348
1991 4348
1906 4348
62 4348
611 4348
5404 4348
1349 4348
6284 4349
5464 4349
4929 4349
5555 4349
2669 4349
2331 4349
3383 4349
7159 4349
1473 4349
4857 4349
4950 4349
7531 4349
6433 4349
883 4349
7997 4349
3596 4349
3531 4349
4988 4349
1634 4349
2693 4350
7158 4350
1024 4350
5613 4350
774 4350
2377 4350
240 4350
198 4350
2973 4350
8106 4350
4662 4350
1979 4350
1147 4350
7085 4350
5795 4350
6778 4351
6931 4351
3183 4351
1639 4351
3366 4351
5005 4351
2809 4351
4989 4351
3102 4351
2376 4351
6886 4351
1963 4351
3622 4351
5276 4351
6637 4351
1748 4351
1458 4351
4710 4352
1731 4352
7882 4352
5070 4352
2989 4352
2937 4352
6229 4352
3764 4352
4975 4352
5240 4353
3527 4353
3817 4353
6451 4353
6778 4353
6722 4353
6601 4353
5009 4353
2225 4353
183 4353
309 4353
5832 4354
7741 4354
2919 4354
2202 4354
2082 4354
6228 4354
6688 4354
1723 4354
4139 4354
6335 4354
5562 4354
1240 4354
4572 4354
3122 4354
7564 4354
7910 4355
8175 4355
768 4355
5777 4355
6211 4355
4090 4355
2344 4355
1364 4355
7377 4355
1193 4355
7754 4355
4542 4355
5466 4355
6959 4355
3124 4355
6100 4356
8155 4356
5832 4356
851 4356
37 4356
885 4356
7138 4356
5371 4356
6335 4356
5187 4356
7910 4356
3782 4356
2261 4356
5172 4356
4167 4357
7652 4357
2137 4357
5236 4357
3868 4357
6725 4357
7002 4357
2584 4357
7234 4357
3510 4357
6325 4357
7061 4357
204 4357
865 4357
4274 4357
8205 4357
6451 4357
4519 4357
3930 4357
2119 4357
1139 4357
7580 4358
5899 4358
1409 4358
7435 4358
5756 4358
6321 4358
3985 4358
5938 4358
284 4358
395 4358
4324 4358
6326 4358
6949 4358
6817 4358
632 4358
8048 4358
3092 4358
4731 4358
1924 4358
774 4358
5046 4358
3083 4359
4324 4359
3234 4359
4798 4359
4549 4359
4180 4359
232 4359
2512 4359
4017 4359
3303 4359
3499 4359
2261 4359
6936 4359
1213 4359
6029 4359
6675 4359
2698 4359
4888 4359
2161 4360
4778 4360
3675 4360
5117 4360
5257 4360
4585 4360
5123 4360
3085 4360
602 4360
3034 4360
310 4360
7040 4360
4035 4360
6563 4360
2119 4360
5536 4360
4435 4360
7916 4360
383 4360
6790 4360
7835 4360
2470 4361
7815 4361
893 4361
880 4361
5026 4361
4246 4361
6198 4361
4572 4361
1718 4361
4670 4361
5632 4361
167 4361
1684 4361
734 4361
1552 4362
1857 4362
2696 4362
8249 4362
2770 4362
6271 4362
1973 4362
7374 4362
384 4362
7231 4362
4820 4362
2216 4362
4753 4362
4091 4362
1257 4362
1322 4362
1765 4362
3879 4362
5183 4362
6840 4363
7145 4363
6444 4363
5109 4363
5121 4363
1120 4363
4209 4363
3021 4363
1559 4363
5696 4363
2951 4364
2075 4364
7240 4364
6679 4364
4878 4364
7996 4364
7323 4364
8054 4364
6111 4364
4862 4364
5945 4364
7488 4364
3028 4364
43 4364
1790 4364
4365 4365
4250 4365
1551 4365
667 4365
5138 4365
4745 4365
6312 4365
6699 4365
4550 4365
2078 4365
256 4365
5165 4365
5035 4365
2487 4365
7902 4365
6649 4365
3756 4365
68 4366
2126 4366
5114 4366
5682 4366
3243 4366
4081 4366
3116 4366
2320 4366
3375 4366
512 4366
7398 4366
7331 4366
3487 4367
512 4367
5143 4367
3382 4367
6145 4367
4988 4367
7481 4367
1192 4367
4468 4367
168 4367
8295 4367
8077 4367
7599 4367
6100 4367
5354 4367
7028 4367
3012 4367
6937 4367
7465 4368
6308 4368
6054 4368
4908 4368
705 4368
1057 4368
5411 4368
8137 4368
4408 4368
1894 4368
1171 4368
3142 4368
4889 4368
4825 4368
3603 4368
1720 4369
504 4369
2415 4369
4941 4369
3673 4369
5745 4369
7963 4369
1086 4369
4375 4369
4141 4369
7017 4369
7986 4369
6103 4369
1189 4369
3365 4369
5214 4369
5912 4369
4370 4370
6496 4370
7135 4370
1245 4370
4129 4370
268 4370
4696 4370
500 4370
7457 4370
3142 4370
8177 4370
3940 4370
4206 4370
7859 4370
2319 4370
718 4370
474 4370
8286 4371
3031 4371
2256 4371
3214 4371
1494 4371
605 4371
427 4371
5670 4371
4781 4371
3256 4371
1788 4371
6555 4371
6629 4371
2325 4371
4411 4371
6805 4371
854 4372
4268 4372
7944 4372
4299 4372
989 4372
1081 4372
7907 4372
672 4372
4915 4372
3840 4372
586 4372
6538 4372
123 4372
2225 4373
3774 4373
5946 4373
3984 4373
1993 4373
5885 4373
4711 4373
7335 4373
7506 4373
5075 4373
918 4373
6720 4373
331 4373
7864 4373
3934 4373
2207 4373
1612 4373
4977 4373
4458 4374
3833 4374
637 4374
2577 4374
1066 4374
7786 4374
295 4374
668 4374
7849 4374
3868 4374
7432 4374
950 4374
5515 4374
7692 4375
1943 4375
8173 4375
6827 4375
4660 4375
4190 4375
8139 4375
5533 4375
3325 4375
3939 4375
734 4375
5080 4375
7076 4375
6260 4375
8279 4375
4990 4375
6477 4375
4889 4375
3810 4376
2776 4376
4840 4376
4941 4376
2166 4376
1656 4376
3790 4376
8092 4376
4422 4376
566 4376
4117 4376
3809 4376
222 4376
5452 4376
105 4376
4283 4376
404 4377
3013 4377
6417 4377
5122 4377
4646 4377
3668 4377
1587 4377
3967 4377
151 4377
85 4377
8293 4377
3929 4377
3518 4377
5309 4377
3674 4377
2061 4377
518 4377
3776 4377
6394 4377
62 4377
5515 4377
6680 4377
2931 4377
4541 4378
3637 4378
785 4378
7726 4378
543 4378
6627 4378
486 4378
3969 4378
1289 4378
4861 4378
7611 4378
3458 4378
2492 4378
3949 4378
42 4379
4874 4379
5981 4379
3243 4379
2271 4379
7081 4379
2346 4379
308 4379
769 4379
6513 4379
3591 4379
6201 4379
6733 4379
7311 4379
6443 4379
6565 4379
7920 4379
1732 4379
5257 4380
2135 4380
4804 4380
3366 4380
5806 4380
7770 4380
3892 4380
7892 4380
5972 4380
3305 4380
2477 4380
2669 4380
4086 4380
6407 4380
3413 4380
1233 4380
3352 4380
289 4380
8257 4380
3903 4380
7049 4381
3857 4381
6954 4381
1939 4381
5221 4381
189 4381
1442 4381
7730 4381
2972 4381
2778 4381
3089 4381
2728 4381
199 4381
4636 4381
7307 4381
2366 4381
6240 4382
8169 4382
4986 4382
3760 4382
3950 4382
6862 4382
4519 4382
4564 4382
1989 4382
4820 4382
7201 4382
3311 4382
3688 4382
3994 4382
3964 4382
2727 4382
5745 4382
8266 4383
489 4383
7285 4383
6314 4383
3742 4383
3905 4383
7787 4383
5397 4383
7342 4383
7585 4383
2870 4383
982 4383
2037 4383
2858 4383
4716 4383
2316 4383
4615 4383
1209 4383
1750 4384
606 4384
3074 4384
4977 4384
3843 4384
98 4384
5716 4384
4075 4384
1475 4384
7473 4384
4379 4384
1762 4384
3497 4384
1882 4384
898 4384
5735 4384
3352 4384
5860 4384
5347 4385
7718 4385
6948 4385
195 4385
3988 4385
7936 4385
4184 4385
3169 4385
4178 4385
5516 4385
2332 4385
1061 4385
1287 4386
6169 4386
2715 4386
3157 4386
7509 4386
7243 4386
836 4386
6910 4386
7144 4386
299 4386
4191 4386
2123 4386
6269 4386
2406 4386
966 4386
249 4386
911 4387
6505 4387
704 4387
3680 4387
2221 4387
5890 4387
7496 4387
4872 4387
3382 4387
1681 4387
494 4387
4743 4387
1791 4387
3863 4387
7650 4387
6312 4387
6071 4388
4414 4388
3723 4388
61 4388
3523 4388
1830 4388
5675 4388
1709 4388
7752 4388
7019 4388
4450 4388
2261 4388
17 4388
583 4389
3016 4389
6610 4389
5065 4389
1563 4389
469 4389
1931 4389
640 4389
6094 4389
173 4389
722 4389
2537 4389
4651 4390
3420 4390
4390 4390
8219 4390
838 4390
4104 4390
7732 4390
3167 4390
3632 4390
4172 4390
2731 4390
7084 4390
4412 4390
5909 4390
2987 4390
1695 4391
7604 4391
4529 4391
822 4391
1149 4391
2706 4391
3271 4391
4238 4391
373 4391
4391 4391
6757 4391
4664 4391
1527 4391
4636 4391
917 4391
3802 4391
436 4391
2135 4391
346 4391
7386 4391
2949 4392
3032 4392
8073 4392
640 4392
3776 4392
4856 4392
1303 4392
5207 4392
8048 4392
1498 4392
735 4392
7511 4392
1025 4392
5313 4392
327 4392
598 4392
6470 4392
3136 4392
7001 4392
5188 4393
4662 4393
2673 4393
2843 4393
8116 4393
917 4393
7275 4393
2763 4393
1011 4393
4199 4393
4350 4393
4753 4393
4954 4393
2545 4393
7967 4393
5466 4393
7740 4393
4271 4393
854 4394
5447 4394
1162 4394
2741 4394
7516 4394
8210 4394
7350 4394
6284 4394
5565 4394
2320 4394
7497 4394
2315 4394
1234 4394
6022 4394
4268 4394
2641 4394
4203 4394
2942 4394
1364 4394
3030 4395
2293 4395
1621 4395
6470 4395
2244 4395
4566 4395
400 4395
7251 4395
5812 4395
3035 4395
1886 4395
7976 4395
6254 4395
4638 4395
1233 4395
6314 4395
3077 4395
4622 4395
3013 4395
3792 4395
3005 4396
5126 4396
1290 4396
6457 4396
7783 4396
7183 4396
7630 4396
3122 4396
4817 4396
3365 4396
5418 4396
4941 4396
7550 4396
3068 4396
1910 4396
7754 4396
427 4396
7189 4396
894 4396
1089 4396
6592 4396
3750 4397
2362 4397
3938 4397
6733 4397
757 4397
1972 4397
3674 4397
5532 4397
7166 4397
3597 4397
7610 4397
7982 4397
123 4397
2844 4397
1858 4397
1291 4398
7320 4398
1724 4398
6474 4398
561 4398
5303 4398
5018 4398
2963 4398
2704 4398
5656 4398
3632 4398
2395 4399
4382 4399
4979 4399
4617 4399
4899 4399
7887 4399
5499 4399
501 4399
4039 4399
2796 4399
43 4399
3687 4399
4112 4399
8000 4399
3001 4399
8162 4399
2837 4399
1822 4399
5880 4399
922 4400
815 4400
5754 4400
8172 4400
5582 4400
2972 4400
5168 4400
8002 4400
3083 4400
8155 4400
5811 4400
650 4400
5286 4400
5379 4400
1390 4400
8291 4400
644 4400
2377 4401
4246 4401
5702 4401
6501 4401
290 4401
2110 4401
323 4401
4155 4401
6841 4401
4839 4401
839 4401
3652 4401
6649 4401
471 4401
1719 4401
305 4401
6673 4401
177 4401
3316 4401
1140 4402
4378 4402
2549 4402
329 4402
274 4402
1538 4402
2731 4402
3468 4402
4481 4402
3674 4402
5837 4402
8297 4402
6545 4403
8237 4403
2770 4403
4272 4403
6592 4403
68 4403
398 4403
8070 4403
8045 4403
1661 4403
7286 4403
7997 4403
1346 4403
417 4403
6734 4403
7850 4403
4199 4403
7373 4403
5237 4404
5585 4404
3182 4404
1802 4404
43 4404
5545 4404
7539 4404
6440 4404
7074 4404
3787 4404
4716 4404
1997 4404
2034 4404
6954 4404
6435 4404
7193 4404
1209 4404
5450 4404
4682 4404
2812 4404
903 4405
2637 4405
1974 4405
7652 4405
560 4405
1462 4405
3456 4405
7177 4405
23 4405
7781 4405
329 4405
1676 4405
1370 4405
2367 4405
7766 4406
1175 4406
6790 4406
7029 4406
762 4406
4155 4406
5243 4406
6962 4406
4788 4406
5526 4406
6716 4406
3549 4406
2523 4406
3152 4406
4492 4406
5473 4406
1406 4407
852 4407
4597 4407
4059 4407
8121 4407
2376 4407
2279 4407
7141 4407
5664 4407
5743 4407
1703 4407
8175 4407
5832 4407
6347 4407
1136 4407
4751 4408
6266 4408
2694 4408
2108 4408
2641 4408
4788 4408
7825 4408
4352 4408
3157 4408
6136 4408
84 4408
2004 4408
285 4408
5459 4408
4689 4408
7520 4408
6888 4408
1663 4408
6929 4408
2131 4408
2425 4409
3895 4409
7045 4409
4231 4409
7731 4409
3565 4409
1169 4409
3845 4409
4405 4409
7290 4409
689 4409
2012 4409
4453 4409
5435 4409
1017 4409
1689 4409
4410 4410
6244 4410
376 4410
3634 4410
7808 4410
6441 4410
8282 4410
7209 4410
4353 4410
4645 4410
4349 4410
4065 4410
2030 4410
6761 4410
3172 4410
4604 4410
6802 4410
2424 4410
6107 4410
4835 4410
7448 4410
3638 4411
5517 4411
1044 4411
3353 4411
4668 4411
6435 4411
6065 4411
956 4411
4817 4411
2688 4411
2965 4412
3455 4412
3687 4412
4518 4412
4360 4412
3856 4412
2800 4412
6730 4412
1037 4412
319 4412
1995 4412
6031 4412
2151 4412
3590 4412
519 4412
540 4412
6576 4412
8281 4413
5466 4413
6068 4413
7052 4413
6865 4413
7856 4413
344 4413
3153 4413
404 4413
3220 4413
2425 4413
1532 4413
6223 4413
7357 4413
4182 4413
5443 4413
667 4413
7794 4413
2207 4414
5279 4414
6457 4414
5701 4414
1144 4414
4791 4414
5959 4414
8265 4414
922 4414
167 4414
3702 4414
8165 4414
7859 4414
6030 4414
4808 4414
2967 4414
764 4414
25 4414
6024 4415
6552 4415
5434 4415
4039 4415
326 4415
5481 4415
2018 4415
592 4415
3777 4415
6087 4415
6177 4415
2643 4415
6100 4415
5102 4416
8035 4416
3275 4416
6285 4416
4264 4416
4793 4416
4895 4416
6373 4416
3090 4416
3413 4416
146 4416
3383 4416
4724 4416
6933 4417
4184 4417
4417 4417
5722 4417
7393 4417
3269 4417
4442 4417
3756 4417
5306 4417
5506 4417
402 4417
4633 4417
2265 4417
205 4417
2140 4417
3732 4417
5899 4417
5498 4417
7147 4417
7298 4417
2994 4417
5572 4417
5363 4417
3696 4417
4418 4418
1914 4418
4927 4418
787 4418
3144 4418
3563 4418
6077 4418
747 4418
6841 4418
7818 4418
1885 4418
3527 4418
5614 4418
2764 4419
3941 4419
3764 4419
6783 4419
2195 4419
6132 4419
1179 4419
7263 4419
895 4419
2691 4419
2330 4419
3045 4419
1902 4419
7355 4419
6910 4419
7772 4419
7815 4419
460 4419
6773 4419
7651 4420
4840 4420
1554 4420
2875 4420
4916 4420
1400 4420
3787 4420
2869 4420
3617 4420
4357 4420
560 4420
7253 4420
2881 4420
5613 4420
7608 4420
1555 4421
1940 4421
4556 4421
784 4421
6426 4421
2636 4421
2151 4421
384 4421
7328 4421
4612 4421
6780 4421
3288 4421
4893 4421
6333 4421
5716 4421
464 4421
6757 4421
4545 4421
873 4421
3658 4421
2925 4421
4077 4421
3687 4422
1668 4422
2822 4422
3750 4422
3897 4422
2123 4422
512 4422
216 4422
8053 4422
2463 4422
8284 4422
5169 4422
364 4422
1869 4422
6552 4422
3935 4422
2630 4422
1511 4422
1906 4422
6886 4422
5897 4422
829 4422
2509 4423
4990 4423
5344 4423
3787 4423
963 4423
7929 4423
7741 4423
3468 4423
6614 4423
5738 4423
4972 4423
1031 4423
6460 4423
821 4423
7682 4423
5512 4423
1894 4424
3105 4424
4456 4424
3913 4424
4965 4424
1341 4424
4180 4424
2395 4424
1322 4424
6302 4424
1546 4424
2373 4424
1236 4424
8285 4424
668 4424
8000 4424
