3237 4424
5042 4424
4986 4424
172 4425
588 4425
2924 4425
4198 4425
1435 4425
7027 4425
4409 4425
1815 4425
7914 4425
525 4425
7258 4425
1017 4425
5009 4426
768 4426
2135 4426
3663 4426
63 4426
3529 4426
6294 4426
2938 4426
3071 4426
7599 4426
1132 4426
7843 4426
7392 4426
5837 4426
6658 4426
4897 4426
6651 4426
3302 4426
1647 4427
5938 4427
6249 4427
5464 4427
3544 4427
3367 4427
2089 4427
6601 4427
5190 4427
418 4427
3833 4427
6927 4427
5152 4427
156 4427
4769 4427
7153 4427
6180 4428
3235 4428
802 4428
7381 4428
2312 4428
5077 4428
7432 4428
5154 4428
4929 4428
5216 4428
3768 4428
1381 4428
5511 4428
1613 4428
5920 4428
1432 4428
4279 4428
4529 4428
867 4428
6984 4429
1630 4429
7554 4429
79 4429
715 4429
3819 4429
7963 4429
2836 4429
196 4429
5432 4429
4123 4429
4731 4429
7408 4429
7430 4429
2555 4429
7348 4430
1866 4430
4286 4430
4789 4430
1346 4430
5444 4430
581 4430
223 4430
6773 4430
7020 4430
7466 4430
6314 4430
3778 4431
3127 4431
6276 4431
7889 4431
133 4431
222 4431
6264 4431
1665 4431
3895 4431
7983 4431
5001 4431
3904 4431
3054 4432
3245 4432
5415 4432
7138 4432
5586 4432
3230 4432
5185 4432
4325 4432
1230 4432
95 4432
5498 4432
1717 4432
8135 4432
4280 4432
5119 4432
2311 4433
4312 4433
5473 4433
3293 4433
232 4433
8193 4433
4391 4433
5101 4433
5214 4433
2760 4433
6535 4433
2905 4433
4870 4433
1100 4433
1501 4433
6354 4433
6121 4433
3806 4433
6570 4433
3828 4433
5324 4433
3079 4433
1489 4434
7044 4434
3348 4434
5964 4434
5787 4434
6618 4434
2870 4434
2894 4434
3541 4434
4369 4434
2985 4434
1150 4434
7432 4434
39 4434
3573 4434
6864 4435
5587 4435
6627 4435
1585 4435
4713 4435
68 4435
8072 4435
5341 4435
5964 4435
2210 4435
3967 4436
4287 4436
7096 4436
7546 4436
5592 4436
639 4436
3333 4436
3523 4436
7600 4436
7972 4436
7033 4436
5855 4436
2903 4436
1185 4436
668 4436
2675 4436
4283 4436
681 4437
2951 4437
2006 4437
897 4437
7723 4437
6000 4437
7090 4437
4363 4437
6629 4437
3439 4437
747 4437
1572 4437
2628 4437
3007 4437
6136 4437
5959 4437
2053 4437
4802 4438
2080 4438
7936 4438
8010 4438
7818 4438
3846 4438
5664 4438
3652 4438
1685 4438
7891 4438
19 4438
6085 4438
2774 4438
1370 4438
3182 4438
2191 4438
183 4438
6820 4438
6434 4439
7170 4439
6404 4439
1250 4439
5565 4439
5925 4439
5700 4439
6842 4439
456 4439
6201 4439
7022 4439
3873 4439
6363 4439
8100 4439
7253 4439
480 4439
2358 4439
4887 4439
7546 4439
7331 4440
7605 4440
3324 4440
7861 4440
3544 4440
3674 4440
3135 4440
1253 4440
4881 4440
4125 4440
6075 4440
1728 4440
6108 4440
1900 4440
4120 4440
1458 4440
1419 4440
5775 4440
6520 4440
7741 4440
3095 4440
4265 4441
5190 4441
5423 4441
7846 4441
5696 4441
1103 4441
1806 4441
7540 4441
7492 4441
5839 4441
3261 4441
1724 4441
6630 4441
6360 4441
4258 4441
4349 4441
2471 4441
4949 4441
2006 4441
6867 4442
448 4442
3791 4442
2721 4442
1040 4442
6108 4442
5814 4442
82 4442
1097 4442
5341 4442
4451 4442
4715 4442
3498 4442
6512 4443
5752 4443
4582 4443
2439 4443
344 4443
5592 4443
6325 4443
5935 4443
5989 4443
4446 4443
4488 4443
5448 4443
6238 4443
6662 4443
8124 4443
362 4443
3604 4443
2110 4443
1587 4444
815 4444
4912 4444
5648 4444
5258 4444
2123 4444
2365 4444
4860 4445
2741 4445
4318 4445
3192 4445
7147 4445
5909 4445
3519 4445
7384 4445
3062 4445
4217 4445
1625 4445
5283 4445
2356 4445
3226 4445
7741 4446
4589 4446
7861 4446
2421 4446
7818 4446
3137 4446
1425 4446
4061 4446
5314 4446
7194 4446
5286 4446
6881 4446
7589 4446
6775 4446
3192 4446
6732 4446
7754 4446
2935 4446
2665 4446
2234 4446
1534 4447
8020 4447
600 4447
7585 4447
4414 4447
8035 4447
5812 4447
3799 4447
2420 4447
8282 4447
649 4448
7625 4448
4415 4448
1559 4448
7799 4448
3777 4448
3933 4448
425 4448
6228 4448
3871 4448
2013 4448
5149 4448
4444 4448
1859 4448
536 4448
1388 4448
4382 4448
1459 4448
3995 4448
4167 4448
6163 4448
4449 4449
5799 4449
5301 4449
552 4449
4865 4449
6304 4449
3214 4449
4248 4449
7856 4449
904 4449
1917 4449
7910 4449
2582 4449
6118 4449
6267 4449
562 4450
5500 4450
3079 4450
7108 4450
2118 4450
4022 4450
1449 4450
2776 4450
2162 4450
2552 4450
7129 4450
7367 4450
6182 4450
2419 4450
7719 4450
4941 4450
6465 4450
6595 4450
6687 4450
7155 4450
5400 4451
4185 4451
1525 4451
1691 4451
4514 4451
6079 4451
7241 4451
3802 4451
7585 4451
5421 4451
7940 4451
8010 4451
3635 4451
1820 4451
2097 4451
853 4451
5046 4451
5432 4451
7037 4451
6522 4451
3900 4451
4607 4452
1828 4452
1593 4452
1858 4452
6919 4452
3092 4452
515 4452
6572 4452
1819 4452
5429 4452
6201 4452
7182 4452
1770 4452
1145 4452
1284 4452
3753 4452
4288 4452
7142 4453
2595 4453
1730 4453
7299 4453
4327 4453
4959 4453
2081 4453
2594 4453
502 4453
3940 4453
7889 4453
1987 4453
5667 4453
2523 4453
7448 4453
1149 4453
3657 4453
1045 4453
323 4453
6125 4453
3732 4453
3637 4453
3623 4453
3917 4454
2960 4454
2938 4454
3256 4454
6973 4454
3767 4454
6100 4454
5372 4454
4750 4454
7524 4454
4502 4454
5021 4454
5257 4454
4881 4454
655 4454
6913 4454
1599 4454
5310 4454
4109 4454
5839 4454
1940 4454
4047 4454
1207 4454
2321 4454
1953 4454
4455 4455
7892 4455
115 4455
1652 4455
4768 4455
1999 4455
6702 4455
1672 4455
2631 4455
3522 4455
7379 4455
159 4455
3348 4455
2796 4455
7789 4455
3846 4455
6687 4455
5689 4456
7153 4456
1990 4456
956 4456
1360 4456
3936 4456
2487 4456
6227 4456
3636 4456
749 4456
6224 4456
7488 4456
723 4456
3547 4456
2109 4456
1060 4456
1830 4457
4457 4457
3167 4457
4894 4457
4360 4457
2953 4457
4724 4457
6522 4457
4647 4457
565 4457
3967 4457
6638 4457
910 4457
5572 4457
6563 4457
7882 4457
6622 4457
1364 4457
1171 4457
2538 4457
6572 4458
5131 4458
8020 4458
7283 4458
1794 4458
3415 4458
2471 4458
2831 4458
279 4458
369 4458
786 4458
5636 4458
3797 4458
6444 4458
7528 4458
1015 4459
6802 4459
6994 4459
69 4459
5177 4459
5159 4459
583 4459
6567 4459
1254 4459
357 4459
423 4459
706 4459
6363 4459
2542 4459
4051 4459
3144 4459
7428 4460
903 4460
7127 4460
6024 4460
2499 4460
6741 4460
349 4460
4584 4460
217 4460
1041 4460
6608 4460
1218 4460
1276 4460
3242 4460
174 4460
3314 4460
4307 4460
302 4460
3093 4461
5991 4461
2807 4461
4456 4461
5560 4461
1006 4461
1668 4461
1917 4461
5536 4461
5370 4461
3439 4462
1144 4462
6446 4462
1859 4462
5075 4462
737 4462
6743 4462
6781 4462
205 4462
3497 4462
5860 4462
2805 4462
3269 4462
7405 4462
4976 4462
3527 4462
2760 4462
7129 4462
3143 4462
7731 4462
3799 4462
6664 4463
3597 4463
6011 4463
2013 4463
2123 4463
2310 4463
7792 4463
7327 4463
6661 4463
4876 4463
141 4463
4881 4463
2061 4463
5909 4463
1554 4463
5387 4463
5950 4463
5780 4463
2377 4463
2740 4463
4289 4463
3760 4463
2786 4463
2475 4463
4176 4464
4811 4464
1909 4464
1715 4464
933 4464
2161 4464
156 4464
3879 4464
7277 4464
6325 4464
4093 4464
178 4464
3933 4464
7357 4464
7011 4464
6853 4464
5098 4464
7282 4464
1501 4465
1612 4465
5042 4465
6566 4465
6683 4465
5073 4465
3813 4465
253 4465
1216 4465
213 4465
6186 4465
1104 4465
151 4466
4496 4466
4013 4466
5562 4466
4447 4466
3378 4466
4765 4466
6536 4466
2925 4466
5799 4466
6901 4466
2030 4466
2864 4466
927 4466
2814 4466
3485 4466
5940 4467
5478 4467
1526 4467
3139 4467
1781 4467
6421 4467
6225 4467
5436 4467
533 4467
3455 4467
5237 4467
225 4467
537 4467
3932 4467
709 4467
7332 4468
4456 4468
5139 4468
3200 4468
6918 4468
3082 4468
8168 4468
5056 4468
2637 4468
6579 4468
5528 4468
2389 4468
267 4468
6284 4468
782 4468
1511 4468
1094 4468
8132 4468
4190 4469
2393 4469
1181 4469
938 4469
898 4469
2968 4469
5164 4469
3782 4469
1501 4469
5563 4469
7401 4469
1559 4470
1436 4470
2467 4470
5006 4470
2130 4470
1552 4470
378 4470
8072 4470
5524 4470
3891 4470
281 4470
6773 4470
7330 4470
4471 4471
7075 4471
3180 4471
2400 4471
5172 4471
4349 4471
5534 4471
4287 4471
3127 4471
5018 4471
2790 4471
1661 4472
7331 4472
7264 4472
1327 4472
3105 4472
279 4472
7333 4472
3068 4472
7670 4472
121 4472
6690 4472
5252 4472
6268 4472
3808 4472
92 4472
3117 4472
5446 4472
4400 4473
5419 4473
6091 4473
5785 4473
7556 4473
1003 4473
2054 4473
3872 4473
2170 4473
6723 4473
5454 4473
2650 4473
7754 4473
7396 4473
7840 4473
182 4473
2765 4473
4528 4473
4352 4473
6649 4473
915 4473
5098 4473
59 4474
6893 4474
4049 4474
2387 4474
2424 4474
3 4474
5225 4474
2705 4475
1749 4475
6911 4475
5752 4475
4280 4475
1462 4475
6459 4475
4749 4475
5130 4475
562 4475
7731 4475
3789 4475
1361 4475
5225 4475
5591 4475
8259 4475
5723 4475
6800 4475
7634 4475
4518 4475
4478 4475
2417 4475
7776 4475
4195 4475
1413 4475
5088 4476
4734 4476
7204 4476
5310 4476
2282 4476
492 4476
7194 4476
2099 4476
4430 4476
1995 4476
3837 4476
7219 4476
1336 4476
834 4476
1284 4476
6244 4476
2709 4476
5224 4477
7611 4477
4264 4477
533 4477
8162 4477
933 4477
3897 4477
4360 4477
5522 4477
3609 4477
2143 4477
5294 4477
4278 4477
3130 4478
5744 4478
5936 4478
762 4478
8172 4478
5022 4478
7334 4478
8133 4478
1293 4478
8168 4478
2963 4478
3194 4478
1096 4478
2802 4478
1077 4478
3391 4478
6752 4478
7388 4478
4250 4478
455 4478
7569 4478
4479 4479
764 4479
167 4479
2242 4479
2387 4479
1460 4479
585 4479
1569 4479
1129 4479
4444 4479
7959 4479
6163 4479
2240 4479
7196 4479
4428 4479
8195 4480
715 4480
2868 4480
7046 4480
6084 4480
3104 4480
5592 4480
6129 4480
7262 4480
2386 4480
2531 4480
3540 4480
6125 4480
6087 4480
7139 4480
5972 4480
3516 4480
2870 4480
2933 4480
2346 4480
4749 4481
176 4481
4619 4481
3015 4481
6751 4481
3156 4481
1604 4481
522 4481
2977 4481
3840 4481
1786 4481
7194 4481
6535 4481
3917 4481
3680 4481
5927 4481
7135 4481
2836 4482
7907 4482
4241 4482
69 4482
202 4482
1894 4482
5001 4482
4049 4482
7565 4482
2877 4482
2708 4482
3850 4482
4921 4482
4203 4482
115 4482
2775 4482
811 4482
6564 4482
7647 4482
7920 4482
6852 4482
4483 4483
8000 4483
5391 4483
1078 4483
6916 4483
3267 4483
6437 4483
8123 4483
4619 4483
4268 4483
676 4483
5866 4483
1147 4484
4883 4484
3684 4484
5333 4484
688 4484
3704 4484
4381 4484
4654 4484
3808 4484
8073 4484
4658 4484
195 4484
122 4484
5925 4485
3296 4485
2900 4485
1653 4485
7818 4485
7693 4485
7547 4485
1094 4485
5303 4485
3166 4485
1330 4486
3760 4486
1952 4486
2283 4486
7413 4486
7294 4486
2694 4486
6067 4486
7777 4486
2413 4486
1386 4486
2786 4486
1668 4487
4190 4487
4329 4487
5957 4487
3649 4487
4562 4487
3846 4487
6336 4487
7394 4487
6702 4487
2755 4487
7638 4487
5161 4487
8081 4487
6443 4487
5783 4487
896 4487
4467 4487
6959 4487
1181 4487
5640 4487
7525 4487
7037 4488
1851 4488
4480 4488
5250 4488
675 4488
7972 4488
4081 4488
2673 4488
3289 4488
5338 4488
2659 4488
2663 4488
5773 4488
5684 4488
6099 4489
7575 4489
7930 4489
3705 4489
663 4489
1420 4489
4667 4489
4459 4489
348 4489
4333 4489
7647 4489
3700 4489
3030 4489
6510 4490
2054 4490
6238 4490
3367 4490
10 4490
6929 4490
1892 4490
716 4490
1178 4490
703 4490
2873 4490
4035 4490
7329 4490
3974 4490
722 4490
7046 4491
2354 4491
6285 4491
1231 4491
5815 4491
3709 4491
7911 4491
4172 4491
8124 4491
673 4491
7573 4491
5326 4491
3679 4491
7085 4491
6916 4491
3364 4491
7946 4491
7950 4491
3766 4492
8265 4492
6480 4492
1850 4492
3846 4492
6618 4492
3728 4492
2398 4492
2758 4492
4791 4492
2061 4492
1263 4492
1301 4492
6407 4493
3529 4493
1388 4493
6912 4493
1406 4493
6182 4493
7873 4493
2486 4493
4770 4493
2565 4493
1523 4493
5972 4493
7558 4493
344 4493
7727 4493
3037 4493
5036 4493
8087 4493
4655 4493
6100 4493
7300 4493
6241 4493
4790 4494
4478 4494
5552 4494
1725 4494
5982 4494
6357 4494
4018 4494
3759 4494
7506 4494
6732 4494
3565 4494
6164 4494
2565 4494
6081 4494
4702 4494
4501 4494
7645 4494
6254 4495
1560 4495
7128 4495
6084 4495
221 4495
6935 4495
7259 4495
1554 4495
7887 4495
821 4495
7895 4495
3908 4495
4770 4495
647 4495
4686 4495
4881 4495
7883 4495
1183 4495
3806 4496
5878 4496
3714 4496
1204 4496
2391 4496
1861 4496
2212 4496
5246 4496
4603 4496
6853 4496
6519 4496
3711 4496
44 4496
7498 4496
1101 4496
6286 4496
1549 4497
6354 4497
4501 4497
240 4497
7997 4497
8010 4497
4908 4497
4805 4497
349 4497
4247 4497
3464 4497
5371 4497
1094 4497
6664 4497
4553 4497
2549 4497
419 4498
4619 4498
3244 4498
5294 4498
321 4498
4740 4498
2417 4498
5654 4498
3748 4498
2424 4498
7647 4498
2632 4498
6591 4498
4525 4498
6537 4498
7928 4498
1970 4498
4654 4498
4499 4499
2866 4499
1365 4499
2637 4499
5572 4499
2463 4499
6563 4499
2645 4499
985 4499
6781 4499
1729 4499
6970 4499
5101 4499
4407 4500
7672 4500
183 4500
2515 4500
7554 4500
6662 4500
4591 4500
2930 4500
3075 4500
3357 4500
2513 4500
275 4500
1051 4500
2017 4500
130 4500
2688 4500
685 4500
7878 4500
7060 4500
8238 4501
3774 4501
4943 4501
5624 4501
17 4501
2600 4501
1373 4501
1103 4501
7173 4501
7832 4501
3732 4501
2712 4501
5621 4501
2646 4501
5061 4501
562 4501
2777 4501
2465 4501
3687 4501
748 4501
2708 4501
1565 4501
7269 4501
5982 4502
6234 4502
4821 4502
2985 4502
8137 4502
3435 4502
154 4502
7274 4502
2628 4502
2773 4502
1859 4502
4827 4502
6292 4502
1549 4502
3793 4502
1117 4502
7911 4502
18 4502
527 4502
5795 4503
384 4503
1796 4503
4134 4503
4363 4503
6031 4503
903 4503
6824 4503
692 4503
344 4503
3725 4503
4355 4503
4294 4503
7504 4503
1995 4503
5438 4503
6389 4503
2051 4504
2207 4504
7532 4504
6213 4504
6133 4504
5050 4504
7736 4504
5718 4504
1413 4504
7768 4504
3601 4504
1449 4505
6091 4505
5018 4505
5641 4505
2497 4505
1814 4505
3802 4505
4931 4505
4753 4505
1109 4505
3502 4505
6803 4505
426 4505
5384 4505
3007 4505
2321 4505
2885 4506
1569 4506
4748 4506
1771 4506
370 4506
3031 4506
3714 4506
3859 4506
3054 4506
4766 4506
5514 4506
3983 4506
6186 4506
1554 4506
5041 4506
1408 4506
7364 4506
5234 4506
2423 4506
1445 4507
3344 4507
4349 4507
851 4507
7789 4507
1523 4507
1563 4507
628 4507
4336 4507
6343 4507
584 4507
6993 4507
7467 4507
3621 4507
7166 4507
3170 4508
789 4508
6002 4508
3548 4508
1674 4508
291 4508
6171 4508
1769 4508
1044 4508
3971 4508
910 4508
4482 4508
377 4508
8078 4508
3445 4508
5737 4508
97 4508
1680 4508
4238 4508
7019 4508
4569 4509
4856 4509
4774 4509
7193 4509
1587 4509
2051 4509
3789 4509
6275 4509
3539 4509
1495 4509
7967 4509
2478 4509
145 4509
6919 4509
5555 4509
4874 4509
3058 4509
6369 4509
1414 4510
7241 4510
5169 4510
5684 4510
2536 4510
4233 4510
4773 4510
5208 4510
176 4510
7708 4510
1145 4510
6796 4510
7031 4510
6761 4510
1055 4511
7139 4511
4677 4511
1015 4511
3182 4511
1455 4511
254 4511
6933 4511
6853 4511
7777 4511
585 4511
2103 4511
685 4511
5263 4511
2278 4511
1595 4511
5844 4511
348 4511
8176 4511
4792 4511
7167 4512
3597 4512
14 4512
1036 4512
3071 4512
5453 4512
2110 4512
1722 4512
896 4512
492 4512
3086 4512
4286 4512
7654 4512
910 4512
4514 4512
5941 4513
4893 4513
4981 4513
2600 4513
1796 4513
1233 4513
3760 4513
552 4513
202 4513
614 4513
1073 4513
404 4514
159 4514
1934 4514
4514 4514
8269 4514
6841 4514
1029 4514
2410 4514
6615 4514
5536 4514
2197 4514
3700 4514
7951 4514
5593 4514
8272 4514
5009 4514
7754 4515
7074 4515
7147 4515
3688 4515
4144 4515
5983 4515
6210 4515
7342 4515
1536 4515
8219 4515
345 4515
7439 4515
2133 4515
4723 4515
4142 4515
3169 4515
7992 4515
3609 4515
103 4515
4856 4516
7586 4516
3767 4516
3386 4516
1734 4516
5990 4516
2078 4516
176 4516
8198 4516
2104 4516
6123 4516
837 4516
3472 4516
5740 4517
1087 4517
2435 4517
4380 4517
4858 4517
669 4517
5151 4517
3062 4517
474 4517
2712 4518
7895 4518
6361 4518
5944 4518
2388 4518
1104 4518
6633 4518
4246 4518
5271 4518
5475 4518
7383 4518
7241 4518
3723 4518
7115 4518
3758 4518
5900 4518
3486 4518
1300 4519
2736 4519
6360 4519
7815 4519
2580 4519
3534 4519
5974 4519
2708 4519
69 4519
1127 4519
6783 4519
2089 4519
4929 4520
604 4520
7534 4520
2267 4520
7329 4520
600 4520
553 4520
7648 4520
878 4520
3067 4520
3518 4520
6951 4520
8132 4520
2370 4520
4837 4521
2512 4521
5694 4521
5042 4521
7586 4521
7754 4521
608 4521
7160 4521
6616 4521
1511 4521
5327 4521
5084 4521
3312 4521
7027 4522
1806 4522
553 4522
2421 4522
450 4522
6702 4522
516 4522
7538 4522
5539 4522
3646 4522
3693 4522
7189 4522
885 4522
6705 4523
7927 4523
8101 4523
7166 4523
2017 4523
6244 4523
2148 4523
5242 4523
1128 4523
2331 4523
1568 4523
8296 4523
3758 4523
4251 4523
6609 4523
1407 4523
1486 4523
275 4523
726 4523
5568 4523
1405 4523
450 4523
6948 4523
1254 4523
2621 4523
3482 4524
6779 4524
6516 4524
480 4524
4630 4524
3710 4524
495 4524
489 4524
5254 4524
258 4524
2199 4524
2900 4524
7875 4524
3473 4524
2577 4524
6711 4524
6225 4524
3786 4524
7073 4524
4162 4524
4070 4524
1296 4524
6769 4524
3035 4525
5615 4525
6797 4525
7600 4525
4545 4525
2157 4525
1458 4525
5957 4525
3903 4525
2043 4525
5569 4525
1775 4525
7401 4525
7535 4525
1625 4525
5710 4525
2178 4526
6630 4526
7302 4526
1478 4526
7447 4526
1976 4526
1632 4526
1730 4526
6578 4526
997 4526
232 4526
658 4526
1017 4526
2333 4526
6043 4526
4850 4526
6867 4526
5473 4526
4039 4526
1742 4526
550 4526
1250 4526
5374 4526
4527 4527
5544 4527
6954 4527
5974 4527
4913 4527
737 4527
8208 4527
6970 4527
7066 4527
3010 4527
3512 4527
4622 4527
4877 4527
5883 4527
8269 4527
2762 4527
5028 4527
6425 4527
4097 4527
5263 4527
4682 4528
6101 4528
7253 4528
1254 4528
5761 4528
2852 4528
5538 4528
5511 4528
990 4528
4286 4529
1435 4529
3855 4529
3312 4529
1913 4529
1177 4529
7359 4529
7203 4529
6037 4529
1631 4529
1352 4529
4203 4529
5992 4529
4292 4529
7843 4529
7775 4529
4626 4530
1315 4530
2791 4530
7836 4530
1599 4530
7533 4530
4912 4530
5562 4530
5345 4530
2459 4530
4920 4530
136 4530
7138 4530
6716 4531
1410 4531
6198 4531
4865 4531
1235 4531
7234 4531
7653 4531
7796 4531
7682 4531
6853 4531
7788 4531
5687 4531
349 4531
6790 4531
1244 4531
5896 4531
3117 4532
4546 4532
2163 4532
2378 4532
5608 4532
7846 4532
1192 4532
3799 4532
898 4532
887 4532
416 4532
2542 4532
536 4532
2908 4532
6732 4532
7149 4533
207 4533
7653 4533
575 4533
571 4533
7983 4533
4792 4533
3713 4533
7020 4533
2990 4533
6341 4533
4801 4533
7293 4533
4544 4534
4278 4534
6719 4534
759 4534
73 4534
8007 4534
1482 4534
3339 4534
5371 4534
5233 4534
4248 4534
1653 4534
5780 4534
3614 4534
4627 4534
7682 4534
667 4534
961 4534
1701 4534
7709 4534
1585 4535
3913 4535
6770 4535
4104 4535
4445 4535
3656 4535
4430 4535
3547 4535
5722 4535
16 4535
7121 4535
478 4535
1781 4535
2987 4536
3230 4536
1307 4536
4379 4536
906 4536
4464 4536
4610 4536
537 4536
3628 4536
2509 4536
5435 4536
748 4536
172 4536
2280 4536
7137 4537
6193 4537
3311 4537
3031 4537
4678 4537
5240 4537
2439 4537
3439 4537
3663 4537
6856 4537
3060 4537
5872 4537
8105 4537
725 4537
7783 4537
5045 4537
7031 4537
6935 4538
327 4538
2448 4538
7465 4538
6725 4538
6958 4538
7037 4538
5583 4538
4514 4538
6668 4538
8254 4538
895 4538
4127 4539
1362 4539
2746 4539
7600 4539
4825 4539
5682 4539
619 4539
2663 4539
2990 4539
5881 4539
6083 4539
1567 4539
144 4539
1303 4539
6332 4540
6181 4540
4903 4540
125 4540
7281 4540
2429 4540
4440 4540
1203 4540
8226 4540
6824 4540
4076 4540
2180 4540
6357 4540
942 4540
2375 4540
1886 4541
2673 4541
3089 4541
6894 4541
537 4541
391 4541
2543 4541
6268 4541
2227 4541
5973 4541
2551 4541
2942 4541
4594 4541
1634 4541
807 4541
4282 4541
1420 4541
1758 4541
5980 4541
2354 4541
3982 4541
5530 4542
2472 4542
4329 4542
1041 4542
291 4542
5927 4542
1962 4542
2070 4542
2990 4542
190 4542
1390 4542
5330 4542
5766 4542
4453 4542
1045 4542
8230 4543
4543 4543
3237 4543
6206 4543
5538 4543
610 4543
4065 4543
5809 4543
782 4543
8252 4543
3005 4543
3073 4543
3250 4543
6057 4543
7950 4543
4425 4543
1392 4544
3752 4544
7698 4544
4220 4544
5279 4544
6033 4544
54 4544
5843 4544
7197 4544
4615 4544
7517 4544
3801 4544
123 4544
8020 4544
2195 4544
2393 4544
129 4544
2433 4544
5044 4544
5587 4545
7804 4545
7896 4545
6463 4545
4890 4545
7151 4545
7977 4545
2252 4545
3991 4545
6104 4545
5687 4545
4611 4545
1052 4545
4216 4545
4376 4545
7957 4546
661 4546
3170 4546
583 4546
2442 4546
7577 4546
2924 4546
6656 4546
5803 4546
561 4546
7492 4546
7578 4546
3309 4546
5892 4546
2829 4546
7725 4546
2070 4546
8008 4546
7374 4546
3113 4547
3754 4547
6817 4547
1734 4547
5685 4547
1272 4547
