4464 4547
1387 4547
7060 4547
7756 4547
1990 4547
2915 4547
609 4547
7864 4547
166 4547
2893 4547
5093 4548
7958 4548
5161 4548
3132 4548
2421 4548
7648 4548
6663 4548
4000 4548
1989 4548
5883 4548
3577 4548
4941 4548
4894 4548
4481 4548
7473 4548
4631 4548
1924 4548
5118 4548
664 4548
2949 4549
7460 4549
8241 4549
1093 4549
3888 4549
3001 4549
6752 4549
4859 4549
1857 4549
5718 4549
4863 4549
6974 4549
579 4549
7344 4549
4880 4549
3144 4549
922 4549
3343 4549
1626 4550
5696 4550
981 4550
2834 4550
3286 4550
6430 4550
7772 4550
5648 4550
6575 4550
8110 4550
1093 4550
2512 4550
2165 4550
5333 4550
951 4550
4199 4550
7350 4550
6693 4550
5434 4550
6802 4550
4644 4550
6262 4550
8008 4550
2922 4551
3517 4551
8273 4551
7215 4551
2143 4551
6776 4551
6350 4551
5825 4551
918 4551
5227 4551
5033 4551
5392 4551
2776 4551
4839 4551
2642 4551
4930 4551
2811 4551
4738 4551
4552 4552
3857 4552
1815 4552
3698 4552
7282 4552
3801 4552
4978 4552
2502 4552
828 4552
4935 4552
5811 4553
6496 4553
7071 4553
981 4553
6181 4553
1750 4553
7090 4553
3847 4553
7322 4553
593 4553
7135 4553
619 4553
1340 4553
583 4553
4114 4553
5112 4553
248 4553
5035 4554
5613 4554
5940 4554
2754 4554
4963 4554
5463 4554
7550 4554
3197 4554
4233 4554
5058 4554
7262 4554
2294 4554
8 4554
1860 4554
3637 4555
1686 4555
5130 4555
791 4555
1890 4555
5984 4555
383 4555
2080 4555
8026 4555
4542 4555
1238 4555
7799 4555
5221 4555
4668 4555
1195 4555
5836 4555
7119 4555
7079 4556
7861 4556
2925 4556
4512 4556
5118 4556
6968 4556
6257 4556
4086 4556
5075 4556
3929 4556
6992 4556
3212 4556
8241 4556
3791 4556
2940 4556
7447 4556
7780 4557
3505 4557
43 4557
1494 4557
5035 4557
6767 4557
4673 4557
725 4557
289 4557
7914 4557
4312 4557
6620 4557
8010 4557
894 4557
8115 4558
2269 4558
7504 4558
973 4558
6792 4558
3261 4558
4170 4558
5119 4558
2374 4558
5959 4558
3149 4558
1912 4558
4465 4558
883 4558
5414 4558
8295 4558
5702 4558
3883 4558
4235 4558
4245 4558
4316 4558
2688 4559
1311 4559
2629 4559
4533 4559
7509 4559
308 4559
1978 4559
1370 4559
6077 4559
4675 4559
3232 4559
4560 4560
3750 4560
7905 4560
7448 4560
2115 4560
1661 4560
6676 4560
498 4560
7342 4560
1536 4560
7982 4560
393 4560
688 4560
5636 4560
2716 4560
5987 4560
7882 4560
2643 4560
104 4561
8273 4561
7251 4561
437 4561
2016 4561
5324 4561
1479 4561
4603 4561
4378 4561
6805 4561
8078 4561
5259 4561
296 4561
1752 4561
4364 4561
4467 4561
1989 4561
4496 4562
2375 4562
1725 4562
3654 4562
2005 4562
5960 4562
1369 4562
4848 4562
4732 4562
1386 4562
6101 4562
2776 4562
3289 4562
1142 4562
4001 4562
2002 4562
3408 4562
3015 4562
1195 4562
7452 4562
4549 4562
7270 4563
1113 4563
7737 4563
2572 4563
1438 4563
3819 4563
918 4563
156 4563
4204 4563
2468 4563
4286 4563
5533 4564
642 4564
5487 4564
7582 4564
4705 4564
28 4564
7560 4564
1535 4564
4676 4564
4694 4564
8114 4564
5549 4564
6918 4564
4933 4564
4880 4564
5164 4564
4142 4564
4900 4564
144 4564
609 4564
719 4564
1976 4565
3568 4565
5689 4565
1851 4565
6430 4565
3401 4565
1957 4565
2366 4565
7539 4565
2645 4565
6625 4565
1183 4565
4059 4565
1895 4565
7720 4565
3460 4565
4662 4565
2111 4565
4705 4565
1744 4565
5428 4565
7338 4565
6406 4566
1901 4566
1967 4566
5194 4566
6065 4566
1280 4566
2837 4566
4357 4566
7335 4566
7094 4566
2465 4566
5672 4566
5881 4566
4766 4566
908 4566
8132 4566
4827 4566
1478 4567
3322 4567
7953 4567
6879 4567
878 4567
7731 4567
196 4567
4327 4567
2360 4567
2354 4567
4017 4567
1887 4567
305 4567
3793 4567
4429 4567
440 4567
5265 4567
3176 4568
4921 4568
5070 4568
3342 4568
1005 4568
159 4568
4795 4568
4889 4568
2352 4568
6578 4568
6865 4568
6946 4568
271 4568
1130 4568
4173 4568
7321 4568
7811 4568
3013 4569
3906 4569
7219 4569
7597 4569
5297 4569
5161 4569
7787 4569
4636 4569
7343 4569
5041 4569
6746 4569
2804 4569
5587 4570
683 4570
1109 4570
2067 4570
1452 4570
3309 4570
6171 4570
6923 4570
4335 4570
3612 4570
7029 4570
6864 4570
3616 4570
5221 4571
4582 4571
7740 4571
3980 4571
6043 4571
6168 4571
4563 4571
3654 4571
6466 4571
1550 4571
6255 4571
1127 4571
3009 4571
7553 4572
3963 4572
2318 4572
4642 4572
4289 4572
6824 4572
7393 4572
6853 4572
2879 4572
5830 4572
529 4572
4052 4572
281 4572
4714 4572
1953 4572
6325 4572
4737 4573
4689 4573
2693 4573
4708 4573
6457 4573
3925 4573
6004 4573
6021 4573
2564 4573
4005 4573
4603 4573
1932 4573
7270 4573
78 4573
4459 4573
7603 4573
2395 4574
1268 4574
2359 4574
1097 4574
3080 4574
33 4574
6625 4574
2984 4574
520 4574
431 4574
3455 4574
4524 4574
6569 4574
104 4574
2034 4575
1683 4575
5696 4575
619 4575
5545 4575
7965 4575
2072 4575
7732 4575
37 4575
129 4575
1987 4575
1816 4575
1233 4575
2675 4576
8137 4576
2931 4576
6268 4576
4742 4576
7329 4576
3774 4576
6254 4576
4083 4576
5234 4576
2053 4576
3127 4576
2692 4576
3438 4576
4986 4576
7713 4576
6341 4576
4577 4577
3892 4577
6792 4577
4638 4577
1109 4577
7533 4577
371 4577
3263 4577
3330 4577
3060 4577
5513 4577
7160 4578
5271 4578
5491 4578
1634 4578
8208 4578
6177 4578
1386 4578
5501 4578
1889 4578
1497 4578
581 4578
1672 4578
5334 4578
5136 4578
7298 4578
3147 4578
3562 4578
5322 4578
103 4578
296 4578
5414 4578
164 4579
4651 4579
5687 4579
4190 4579
579 4579
837 4579
5963 4579
7596 4579
4870 4579
5812 4579
3833 4579
5315 4579
7464 4579
4025 4579
6759 4579
2744 4579
7143 4579
2331 4579
5723 4579
1877 4579
5738 4579
5885 4579
6071 4580
4881 4580
7928 4580
1213 4580
4343 4580
1455 4580
6285 4580
6949 4580
963 4580
5028 4580
6646 4580
779 4580
4766 4580
4356 4580
4380 4580
96 4581
6403 4581
2494 4581
1041 4581
4815 4581
6451 4581
2013 4581
107 4581
1989 4581
3631 4581
7577 4581
4324 4581
6901 4581
6879 4581
5693 4581
8083 4581
2736 4582
1499 4582
3284 4582
6591 4582
4381 4582
597 4582
6251 4582
5289 4582
7196 4582
7081 4582
2764 4582
534 4582
418 4582
4242 4583
4583 4583
4696 4583
5551 4583
3698 4583
4738 4583
6738 4583
3784 4583
2456 4583
4137 4583
3903 4583
3256 4583
1550 4583
129 4583
5997 4583
4446 4583
8265 4583
6003 4583
321 4583
7874 4583
3437 4583
6039 4583
1850 4583
4667 4583
5282 4583
6334 4583
5908 4583
7524 4584
1301 4584
2533 4584
1621 4584
4777 4584
4565 4584
5884 4584
355 4584
444 4584
6919 4584
6690 4584
276 4584
7220 4584
4391 4584
4175 4584
4843 4584
1080 4584
841 4584
4137 4584
76 4584
5447 4584
6898 4584
4619 4585
2421 4585
2807 4585
5681 4585
1295 4585
7972 4585
3788 4586
2538 4586
2054 4586
6776 4586
3272 4586
7575 4586
1532 4586
7576 4586
129 4586
5048 4586
2629 4586
5500 4586
2374 4586
4176 4586
449 4587
3808 4587
2834 4587
3519 4587
7959 4587
2734 4587
7298 4587
498 4587
2893 4587
6094 4587
5076 4587
500 4587
1974 4587
966 4587
4146 4587
3414 4587
6700 4587
1190 4587
4588 4588
688 4588
2031 4588
2429 4588
2198 4588
6677 4588
1087 4588
105 4588
5474 4588
6021 4588
3073 4588
8015 4588
1683 4588
2851 4588
5045 4588
4356 4588
6400 4588
2811 4588
1574 4588
1740 4588
8002 4589
1089 4589
7464 4589
6864 4589
4965 4589
7580 4589
5007 4589
3179 4589
4718 4589
6115 4589
2271 4589
2036 4589
3872 4589
52 4589
6538 4589
2837 4589
1520 4589
4603 4589
7649 4589
1500 4589
7481 4589
5329 4589
3889 4590
7546 4590
2465 4590
3088 4590
603 4590
619 4590
1200 4590
2999 4590
2384 4590
6472 4590
4717 4590
5984 4590
1104 4590
3539 4590
8201 4590
7393 4590
402 4590
7034 4590
1912 4590
2551 4590
5854 4590
3107 4590
1147 4591
6331 4591
3601 4591
6264 4591
1104 4591
4961 4591
6789 4591
2497 4591
28 4591
1645 4591
2310 4591
3809 4591
6357 4591
5919 4591
4274 4591
4976 4592
358 4592
2851 4592
1234 4592
2126 4592
1339 4592
1373 4592
5242 4592
5718 4592
621 4592
7294 4592
2386 4592
1401 4592
7460 4593
3032 4593
3129 4593
5574 4593
7539 4593
1712 4593
3456 4593
3864 4593
5826 4593
1231 4593
4669 4593
1486 4594
3740 4594
2628 4594
1771 4594
3093 4594
2278 4594
2753 4594
4759 4594
5968 4594
675 4594
8266 4594
6605 4594
7274 4594
4134 4594
3969 4594
3869 4594
3761 4594
4531 4595
2939 4595
520 4595
2596 4595
7233 4595
4286 4595
1461 4595
4963 4595
636 4595
1937 4595
3998 4595
4584 4595
906 4596
834 4596
6440 4596
2281 4596
1674 4596
1025 4596
6719 4596
3260 4596
1683 4596
2769 4596
7196 4596
5253 4596
7540 4596
2280 4596
4506 4596
5248 4596
1144 4597
6611 4597
2507 4597
5210 4597
7606 4597
3034 4597
7780 4597
3047 4597
904 4597
5831 4597
8066 4597
6167 4597
7307 4597
5973 4597
496 4597
6580 4597
2119 4597
4548 4597
2111 4597
3827 4597
2332 4598
4702 4598
624 4598
137 4598
2075 4598
2867 4598
2397 4598
7469 4598
2062 4598
5119 4598
2128 4598
5755 4598
1912 4598
3974 4598
4599 4599
2261 4599
361 4599
5157 4599
4000 4599
1752 4599
2567 4599
3713 4599
5231 4599
7374 4599
5784 4599
6729 4599
7577 4599
2781 4599
6960 4600
4901 4600
144 4600
2380 4600
2358 4600
4134 4600
6394 4600
2791 4600
7467 4600
7400 4600
2248 4600
1124 4600
1810 4600
7743 4600
6779 4600
2206 4601
3949 4601
4601 4601
4170 4601
2198 4601
7778 4601
7237 4601
4398 4601
3332 4601
8259 4601
6025 4601
5248 4601
5720 4601
5682 4601
3828 4601
6264 4601
7277 4601
3931 4602
7518 4602
358 4602
5536 4602
5636 4602
5961 4602
1087 4602
3432 4602
7891 4602
585 4602
1596 4602
3056 4602
4070 4602
7000 4602
2438 4603
4961 4603
4360 4603
3040 4603
1524 4603
5085 4603
4962 4603
658 4603
7607 4603
1144 4603
7329 4603
4090 4603
3157 4603
4619 4603
635 4603
7356 4604
2950 4604
2247 4604
144 4604
1653 4604
6231 4604
6168 4604
5045 4604
7107 4604
6704 4604
1355 4604
2450 4604
1684 4604
4573 4604
7457 4604
4705 4604
5625 4605
582 4605
3332 4605
2294 4605
7428 4605
1171 4605
6962 4605
4357 4605
3531 4605
2570 4605
3088 4605
60 4605
4542 4605
4762 4605
7890 4605
7962 4605
3679 4606
8198 4606
5035 4606
1518 4606
2410 4606
4807 4606
6677 4606
4587 4606
3523 4606
581 4606
4959 4606
2342 4606
2632 4606
3609 4606
1223 4606
4084 4606
5973 4606
7990 4606
3882 4606
1792 4607
7193 4607
4340 4607
7973 4607
1300 4607
1895 4607
3342 4607
4638 4607
832 4607
5836 4607
1243 4607
3924 4607
350 4607
5656 4607
7622 4608
6580 4608
5289 4608
3431 4608
633 4608
3128 4608
5139 4608
4276 4608
6391 4608
6454 4608
11 4608
4663 4609
8078 4609
5326 4609
5624 4609
7341 4609
2575 4609
5143 4609
5852 4609
5696 4609
3153 4609
3409 4609
6144 4610
2253 4610
4024 4610
3304 4610
2606 4610
4881 4610
6794 4610
3817 4610
5065 4610
6784 4610
4545 4610
7320 4610
6206 4610
6460 4610
84 4610
2865 4610
2635 4610
2599 4611
3784 4611
8293 4611
95 4611
5981 4611
6600 4611
1869 4611
2197 4612
7551 4612
7832 4612
6727 4612
3396 4612
7389 4612
2352 4612
7634 4612
277 4612
5742 4612
5138 4612
8033 4612
6659 4612
2855 4612
3814 4612
5503 4613
5341 4613
721 4613
6081 4613
2774 4613
2175 4613
1495 4613
4774 4613
2845 4613
4793 4613
3329 4613
3871 4613
2483 4613
4311 4613
5454 4613
5694 4613
1604 4613
2275 4613
4769 4613
4885 4613
4614 4614
1280 4614
809 4614
4935 4614
6950 4614
4360 4614
3768 4614
6347 4614
3680 4614
5032 4614
1718 4614
595 4614
3803 4614
4702 4614
2768 4614
6277 4614
7792 4614
6911 4614
1364 4614
5446 4614
416 4615
4775 4615
1339 4615
1420 4615
2982 4615
8080 4615
2195 4615
3324 4615
4883 4615
4595 4615
3876 4615
5751 4615
5771 4615
7246 4615
1440 4615
2675 4615
3211 4615
551 4616
1321 4616
5795 4616
733 4616
518 4616
364 4616
1717 4616
970 4616
2485 4616
6748 4616
1372 4616
4636 4616
4413 4616
6595 4616
6986 4616
7244 4616
3977 4616
2200 4616
7069 4616
3263 4616
3212 4616
4548 4617
7340 4617
5967 4617
4929 4617
460 4617
5457 4617
4594 4617
3753 4617
491 4617
2688 4617
6594 4617
7294 4617
8269 4617
6142 4617
7896 4617
84 4617
4954 4617
2575 4617
620 4618
1554 4618
2973 4618
6342 4618
1093 4618
7572 4618
387 4618
5474 4618
2138 4618
5143 4618
6641 4619
2174 4619
3035 4619
7977 4619
192 4619
7311 4619
42 4619
3622 4619
5018 4619
5173 4619
2108 4619
3695 4619
3550 4619
2629 4619
5303 4619
3091 4620
1587 4620
75 4620
2315 4620
3635 4620
3235 4620
5327 4620
5233 4620
2809 4620
2643 4620
5675 4620
1589 4620
6502 4620
4902 4620
5080 4620
6886 4620
671 4620
3136 4620
6313 4621
3692 4621
1279 4621
6924 4621
1704 4621
820 4621
5186 4621
5719 4621
1331 4621
2762 4621
3352 4621
2245 4621
7437 4621
1725 4622
1567 4622
1420 4622
3975 4622
6424 4622
7714 4622
6649 4622
3200 4622
4005 4622
762 4622
7842 4622
4114 4622
7620 4622
7329 4622
3441 4622
263 4622
5570 4622
6398 4623
7284 4623
7742 4623
5852 4623
424 4623
1493 4623
3437 4623
1561 4623
3683 4623
3196 4623
37 4623
2076 4623
6936 4623
2584 4623
6601 4623
888 4624
1285 4624
7164 4624
4080 4624
6522 4624
1029 4624
1169 4624
2556 4624
5042 4624
3292 4624
3264 4624
3035 4624
2205 4624
3707 4624
7770 4624
3989 4624
6257 4624
4384 4624
6496 4625
2072 4625
3314 4625
4213 4625
1263 4625
7000 4625
2285 4625
7572 4625
6931 4625
751 4625
6309 4625
2018 4625
208 4625
7147 4625
786 4626
288 4626
4060 4626
3918 4626
4870 4626
6191 4626
6808 4626
7126 4626
5087 4626
3307 4626
7547 4626
7379 4626
7163 4626
3201 4626
884 4626
2791 4626
4461 4627
1356 4627
6982 4627
4521 4627
3027 4627
2394 4627
8238 4627
2274 4627
5353 4627
3545 4627
5043 4627
1960 4627
357 4627
4808 4627
6755 4627
2688 4627
6289 4627
6221 4628
1297 4628
3602 4628
5667 4628
5393 4628
2942 4628
3834 4628
5586 4628
600 4628
603 4628
4052 4628
3759 4628
7782 4628
7345 4628
6312 4628
689 4629
4476 4629
617 4629
7726 4629
6914 4629
2570 4629
1411 4629
499 4629
3128 4629
6420 4629
2986 4629
346 4629
873 4629
79 4629
4848 4629
1156 4629
5674 4630
449 4630
3497 4630
5319 4630
910 4630
1918 4630
1244 4630
285 4630
7693 4630
5075 4630
534 4630
7126 4630
3261 4630
8267 4630
5478 4630
3477 4630
7331 4630
7415 4630
8048 4630
3464 4631
664 4631
4406 4631
2742 4631
4407 4631
7887 4631
1347 4631
2365 4631
7869 4631
3909 4631
1561 4632
4847 4632
8139 4632
6091 4632
8267 4632
1663 4632
2489 4632
5157 4632
4973 4632
2813 4632
1088 4632
497 4632
5296 4632
5502 4632
6887 4632
4884 4632
7058 4633
7679 4633
7883 4633
5815 4633
7512 4633
4442 4633
7415 4633
5370 4633
4278 4633
625 4633
6361 4633
6144 4633
7710 4633
426 4633
393 4633
4634 4634
8026 4634
2835 4634
3827 4634
7209 4634
1752 4634
2321 4634
7145 4634
3761 4634
8263 4634
5435 4634
3499 4634
161 4634
6211 4634
499 4634
4129 4634
1601 4635
2356 4635
1871 4635
84 4635
6884 4635
7084 4635
1000 4635
6687 4635
7578 4635
1338 4635
7734 4635
3801 4635
62 4635
5093 4635
3139 4635
1686 4635
1923 4636
4717 4636
168 4636
583 4636
5908 4636
8032 4636
5043 4636
1523 4636
3438 4636
4916 4636
4627 4636
7119 4636
3741 4636
5980 4636
5799 4636
1568 4636
1756 4636
910 4636
3588 4636
3953 4636
2212 4636
1287 4637
3774 4637
2727 4637
1005 4637
624 4637
3748 4637
4882 4637
4408 4637
2834 4637
283 4637
3597 4637
7541 4637
8129 4637
3386 4637
3093 4637
814 4637
7338 4637
3737 4637
1553 4637
5413 4637
3766 4638
7203 4638
1338 4638
1987 4638
4825 4638
7827 4638
2438 4638
2696 4638
1219 4638
1171 4638
2919 4638
3850 4638
6901 4639
2332 4639
5575 4639
4050 4639
2269 4639
6758 4639
5053 4639
5917 4639
1564 4639
5103 4639
6122 4639
1850 4639
250 4639
5098 4639
2063 4639
5591 4639
6756 4640
4667 4640
5743 4640
6258 4640
2577 4640
3607 4640
390 4640
2272 4640
6389 4640
3436 4640
2063 4640
675 4640
5190 4640
6908 4641
7753 4641
5143 4641
5330 4641
4141 4641
7578 4641
1675 4641
100 4641
5483 4641
4309 4641
1147 4641
7975 4641
4209 4641
4241 4641
5430 4641
2328 4641
3654 4641
7863 4641
1061 4641
5794 4641
4194 4641
6474 4641
1538 4641
3107 4642
8176 4642
2263 4642
4619 4642
5566 4642
5174 4642
2436 4642
2006 4642
8004 4642
903 4642
1903 4642
2030 4642
4395 4642
1815 4642
3796 4642
5878 4642
2925 4642
4232 4642
616 4643
5648 4643
1381 4643
7387 4643
221 4643
2641 4643
667 4643
1204 4643
1908 4643
5055 4643
575 4643
1011 4643
5065 4643
4104 4643
2225 4643
7217 4643
571 4643
6204 4643
4617 4643
201 4643
5113 4643
891 4644
6268 4644
1923 4644
7825 4644
52 4644
6487 4644
2263 4644
3322 4644
2870 4644
4026 4644
1631 4644
835 4644
4801 4644
5756 4644
4079 4644
5740 4645
6228 4645
7600 4645
337 4645
140 4645
2376 4645
6733 4645
1410 4645
6429 4645
3727 4645
605 4645
663 4645
2834 4646
4669 4646
6946 4646
7404 4646
3851 4646
7957 4646
4085 4646
5766 4646
1656 4646
6538 4646
6085 4646
4607 4646
7369 4646
5756 4646
2898 4646
4141 4646
1438 4646
5043 4646
2522 4646
4079 4647
3143 4647
1937 4647
4185 4647
2300 4647
7496 4647
3597 4647
5207 4647
2800 4647
3154 4647
1572 4647
4618 4647
5965 4647
2261 4647
3900 4647
2920 4647
7402 4648
5636 4648
7645 4648
7772 4648
6289 4648
585 4648
5909 4648
6146 4648
3472 4648
7451 4648
5390 4648
6733 4648
6736 4648
2929 4648
5477 4648
207 4648
3303 4648
2790 4648
1175 4648
1165 4648
3540 4648
3547 4648
7594 4649
7898 4649
6510 4649
7464 4649
4562 4649
4459 4649
4536 4649
4734 4649
7352 4649
186 4649
4178 4649
7270 4649
1284 4649
5931 4649
7323 4649
7164 4650
7869 4650
1552 4650
2723 4650
1763 4650
1364 4650
7190 4650
2049 4650
7986 4650
6985 4650
4563 4650
6595 4650
4663 4650
2729 4650
6940 4650
6363 4650
688 4650
5169 4651
3548 4651
4956 4651
3192 4651
4377 4651
3184 4651
7553 4651
5063 4651
3096 4651
5185 4651
793 4651
7901 4651
1243 4651
636 4651
3218 4652
3332 4652
5372 4652
7929 4652
2771 4652
2941 4652
6268 4652
8152 4652
784 4652
563 4652
2641 4652
2104 4652
5563 4652
6509 4652
669 4652
2231 4652
1729 4652
4153 4652
1474 4652
3084 4652
5690 4652
511 4652
4005 4652
6905 4652
4242 4652
3667 4653
4589 4653
1998 4653
4545 4653
5715 4653
6749 4653
1878 4653
5141 4653
6339 4653
5348 4653
1641 4654
5239 4654
2277 4654
5441 4654
4702 4654
7170 4654
7205 4654
4130 4655
7291 4655
4377 4655
3352 4655
5347 4655
1782 4655
8034 4655
6085 4655
5652 4655
3046 4655
3975 4655
2426 4655
5894 4655
7397 4655
4272 4655
999 4655
7341 4655
2842 4655
4564 4655
8041 4655
7463 4656
5826 4656
765 4656
5310 4656
5149 4656
915 4656
784 4656
7338 4656
2417 4656
266 4656
2659 4656
7528 4656
6641 4656
4468 4656
1562 4656
3184 4656
2795 4657
6779 4657
7969 4657
6260 4657
1703 4657
4542 4657
3754 4657
3226 4657
2633 4657
4760 4657
7902 4657
5116 4657
3322 4657
4595 4657
2912 4657
2593 4657
4031 4657
4645 4657
7143 4657
5211 4657
424 4657
7797 4657
497 4657
895 4658
7037 4658
5854 4658
2540 4658
2089 4658
5511 4658
7681 4658
3684 4658
2538 4658
787 4658
4966 4658
1550 4658
1814 4658
6908 4658
240 4658
2984 4659
2713 4659
7959 4659
4968 4659
608 4659
2541 4659
6440 4659
3573 4659
7357 4659
2192 4659
2290 4659
2866 4659
5006 4659
4394 4659
1454 4659
7355 4659
5599 4659
3351 4660
36 4660
3396 4660
3658 4660
4137 4660
4990 4660
7977 4660
3271 4660
6115 4660
5358 4660
781 4660
7199 4660
2679 4660
6304 4660
6547 4660
4416 4660
642 4660
3639 4660
5113 4660
6630 4660
6376 4660
5545 4661
7050 4661
4139 4661
1908 4661
1463 4661
3092 4661
94 4661
352 4661
7431 4661
6340 4661
1600 4661
5881 4661
2986 4661
1747 4661
1460 4661
7920 4661
7343 4661
1484 4662
7169 4662
5392 4662
6397 4662
5134 4662
5168 4662
3243 4662
4889 4662
1280 4662
2523 4662
3465 4662
1820 4662
6629 4662
133 4662
4822 4662
821 4662
436 4662
6620 4663
8011 4663
3245 4663
5452 4663
1713 4663
2477 4663
7127 4663
938 4663
5932 4663
3466 4663
3960 4663
2265 4663
8244 4663
1313 4663
6182 4663
3577 4663
494 4663
8162 4663
7237 4663
4182 4663
6204 4663
4082 4664
4965 4664
8174 4664
2725 4664
6437 4664
593 4664
1405 4664
57 4664
7468 4664
3453 4664
989 4664
2247 4664
2557 4664
1435 4664
5696 4664
7423 4665
6114 4665
7193 4665
1297 4665
7572 4665
2619 4665
6751 4665
5526 4665
7085 4665
5394 4665
4030 4665
2013 4665
6446 4665
5345 4665
159 4665
3107 4665
3746 4666
158 4666
6318 4666
444 4666
7046 4666
6566 4666
7928 4666
1520 4666
8219 4666
5751 4666
8080 4666
1440 4666
951 4666
7610 4666
3238 4666
827 4666
1978 4667
6225 4667
6267 4667
7925 4667
6274 4667
2537 4667
6025 4667
4144 4667
2475 4667
7255 4667
6236 4667
7435 4667
891 4667
5444 4667
7083 4667
7902 4667
315 4668
5033 4668
4619 4668
3272 4668
656 4668
3798 4668
3183 4668
1552 4668
3351 4668
6053 4668
3491 4668
3706 4668
1600 4668
2633 4668
7875 4668
3654 4668
6953 4668
3786 4669
7460 4669
7331 4669
7950 4669
785 4669
4717 4669
8048 4669
1129 4669
5649 4669
40 4669
6820 4669
3929 4669
4480 4669
6740 4669
