7064 4669
4748 4669
8172 4669
4555 4670
7308 4670
5152 4670
3798 4670
5334 4670
2344 4670
318 4670
5448 4670
878 4670
4837 4670
1169 4670
5924 4670
8177 4670
450 4670
2164 4670
3211 4670
2104 4670
5936 4670
223 4670
2786 4670
7535 4670
1517 4670
3925 4671
2275 4671
7644 4671
4727 4671
5679 4671
3300 4671
3197 4671
697 4671
6684 4671
4119 4671
3470 4671
5001 4671
2653 4672
5184 4672
440 4672
161 4672
1120 4672
8229 4672
2763 4672
2256 4672
2917 4672
8142 4672
5201 4672
2125 4672
5027 4672
3605 4672
5854 4672
5075 4672
30 4672
3880 4672
1149 4672
75 4672
5096 4673
3863 4673
6353 4673
6117 4673
8251 4673
1020 4673
3113 4673
1567 4673
4155 4673
289 4673
1693 4673
6886 4673
1669 4673
348 4673
3916 4673
6249 4673
2113 4673
5811 4673
4348 4673
6229 4674
7996 4674
3 4674
639 4674
7310 4674
320 4674
1694 4674
4086 4674
1139 4674
5900 4674
748 4674
1892 4674
5990 4674
6466 4674
4542 4674
2441 4674
450 4674
3764 4674
4619 4674
2278 4674
4988 4674
3184 4675
2770 4675
3969 4675
511 4675
281 4675
3446 4675
1365 4675
704 4675
4977 4675
2856 4675
5444 4675
2917 4675
7027 4675
3310 4676
1074 4676
2840 4676
1224 4676
2153 4676
4943 4676
68 4676
3573 4676
4642 4676
6759 4676
192 4676
4859 4676
6340 4676
3496 4676
3350 4676
270 4677
7404 4677
2574 4677
6736 4677
3980 4677
4789 4677
283 4677
6447 4677
5441 4677
3446 4677
3954 4678
3332 4678
4519 4678
1200 4678
4667 4678
8048 4678
4194 4678
422 4678
1147 4678
3071 4678
126 4678
971 4678
4093 4679
1676 4679
4679 4679
904 4679
5390 4679
7019 4679
1873 4679
7691 4679
3597 4679
8171 4679
636 4679
6824 4679
7204 4679
3009 4679
7184 4679
3345 4679
6187 4679
5454 4679
5116 4679
6740 4680
5596 4680
3770 4680
4316 4680
1136 4680
8134 4680
7379 4680
7736 4680
4622 4680
1787 4680
152 4680
6616 4680
5314 4680
642 4680
3289 4680
447 4680
6789 4680
2312 4680
2275 4680
378 4680
4681 4681
7004 4681
7262 4681
1230 4681
7386 4681
4920 4681
478 4681
3464 4681
7809 4681
2135 4681
913 4681
1726 4681
5230 4681
6239 4681
4423 4681
7148 4681
6206 4681
6579 4681
3144 4681
3862 4681
4920 4682
3803 4682
5530 4682
1561 4682
551 4682
2442 4682
345 4682
4182 4682
4879 4682
478 4682
4235 4682
2467 4682
3247 4682
5058 4682
4357 4682
4893 4682
3525 4682
6188 4682
5854 4682
165 4682
4491 4682
3311 4682
4456 4682
2099 4682
5628 4683
1562 4683
3571 4683
6984 4683
5021 4683
6945 4683
2584 4683
230 4683
7234 4683
5261 4683
2426 4683
4023 4683
8010 4683
4040 4683
7551 4683
3516 4683
1766 4683
5406 4683
7669 4683
5705 4683
3550 4683
7614 4683
4093 4683
4220 4683
5536 4683
78 4684
1575 4684
3001 4684
1212 4684
1869 4684
8284 4684
2891 4684
4070 4684
6774 4684
6718 4684
8220 4684
8089 4684
4565 4684
6246 4684
3303 4684
3068 4684
5152 4684
2188 4684
8155 4685
5736 4685
7387 4685
6731 4685
5421 4685
156 4685
7797 4685
5428 4685
581 4685
591 4685
7516 4685
8190 4685
4825 4685
6598 4685
8229 4685
2529 4685
6400 4685
4070 4685
2202 4685
6905 4686
3523 4686
4625 4686
2831 4686
323 4686
5454 4686
7343 4686
40 4686
329 4686
6430 4686
1315 4686
644 4686
5306 4686
4687 4687
786 4687
7558 4687
3567 4687
8260 4687
4853 4687
3316 4687
6212 4687
5266 4687
683 4687
1910 4687
2979 4687
8273 4687
5156 4687
4688 4688
6465 4688
6966 4688
8008 4688
5246 4688
6612 4688
537 4688
7560 4688
5046 4688
5330 4688
1218 4688
1261 4688
3196 4688
7050 4688
2666 4688
7194 4688
3233 4688
2680 4688
987 4688
712 4688
4264 4688
3974 4689
6717 4689
2650 4689
5243 4689
5574 4689
974 4689
1834 4689
1447 4689
3545 4689
5560 4689
502 4689
6688 4689
5583 4689
2267 4689
82 4689
7742 4689
1639 4690
5810 4690
4769 4690
7752 4690
4654 4690
3035 4690
7720 4690
6895 4690
4732 4690
4523 4690
5614 4690
4394 4690
6009 4690
4501 4690
1791 4690
889 4690
6994 4690
2329 4690
3354 4690
1000 4690
5637 4690
278 4690
3047 4690
4254 4691
7862 4691
5853 4691
7617 4691
2911 4691
1657 4691
248 4691
4727 4691
5810 4691
7684 4691
2165 4691
7742 4691
7596 4691
3270 4691
4692 4692
4140 4692
3759 4692
7603 4692
3124 4692
1209 4692
6053 4692
1454 4692
1042 4692
6620 4692
4706 4692
127 4692
6633 4692
6700 4692
3462 4692
1061 4692
1909 4692
5570 4692
2771 4692
7982 4692
6807 4692
8083 4693
6180 4693
2119 4693
759 4693
1029 4693
113 4693
4271 4693
3615 4693
222 4693
820 4693
8115 4693
3026 4693
1035 4694
5832 4694
3807 4694
2311 4694
6449 4694
985 4694
7217 4694
3777 4694
399 4694
7809 4694
5517 4694
7708 4694
3093 4694
5237 4694
7002 4694
1779 4695
3016 4695
1051 4695
3713 4695
869 4695
196 4695
6230 4695
4793 4695
3474 4695
7721 4695
3888 4695
1263 4695
1850 4695
3238 4695
590 4695
1786 4695
6368 4695
5149 4695
1029 4695
8044 4696
7766 4696
5596 4696
4537 4696
5466 4696
4949 4696
7786 4696
692 4696
2514 4696
4682 4696
1892 4696
6884 4696
1713 4696
198 4696
467 4696
7096 4696
141 4696
5718 4696
1454 4696
2180 4696
1805 4696
6037 4697
6435 4697
7737 4697
3370 4697
295 4697
4584 4697
7505 4697
2635 4697
2531 4697
5878 4697
1055 4697
5151 4697
6794 4697
5881 4697
7967 4697
5986 4697
3051 4697
6817 4698
4811 4698
4894 4698
6129 4698
449 4698
408 4698
6712 4698
5462 4698
7441 4698
7320 4698
1184 4698
5134 4698
3507 4698
6849 4698
5483 4698
5149 4698
2642 4698
1269 4698
5794 4698
934 4698
1552 4698
6100 4698
7467 4698
2812 4698
2202 4698
6642 4698
2765 4699
1326 4699
5875 4699
3127 4699
7343 4699
4820 4699
2048 4699
6302 4699
2707 4699
3392 4699
5185 4699
6077 4699
7169 4699
3758 4699
5409 4699
8196 4700
5792 4700
2051 4700
2265 4700
6789 4700
1376 4700
49 4700
1757 4700
5512 4700
3396 4700
3745 4700
3883 4700
3143 4700
3441 4700
6429 4701
7916 4701
112 4701
4521 4701
1051 4701
3349 4701
2653 4701
3697 4701
7011 4701
4947 4701
4655 4701
5387 4702
5780 4702
4031 4702
3074 4702
8137 4702
3477 4702
5544 4702
4747 4702
5976 4702
2406 4702
7850 4702
3829 4702
7049 4702
2851 4702
4450 4702
4703 4703
84 4703
4290 4703
2373 4703
3305 4703
4377 4703
2327 4703
7401 4703
7311 4703
2438 4703
2361 4703
2237 4703
1224 4703
1371 4703
6566 4703
3324 4703
5210 4704
5575 4704
4141 4704
7298 4704
1803 4704
5289 4704
7196 4704
4502 4704
61 4704
392 4704
7628 4704
5809 4704
5474 4704
6810 4704
921 4704
7096 4705
3868 4705
6081 4705
8015 4705
3229 4705
2066 4705
4070 4705
4783 4705
2773 4705
3040 4705
5720 4705
3648 4705
4232 4705
2712 4705
6881 4705
5001 4705
1747 4705
2216 4705
713 4706
7391 4706
5396 4706
7711 4706
62 4706
7479 4706
6609 4706
7148 4706
4901 4706
1308 4706
4859 4707
7949 4707
7962 4707
6691 4707
3523 4707
1890 4707
3251 4707
5988 4707
5334 4707
1956 4707
5768 4707
2299 4707
2388 4707
2288 4707
2488 4708
3743 4708
6809 4708
3960 4708
2989 4708
2551 4708
3614 4708
6792 4708
4570 4708
2898 4708
4350 4708
7978 4709
7149 4709
3778 4709
4309 4709
1221 4709
178 4709
3305 4709
5799 4709
6680 4709
4051 4709
7740 4709
3240 4709
5348 4709
2608 4709
433 4710
2694 4710
2033 4710
1369 4710
5801 4710
644 4710
3718 4710
1559 4710
4645 4710
2593 4710
6221 4710
5610 4710
2292 4710
6154 4710
5387 4710
6464 4710
4384 4711
7487 4711
4895 4711
2726 4711
1795 4711
7786 4711
5530 4711
3918 4711
4762 4711
3001 4711
3169 4711
8077 4711
174 4711
7591 4711
4312 4711
7808 4711
3021 4711
7854 4711
154 4711
387 4711
4766 4712
1968 4712
3606 4712
3192 4712
495 4712
3079 4712
3877 4712
6927 4712
4045 4712
2263 4712
4562 4712
7491 4712
8127 4712
3758 4712
3195 4713
314 4713
1489 4713
5872 4713
8108 4713
3223 4713
7180 4713
6891 4713
5291 4713
2400 4713
5670 4713
6680 4713
8079 4713
5687 4713
3787 4713
3746 4713
2348 4713
3080 4714
7891 4714
7340 4714
90 4714
1066 4714
884 4714
4856 4714
1478 4714
3275 4714
8013 4714
6132 4714
3084 4714
4536 4714
424 4714
6231 4714
1360 4714
787 4714
3799 4714
7928 4714
2696 4714
6479 4714
8210 4715
3522 4715
1052 4715
4836 4715
444 4715
1786 4715
2135 4715
3780 4715
2945 4715
4026 4715
7725 4715
1344 4715
6087 4715
2108 4715
4000 4715
6060 4715
7997 4715
4182 4715
7843 4716
2877 4716
6483 4716
4817 4716
3519 4716
1219 4716
1002 4716
299 4716
3462 4716
5102 4716
825 4716
7436 4716
7982 4716
95 4716
7275 4716
507 4716
2 4717
7571 4717
7378 4717
910 4717
705 4717
8174 4717
8114 4717
6321 4717
1348 4717
4555 4717
456 4717
2981 4717
4119 4718
2324 4718
2837 4718
5982 4718
5566 4718
1348 4718
2130 4718
1734 4718
390 4718
4699 4718
6122 4718
3365 4718
491 4718
6050 4718
3072 4718
6951 4718
6713 4718
5215 4719
7605 4719
4533 4719
8027 4719
3976 4719
1834 4719
3250 4719
3929 4719
3580 4719
4718 4719
6973 4719
697 4719
1006 4719
4514 4719
2557 4719
6827 4719
8 4719
2736 4719
146 4719
4391 4719
4645 4719
6426 4719
4720 4720
1579 4720
6289 4720
3913 4720
485 4720
4668 4720
1691 4720
1031 4720
2240 4720
4212 4720
5683 4720
5576 4720
606 4720
1472 4720
668 4720
5434 4720
568 4720
3842 4721
5565 4721
2978 4721
1338 4721
2556 4721
6065 4721
2442 4721
3242 4721
6986 4721
6342 4721
6899 4721
6195 4721
2706 4721
1657 4721
6358 4721
4234 4722
7752 4722
2376 4722
7185 4722
724 4722
7194 4722
5257 4722
1214 4722
1745 4722
2768 4722
3573 4722
1870 4722
2145 4722
2693 4722
938 4722
4735 4722
2584 4722
8236 4722
5835 4723
2067 4723
2174 4723
1971 4723
88 4723
3935 4723
7827 4723
483 4723
43 4723
4782 4723
7975 4723
5314 4723
1763 4724
7426 4724
2915 4724
8033 4724
5735 4724
7935 4724
2956 4724
6266 4724
2537 4724
6646 4724
1054 4724
5710 4724
2638 4724
8170 4724
6202 4724
1514 4724
394 4724
6959 4724
5509 4724
2331 4724
2865 4724
6537 4724
1614 4724
2489 4724
3300 4724
3935 4724
3041 4724
4943 4725
8074 4725
2013 4725
1386 4725
420 4725
488 4725
5341 4725
3601 4725
1921 4725
7396 4725
5605 4725
2721 4725
8245 4725
3577 4725
7263 4726
1392 4726
7296 4726
1846 4726
7138 4726
4815 4726
8161 4726
4231 4726
1516 4726
8087 4726
3737 4726
7243 4726
2787 4726
2150 4726
1051 4726
2362 4726
2879 4727
7423 4727
1632 4727
6354 4727
4561 4727
5557 4727
3145 4727
5656 4727
2885 4727
4155 4727
1052 4727
4861 4727
3891 4727
6945 4727
1657 4728
5188 4728
1136 4728
1244 4728
4415 4728
5704 4728
2399 4728
4182 4728
7344 4728
7075 4728
2816 4728
2658 4728
1279 4728
7436 4728
7480 4728
7132 4729
7701 4729
1411 4729
6578 4729
5461 4729
5274 4729
5626 4729
7342 4729
7669 4729
6317 4729
5114 4729
4000 4729
7791 4729
7246 4729
6887 4729
771 4729
3136 4729
2777 4729
1567 4729
625 4729
672 4730
3806 4730
1392 4730
6511 4730
6468 4730
4271 4730
5123 4730
7645 4730
5161 4730
8025 4730
5286 4730
2235 4730
4083 4730
5804 4730
4926 4730
5464 4730
1562 4730
834 4730
5591 4730
8224 4730
7836 4731
4064 4731
6201 4731
5596 4731
7387 4731
1985 4731
7967 4731
3858 4731
660 4731
6624 4731
3891 4731
8073 4731
5263 4731
3130 4731
7947 4731
7294 4732
3760 4732
5136 4732
804 4732
5679 4732
7777 4732
1537 4732
7284 4732
2488 4732
4229 4732
5133 4732
7291 4732
6668 4732
6828 4732
1371 4732
5215 4732
3991 4732
7679 4733
2773 4733
2047 4733
7916 4733
8190 4733
1993 4733
2225 4733
6912 4733
996 4733
6621 4733
3783 4733
2100 4733
7196 4733
3883 4733
5432 4733
47 4733
3079 4733
6935 4733
1339 4734
4184 4734
4822 4734
6229 4734
2070 4734
1730 4734
5742 4734
3349 4734
782 4734
2986 4734
1372 4734
3523 4734
5221 4734
2120 4734
4948 4734
5035 4734
4501 4734
2392 4735
531 4735
358 4735
4519 4735
537 4735
2127 4735
4685 4735
7597 4735
8263 4735
4105 4735
5555 4735
2334 4735
8272 4735
256 4735
1459 4735
7224 4735
4458 4736
4444 4736
3597 4736
1719 4736
864 4736
1452 4736
4877 4736
1953 4736
491 4736
2606 4736
7320 4736
7064 4736
4134 4736
8010 4736
6474 4736
4465 4736
1663 4736
6443 4737
5703 4737
4572 4737
2507 4737
3697 4737
3877 4737
6249 4737
1869 4737
6792 4737
5435 4737
2935 4737
381 4737
5984 4737
6254 4737
7466 4738
3861 4738
1248 4738
4660 4738
295 4738
3306 4738
1742 4738
6732 4738
1851 4738
85 4738
7136 4738
8195 4738
6811 4738
2516 4738
2567 4739
3714 4739
1811 4739
4916 4739
4413 4739
2735 4739
1501 4739
287 4739
7742 4739
1026 4739
7027 4739
837 4740
6447 4740
1157 4740
5335 4740
152 4740
6844 4740
6651 4740
6676 4740
1712 4740
4459 4740
7797 4740
2076 4740
3963 4740
920 4740
129 4740
438 4741
1730 4741
5421 4741
268 4741
3177 4741
2533 4741
6545 4741
5882 4741
4812 4741
7356 4741
183 4741
3069 4741
496 4741
3607 4741
8029 4741
893 4741
3753 4741
1282 4741
782 4741
4018 4741
3401 4741
1695 4742
3496 4742
4667 4742
1585 4742
4040 4742
1996 4742
7211 4742
7654 4742
7075 4742
4978 4742
3596 4742
5211 4742
422 4742
5005 4742
2370 4742
2892 4742
740 4743
3050 4743
4654 4743
7213 4743
331 4743
8208 4743
402 4743
6182 4743
2425 4743
3668 4743
3343 4743
2197 4743
3903 4743
4512 4743
4717 4744
4030 4744
1169 4744
7219 4744
439 4744
3438 4744
3371 4744
202 4744
2436 4744
1445 4744
595 4744
6225 4745
5598 4745
7247 4745
3029 4745
1302 4745
3554 4745
5228 4745
7255 4745
1234 4745
5686 4745
1493 4745
7768 4745
1142 4746
2714 4746
1193 4746
4224 4746
3673 4746
134 4746
1730 4746
1708 4746
4676 4746
5042 4746
3442 4746
1699 4746
1979 4746
6129 4746
4667 4746
2230 4746
6743 4746
4531 4747
4007 4747
2002 4747
4452 4747
2840 4747
2331 4747
3555 4747
2182 4747
7176 4747
1610 4747
2865 4747
105 4747
5994 4747
2693 4747
4059 4747
7547 4747
2115 4747
51 4747
5932 4748
2435 4748
5274 4748
7202 4748
5255 4748
7949 4748
5687 4748
178 4748
4847 4748
1360 4748
3474 4748
4176 4748
5708 4748
3534 4748
149 4748
1234 4748
5194 4748
1860 4748
5173 4748
5843 4748
2301 4748
3463 4748
5534 4748
4170 4748
7498 4748
3788 4748
2555 4748
4896 4749
2086 4749
5853 4749
8035 4749
1207 4749
7613 4749
1910 4749
2366 4749
993 4749
2313 4749
7535 4749
3287 4749
496 4749
5039 4749
2300 4749
319 4749
663 4750
4544 4750
3345 4750
3475 4750
2434 4750
1003 4750
8075 4750
6366 4750
515 4750
3934 4750
3365 4750
2318 4750
949 4750
8041 4750
2302 4750
3512 4750
231 4750
4524 4751
1340 4751
963 4751
4837 4751
416 4751
5001 4751
2909 4751
6231 4751
1186 4751
6019 4751
8034 4751
750 4751
4752 4752
434 4752
2736 4752
271 4752
2727 4752
4995 4752
6864 4752
3824 4752
5770 4752
2808 4752
6118 4752
7734 4752
4252 4752
1725 4752
5883 4752
7836 4752
6782 4753
5076 4753
1568 4753
6910 4753
60 4753
1723 4753
7361 4753
3656 4753
7745 4753
3031 4753
7478 4753
4676 4753
4179 4753
18 4753
6158 4753
3458 4753
2536 4754
5259 4754
3797 4754
1949 4754
23 4754
442 4754
6833 4754
7638 4754
5689 4754
1978 4754
6982 4754
6945 4755
5605 4755
3252 4755
3462 4755
7593 4755
3458 4755
2888 4755
5217 4755
5560 4755
2760 4755
8004 4755
3463 4755
4661 4755
1691 4755
5699 4755
3927 4755
995 4755
6647 4755
2373 4755
6430 4755
4756 4756
8036 4756
5515 4756
2138 4756
1681 4756
2279 4756
882 4756
78 4756
4216 4756
6627 4756
2318 4756
5605 4756
5663 4756
851 4756
4257 4756
1441 4756
6790 4756
6406 4756
5771 4756
6627 4757
556 4757
7770 4757
984 4757
1382 4757
208 4757
4689 4757
4809 4757
5241 4757
6501 4757
6536 4757
3088 4757
5787 4757
1560 4757
604 4758
2672 4758
6573 4758
5674 4758
4429 4758
3728 4758
7469 4758
4929 4758
6539 4758
7709 4758
7701 4758
5164 4758
8152 4758
4755 4758
2324 4758
3077 4758
7822 4758
7622 4758
3338 4758
4005 4758
7143 4758
2606 4758
478 4758
2467 4758
7652 4759
2475 4759
32 4759
7381 4759
7681 4759
395 4759
4871 4759
7160 4759
4984 4759
4690 4759
860 4759
4731 4759
6480 4759
275 4759
5379 4759
495 4759
1849 4759
1996 4760
5163 4760
1819 4760
5772 4760
5253 4760
6912 4760
4026 4760
4311 4760
2635 4760
7428 4760
835 4760
3085 4760
6501 4760
5405 4760
11 4761
515 4761
160 4761
7247 4761
1609 4761
2604 4761
7910 4761
4734 4761
7075 4761
5764 4761
8029 4761
1765 4761
3988 4761
1632 4761
1130 4761
7847 4761
4890 4761
8015 4762
7873 4762
4568 4762
6607 4762
2302 4762
1754 4762
5306 4762
6881 4762
4625 4762
4800 4762
4319 4762
5152 4762
6416 4762
7481 4762
3419 4762
4129 4762
181 4762
646 4762
7852 4762
357 4763
591 4763
5500 4763
5092 4763
3515 4763
5641 4763
90 4763
7159 4763
4384 4763
5587 4763
8132 4763
8152 4763
6057 4763
5512 4763
1060 4763
7562 4763
7161 4764
357 4764
6410 4764
7056 4764
7388 4764
6949 4764
6258 4764
7601 4764
4165 4764
4710 4764
5866 4764
3048 4764
7544 4764
2361 4764
656 4764
5118 4764
1096 4764
7664 4765
6699 4765
284 4765
2345 4765
622 4765
7646 4765
3995 4765
1749 4765
7963 4765
791 4765
3095 4765
4505 4765
5883 4765
7572 4765
3858 4765
1413 4765
6425 4765
1645 4765
3696 4765
4502 4766
5722 4766
5300 4766
6552 4766
3693 4766
8057 4766
4795 4766
4236 4766
3174 4766
6816 4766
7675 4766
3055 4766
6030 4767
4767 4767
2097 4767
832 4767
597 4767
8201 4767
2119 4767
7110 4767
5177 4767
2796 4767
7690 4767
6592 4767
6326 4767
7036 4767
1685 4768
2732 4768
5082 4768
3633 4768
494 4768
3760 4768
8030 4768
981 4768
6307 4768
27 4768
4561 4769
3632 4769
3674 4769
2287 4769
3633 4769
1690 4769
4965 4769
3758 4769
5722 4769
2641 4769
987 4769
6789 4769
575 4770
5801 4770
5968 4770
3123 4770
4894 4770
6200 4770
5160 4770
2788 4770
4663 4770
1390 4770
6663 4770
779 4770
5740 4770
4771 4771
2148 4771
934 4771
1766 4771
3254 4771
2786 4771
3912 4771
7573 4771
5093 4771
2430 4771
8053 4771
7540 4771
3445 4771
68 4772
7391 4772
4274 4772
1254 4772
2404 4772
5810 4772
5563 4772
5360 4772
4040 4772
740 4772
6383 4772
2956 4772
8142 4772
1601 4772
5233 4772
1303 4772
4439 4772
2001 4772
5824 4772
4779 4772
6224 4772
1731 4773
4051 4773
2786 4773
7457 4773
3882 4773
789 4773
2120 4773
3925 4773
3222 4773
7321 4773
2346 4774
2576 4774
2972 4774
2557 4774
8183 4774
2999 4774
271 4774
1599 4774
2921 4774
7551 4775
7601 4775
4523 4775
3170 4775
8195 4775
7806 4775
1762 4775
69 4775
2775 4775
6778 4775
4516 4775
7749 4775
975 4775
5311 4775
3862 4775
1549 4775
3366 4776
7840 4776
5764 4776
5109 4776
212 4776
2698 4776
5867 4776
6638 4776
2492 4776
605 4777
6578 4777
5397 4777
84 4777
8083 4777
7361 4777
290 4777
3707 4777
3024 4777
603 4777
7846 4777
3542 4777
8102 4777
2276 4777
4942 4777
434 4777
7862 4777
3867 4777
7065 4777
6404 4777
461 4778
3462 4778
739 4778
2862 4778
911 4778
7963 4778
7972 4778
3082 4778
6557 4778
1788 4778
996 4778
2776 4778
6880 4778
1245 4778
1166 4778
2334 4778
6644 4779
6780 4779
4204 4779
7551 4779
6333 4779
4184 4779
3548 4779
6567 4779
6579 4779
7184 4779
2084 4779
7602 4779
5681 4779
5135 4779
8129 4780
8292 4780
5686 4780
3659 4780
161 4780
5351 4780
6564 4780
1882 4780
5190 4780
6225 4780
2870 4780
1762 4780
737 4780
4916 4780
3415 4780
713 4780
1089 4780
6545 4781
549 4781
7599 4781
6204 4781
3917 4781
3669 4781
1882 4781
7533 4781
7234 4781
263 4781
1802 4781
2652 4781
2906 4781
7710 4781
5065 4782
6609 4782
660 4782
3856 4782
4047 4782
1367 4782
6849 4782
2331 4782
3059 4782
5468 4782
6302 4782
2593 4782
784 4782
734 4782
5321 4782
5835 4782
1127 4782
449 4782
7482 4782
3295 4782
3329 4782
1322 4782
6223 4782
911 4782
2360 4783
6940 4783
3842 4783
3870 4783
4597 4783
2370 4783
5267 4783
5139 4783
1443 4783
2655 4783
6757 4783
1956 4783
836 4783
4749 4783
6267 4783
7709 4783
1450 4783
7087 4783
7293 4783
3426 4784
660 4784
7487 4784
5477 4784
5888 4784
418 4784
6735 4784
2516 4784
560 4784
8026 4784
2888 4784
4867 4784
2670 4784
8249 4785
1700 4785
2191 4785
6117 4785
1156 4785
6403 4785
1900 4785
6976 4785
3864 4785
4492 4785
3345 4785
4490 4785
2169 4785
6800 4785
4997 4785
4112 4785
34 4785
2637 4785
5564 4785
249 4785
2273 4785
6898 4785
4790 4785
853 4785
3098 4785
4141 4785
337 4785
4532 4785
7561 4785
4786 4786
2658 4786
1569 4786
6336 4786
1132 4786
5414 4786
2327 4786
5070 4786
6949 4786
8133 4786
3642 4786
1460 4786
7935 4786
3127 4786
3177 4786
7274 4786
3568 4786
1855 4786
3458 4787
4279 4787
4620 4787
2276 4787
4787 4787
7342 4787
5972 4787
1668 4787
2852 4787
688 4787
1978 4787
1130 4787
1509 4787
3157 4787
4658 4787
4035 4787
2131 4787
5766 4787
7418 4787
5150 4787
6624 4788
2470 4788
2006 4788
231 4788
5160 4788
7096 4788
5534 4788
3636 4788
2209 4788
5955 4788
7618 4788
1327 4788
7650 4789
5918 4789
2814 4789
134 4789
3095 4789
3998 4789
7752 4789
5532 4789
2673 4789
8201 4789
5126 4789
1161 4789
5457 4789
7302 4789
3456 4789
2169 4789
2894 4789
2344 4789
3879 4790
7130 4790
1282 4790
3316 4790
1754 4790
6590 4790
6178 4790
7959 4790
5908 4790
192 4790
1993 4790
2423 4790
5294 4790
522 4790
1489 4790
