5598 4790
6193 4790
815 4790
1020 4790
6801 4791
4630 4791
5436 4791
1116 4791
6522 4791
6163 4791
6388 4791
4329 4791
7515 4791
3044 4791
2759 4791
2530 4791
551 4791
1015 4791
1177 4791
6898 4791
8074 4791
8237 4791
1595 4791
3333 4792
3839 4792
7543 4792
5931 4792
4131 4792
1631 4792
4036 4792
659 4792
6770 4792
2123 4792
6781 4792
6397 4792
4989 4792
4188 4792
6973 4792
2829 4793
5958 4793
1561 4793
1360 4793
3119 4793
5775 4793
5804 4793
3603 4793
4379 4793
1269 4793
6451 4793
1140 4793
5972 4793
6631 4793
3001 4793
1217 4793
3648 4794
978 4794
4388 4794
299 4794
241 4794
1282 4794
7343 4794
5109 4794
4397 4794
3740 4794
6332 4794
7158 4794
6236 4794
4122 4794
8279 4794
3001 4794
4438 4794
6615 4794
4908 4794
5028 4795
7271 4795
637 4795
7296 4795
7591 4795
2201 4795
4706 4795
4788 4795
4890 4795
6837 4795
8174 4795
4893 4795
6326 4795
1756 4795
5506 4795
5844 4796
3281 4796
7009 4796
2271 4796
7228 4796
3468 4796
2113 4796
6191 4796
3575 4796
381 4796
8087 4796
7020 4796
5394 4796
2291 4796
2479 4796
2374 4796
3348 4796
4212 4797
7460 4797
7227 4797
6874 4797
4555 4797
970 4797
1357 4797
7004 4797
6076 4797
272 4797
173 4797
5810 4797
3892 4797
4110 4797
680 4797
1361 4797
2110 4797
6072 4797
6809 4798
2113 4798
165 4798
5683 4798
4705 4798
5700 4798
7695 4798
7540 4798
5799 4798
4193 4798
3041 4798
2783 4798
4730 4798
4362 4798
6071 4798
6979 4798
7209 4798
6810 4798
4403 4798
4590 4798
1814 4798
1054 4798
3566 4799
3803 4799
4699 4799
1648 4799
151 4799
790 4799
4162 4799
2755 4799
1726 4799
2013 4799
2733 4799
5358 4799
757 4799
1140 4799
3465 4799
4498 4799
1821 4800
5 4800
4788 4800
7115 4800
3293 4800
4765 4800
3572 4800
2568 4800
6502 4800
1636 4800
3929 4800
4185 4800
160 4800
243 4800
3537 4800
6633 4800
989 4800
7716 4800
6274 4800
1281 4800
341 4801
283 4801
7672 4801
960 4801
4288 4801
2913 4801
2628 4801
4740 4801
1993 4801
3827 4801
4857 4801
2331 4801
5276 4801
3791 4801
7183 4801
7516 4801
2442 4801
6564 4801
2600 4801
7999 4801
2540 4801
2036 4802
7479 4802
3379 4802
5274 4802
2515 4802
3092 4802
6529 4802
8198 4802
266 4802
4534 4803
387 4803
2785 4803
3415 4803
1684 4803
3275 4803
3056 4803
8183 4803
5562 4803
551 4803
2986 4803
5632 4804
7653 4804
7844 4804
3948 4804
4086 4804
7008 4804
4621 4804
5781 4804
1717 4804
6529 4804
5967 4804
1036 4804
6513 4804
183 4804
1683 4804
6796 4804
7910 4804
5591 4804
4060 4804
2855 4805
5843 4805
4236 4805
757 4805
1721 4805
5315 4805
1843 4805
7501 4805
5149 4805
5710 4805
7902 4805
6057 4805
5535 4805
7241 4805
1769 4805
3083 4805
3039 4805
3220 4805
1803 4805
3079 4805
7061 4805
7110 4805
5565 4806
6916 4806
5010 4806
6186 4806
7843 4806
2840 4806
5375 4806
7359 4806
647 4806
1492 4806
550 4806
3675 4806
4003 4806
6873 4806
5574 4806
3545 4806
3793 4806
515 4806
7648 4806
6723 4806
4546 4806
1727 4807
4774 4807
7583 4807
4895 4807
4590 4807
2209 4807
1720 4807
355 4807
2006 4807
4042 4807
5073 4807
434 4807
895 4807
6798 4807
8101 4807
5534 4807
7575 4807
560 4807
8044 4807
4705 4808
3243 4808
4617 4808
3510 4808
4173 4808
6780 4808
2811 4808
983 4808
1293 4808
7925 4808
5799 4808
5910 4808
7553 4808
6083 4808
2913 4808
7156 4808
2563 4809
1683 4809
6680 4809
3 4809
6294 4809
4049 4809
4540 4809
2324 4809
5448 4809
5491 4809
219 4809
6497 4809
4117 4809
1238 4809
6720 4809
1025 4810
7880 4810
6451 4810
918 4810
3499 4810
839 4810
2333 4810
4141 4810
469 4810
1784 4810
6363 4810
491 4810
3858 4810
1409 4811
7130 4811
3597 4811
1999 4811
4252 4811
2811 4811
5332 4811
7598 4811
676 4811
513 4811
5435 4811
84 4811
1445 4811
4267 4811
5684 4811
1986 4811
5732 4811
6770 4811
1038 4811
420 4812
1754 4812
1694 4812
1139 4812
7329 4812
2123 4812
7896 4812
8133 4812
2487 4812
7533 4812
753 4812
2321 4812
4830 4812
4444 4812
6211 4812
5463 4812
3534 4812
2315 4812
3590 4812
3651 4813
1060 4813
1280 4813
1042 4813
4723 4813
1311 4813
4311 4813
1044 4813
940 4813
4445 4813
3630 4813
1526 4813
5205 4813
6266 4813
2900 4813
6903 4813
1865 4813
8142 4813
8020 4813
4459 4813
8086 4813
2938 4813
6404 4813
5575 4813
4155 4813
880 4813
4217 4813
5591 4814
1554 4814
1978 4814
3983 4814
1041 4814
611 4814
2182 4814
4368 4814
7741 4814
1198 4814
3510 4814
8127 4814
4766 4814
7224 4814
4319 4814
7163 4814
3688 4814
2268 4814
2009 4814
811 4814
2252 4814
4415 4814
4331 4815
2421 4815
5300 4815
3654 4815
3249 4815
3488 4815
6469 4815
6612 4815
5058 4815
1674 4815
3710 4815
7997 4815
938 4815
3616 4815
2661 4815
2723 4815
4081 4816
5989 4816
6805 4816
6656 4816
3233 4816
1643 4816
4637 4816
6250 4816
3327 4816
966 4816
3073 4816
2641 4816
4438 4816
3072 4816
4494 4816
6083 4816
5009 4816
1299 4817
1281 4817
2647 4817
4181 4817
6254 4817
7469 4817
1572 4817
1023 4817
7199 4817
5794 4817
3152 4817
5658 4818
6979 4818
6435 4818
1832 4818
5743 4818
4573 4818
5420 4818
7599 4818
6318 4818
6824 4818
6970 4818
8251 4818
1921 4818
3750 4818
4360 4818
8089 4818
5537 4818
467 4818
3739 4818
375 4818
3396 4818
7153 4818
1971 4818
7630 4818
1724 4818
5888 4818
6333 4819
7990 4819
4731 4819
6673 4819
6320 4819
1095 4819
5374 4819
7327 4819
2277 4819
2038 4819
3081 4819
2605 4819
4461 4819
219 4819
2585 4819
1851 4819
3092 4820
1815 4820
6319 4820
841 4820
4076 4820
982 4820
6183 4820
622 4820
7228 4820
2869 4820
228 4820
2922 4820
4408 4820
1230 4820
4519 4820
2595 4821
1390 4821
1965 4821
4919 4821
5125 4821
187 4821
4440 4821
4694 4821
7890 4821
1631 4822
3168 4822
7030 4822
8219 4822
3134 4822
4395 4822
7366 4822
2319 4822
5678 4822
2516 4822
4451 4822
3680 4822
3882 4823
6011 4823
212 4823
3261 4823
4578 4823
5072 4823
1263 4823
8 4823
3679 4823
5842 4823
5664 4823
2822 4823
7258 4823
5265 4823
7687 4823
5001 4823
7029 4823
7410 4823
4751 4823
4824 4824
3605 4824
5250 4824
6158 4824
7096 4824
7463 4824
2958 4824
4812 4824
600 4824
8077 4824
2269 4824
7180 4824
5253 4824
5781 4824
7441 4824
4966 4825
2582 4825
638 4825
659 4825
4182 4825
3332 4825
1001 4825
6980 4825
3862 4825
2637 4825
5296 4825
1246 4825
7293 4825
5473 4825
6043 4825
3799 4826
549 4826
2720 4826
6789 4826
5112 4826
3272 4826
5591 4826
7822 4826
4870 4826
809 4826
6213 4826
4893 4826
1339 4826
4817 4826
6547 4826
1870 4826
5548 4826
3352 4826
3149 4826
8105 4826
1055 4826
4216 4826
1656 4827
5819 4827
6327 4827
2735 4827
4743 4827
4954 4827
1009 4827
6725 4827
5274 4827
1190 4827
6131 4827
2277 4827
7285 4827
3770 4827
4966 4827
4910 4827
5162 4827
3883 4827
4194 4827
3540 4828
2548 4828
1783 4828
2488 4828
3220 4828
7811 4828
4609 4828
21 4828
601 4828
7864 4828
2921 4829
5777 4829
889 4829
4438 4829
4138 4829
1071 4829
2868 4829
488 4829
1357 4829
7121 4829
763 4829
6864 4830
7181 4830
8244 4830
7059 4830
2599 4830
4863 4830
4464 4830
5689 4830
438 4830
7788 4830
5190 4830
5892 4830
790 4830
5712 4830
1348 4830
6662 4830
2816 4830
973 4830
1564 4831
3511 4831
4064 4831
3756 4831
2956 4831
5248 4831
642 4831
2410 4831
2978 4831
6083 4831
7607 4831
8272 4831
4381 4831
5003 4832
4832 4832
2691 4832
5640 4832
3408 4832
833 4832
3230 4832
1499 4832
3559 4832
8186 4832
515 4832
6269 4832
1265 4832
4871 4832
3491 4832
306 4832
7559 4832
3415 4832
1120 4832
5093 4832
5211 4833
1250 4833
7959 4833
1356 4833
8045 4833
5745 4833
4829 4833
5566 4833
4851 4833
3209 4833
5552 4833
3079 4833
7580 4833
903 4833
999 4834
3149 4834
3929 4834
3420 4834
3307 4834
1965 4834
1880 4834
2200 4834
794 4834
1889 4834
4664 4834
6784 4834
6949 4834
5912 4834
1562 4834
6929 4834
2430 4834
7486 4834
7430 4835
5732 4835
6021 4835
4267 4835
7942 4835
5951 4835
7387 4835
502 4836
7865 4836
7723 4836
5118 4836
6405 4836
4827 4836
3932 4836
790 4836
6789 4837
1184 4837
5016 4837
5532 4837
5981 4837
6134 4837
780 4837
4738 4837
7670 4837
2330 4837
1467 4837
2081 4837
4682 4837
2128 4837
417 4837
7894 4837
1572 4838
2594 4838
2725 4838
2180 4838
6333 4838
3438 4838
7158 4838
3229 4838
6661 4838
5184 4838
4936 4838
2711 4838
3386 4838
7849 4838
5169 4838
7622 4838
1960 4838
5434 4838
1134 4838
1007 4838
302 4839
8271 4839
6035 4839
112 4839
3250 4839
5940 4839
5943 4839
1567 4839
5315 4839
7146 4839
4134 4839
2768 4839
7583 4839
502 4839
365 4839
1224 4839
6805 4839
6816 4839
966 4839
2188 4839
2576 4839
1767 4840
3687 4840
3639 4840
4698 4840
7307 4840
7864 4840
4082 4840
5819 4840
6540 4840
192 4840
3292 4840
4008 4840
1986 4840
439 4840
7652 4840
4975 4840
5446 4840
2115 4840
3165 4840
4206 4840
4966 4840
7432 4840
7901 4840
6919 4840
7308 4840
1614 4840
6832 4840
1459 4840
3143 4841
7194 4841
575 4841
1216 4841
6828 4841
7645 4841
1285 4841
36 4841
2301 4841
1207 4841
2868 4841
3656 4841
6035 4841
6235 4841
1679 4841
6699 4841
2683 4841
934 4841
8197 4841
1179 4842
4842 4842
8220 4842
6065 4842
3482 4842
2100 4842
7248 4842
4398 4842
1834 4842
1895 4842
1621 4842
6531 4842
7695 4842
7097 4842
6208 4843
7203 4843
4874 4843
5317 4843
4862 4843
165 4843
6231 4843
634 4843
1207 4843
1680 4843
5931 4843
1583 4843
4811 4843
7021 4843
1331 4843
8294 4843
7690 4843
4859 4843
6559 4843
3070 4843
5666 4843
4532 4843
6268 4843
3084 4843
4582 4843
6186 4843
3126 4843
7524 4843
3946 4843
7912 4844
5818 4844
5766 4844
1708 4844
3766 4844
2492 4844
8155 4844
2715 4844
4265 4844
2054 4844
8244 4844
2654 4844
7181 4844
7650 4844
889 4844
8203 4845
19 4845
2873 4845
1499 4845
3351 4845
3303 4845
6026 4845
8176 4845
1255 4845
662 4845
2391 4845
6477 4845
5689 4845
7607 4845
8066 4845
6208 4845
5389 4846
2831 4846
4726 4846
4836 4846
7630 4846
2018 4846
5201 4846
1460 4846
2192 4846
5448 4846
835 4846
747 4846
2358 4846
1886 4846
7611 4846
2471 4847
2600 4847
7488 4847
1957 4847
2206 4847
4435 4847
8245 4847
2216 4847
1796 4847
6852 4847
2679 4847
3012 4847
5596 4847
3583 4847
2099 4848
3142 4848
5248 4848
4777 4848
4792 4848
6555 4848
4549 4848
4931 4848
6783 4848
520 4848
1125 4848
4589 4848
7770 4848
2367 4848
8138 4848
2564 4848
4759 4848
1486 4848
1035 4848
611 4848
7506 4848
4848 4848
4849 4849
7467 4849
989 4849
2319 4849
7895 4849
6800 4849
5512 4849
4666 4849
1724 4849
5459 4849
2830 4849
7958 4850
2450 4850
1276 4850
7269 4850
4641 4850
7573 4850
461 4850
4339 4850
5561 4850
4682 4850
6748 4851
3990 4851
7493 4851
5070 4851
527 4851
3214 4851
2981 4851
3251 4851
688 4851
6629 4851
4711 4851
7386 4851
745 4851
7315 4851
6177 4851
1414 4851
7164 4851
1077 4851
352 4851
7469 4851
7071 4852
1936 4852
579 4852
4574 4852
3547 4852
940 4852
5890 4852
5493 4852
1795 4852
5686 4852
1460 4852
1850 4852
7728 4852
2318 4852
6809 4852
5943 4852
7243 4852
4839 4853
4770 4853
6796 4853
160 4853
4439 4853
61 4853
4498 4853
2348 4853
1823 4853
6658 4853
1275 4853
530 4853
8258 4853
6759 4853
3234 4853
1342 4853
4317 4854
8137 4854
7607 4854
451 4854
3280 4854
5718 4854
2086 4854
1308 4854
4131 4854
4185 4854
4566 4854
6440 4854
4394 4854
689 4854
6043 4854
3838 4854
625 4855
7075 4855
6566 4855
723 4855
7450 4855
7341 4855
6026 4855
6694 4855
5957 4855
7465 4855
7605 4855
2414 4855
1436 4855
321 4855
3555 4855
2055 4856
1120 4856
6501 4856
4052 4856
4961 4856
4311 4856
2268 4856
4871 4856
4712 4856
3102 4856
6811 4856
481 4856
6911 4856
6768 4856
7837 4856
5795 4856
1231 4856
744 4856
1745 4856
7270 4856
5678 4857
171 4857
7679 4857
6775 4857
7382 4857
7898 4857
7090 4857
2335 4857
7404 4857
6651 4857
5697 4857
3438 4857
3838 4857
1276 4857
5694 4857
5371 4858
370 4858
1499 4858
1447 4858
4229 4858
4108 4858
5539 4858
3010 4858
4843 4858
4139 4858
1086 4858
5426 4858
4031 4858
6976 4858
2683 4858
266 4858
2424 4858
163 4858
1756 4858
3234 4858
4822 4858
7902 4858
7644 4858
1285 4859
6697 4859
985 4859
6380 4859
1280 4859
1254 4859
4350 4859
4178 4859
956 4859
2345 4859
3193 4859
5217 4859
7754 4859
967 4860
6935 4860
1684 4860
1464 4860
4570 4860
4897 4860
7202 4860
7333 4860
6354 4860
4334 4860
137 4860
118 4860
3107 4861
2285 4861
6631 4861
7432 4861
7350 4861
2123 4861
4646 4861
5533 4861
650 4861
1729 4861
3211 4861
7139 4861
5967 4861
4548 4861
7383 4861
7057 4861
7975 4861
1257 4862
5564 4862
4647 4862
79 4862
1782 4862
3102 4862
5783 4862
6588 4862
5732 4862
1802 4862
2527 4862
2822 4862
1162 4862
6650 4862
5037 4862
646 4862
6404 4863
6208 4863
7916 4863
6133 4863
5974 4863
5664 4863
6892 4863
5126 4863
175 4863
8284 4863
1977 4863
3147 4863
5453 4863
6106 4864
3478 4864
4008 4864
4537 4864
2985 4864
7911 4864
3483 4864
3039 4864
1568 4864
8053 4864
76 4864
884 4865
6717 4865
1558 4865
5004 4865
153 4865
6158 4865
5798 4865
185 4865
4138 4865
6850 4865
5530 4865
4025 4865
2362 4865
900 4865
6178 4865
2984 4865
4956 4866
3038 4866
7381 4866
5329 4866
3243 4866
6531 4866
3145 4866
2989 4866
3916 4866
4794 4866
7970 4866
5334 4866
1041 4866
219 4866
1188 4866
5878 4866
5582 4866
4374 4866
650 4866
3034 4866
820 4866
1006 4866
6512 4867
6313 4867
7020 4867
137 4867
6274 4867
1484 4867
3659 4867
5005 4867
4119 4867
6807 4867
4792 4867
3013 4867
2330 4867
8034 4867
2524 4867
3571 4867
3997 4867
3147 4867
6653 4867
867 4867
606 4867
4288 4867
4047 4867
2629 4868
4717 4868
4333 4868
5514 4868
7772 4868
709 4868
1525 4868
5399 4868
3113 4868
2777 4868
806 4868
4744 4868
3365 4868
1262 4868
3419 4868
7705 4868
6026 4868
4413 4868
4049 4868
3783 4868
4718 4869
407 4869
5658 4869
5549 4869
1725 4869
3054 4869
290 4869
1055 4869
4413 4869
4141 4869
6676 4869
2556 4869
5097 4869
4441 4869
5978 4869
4542 4869
4269 4870
6970 4870
628 4870
6268 4870
3783 4870
6136 4870
2256 4870
7573 4870
5842 4870
6605 4870
7350 4870
2940 4870
5663 4870
6774 4870
7413 4870
1134 4870
6356 4870
7778 4870
3074 4871
771 4871
824 4871
1871 4871
685 4871
6305 4871
2849 4871
7869 4871
2545 4871
5805 4871
4654 4871
318 4871
1122 4871
3691 4871
1610 4872
5006 4872
3401 4872
8245 4872
1069 4872
6992 4872
3099 4872
4815 4872
3122 4872
2780 4872
2429 4872
7415 4872
394 4872
7777 4872
5855 4872
8000 4872
5723 4872
4873 4873
3827 4873
3512 4873
1675 4873
716 4873
195 4873
7563 4873
5810 4873
4978 4873
3913 4873
5447 4873
6816 4873
2481 4873
2769 4873
8186 4874
6881 4874
7299 4874
2287 4874
4644 4874
4481 4874
5501 4874
6858 4874
2231 4874
5690 4874
7017 4874
4005 4874
3167 4874
3735 4874
4830 4874
7228 4874
915 4874
7632 4875
4575 4875
1514 4875
3007 4875
8025 4875
3832 4875
5631 4875
4694 4875
4549 4875
1657 4875
2085 4875
7077 4875
2233 4875
1056 4875
3687 4875
7829 4875
1103 4875
3518 4875
5767 4875
5410 4875
2077 4875
5941 4876
1080 4876
7079 4876
1079 4876
6748 4876
5232 4876
6162 4876
5482 4876
1366 4876
4815 4876
4429 4876
6496 4876
905 4877
1653 4877
2570 4877
2620 4877
73 4877
1731 4877
7224 4877
4570 4877
3946 4877
7843 4877
7780 4877
6266 4877
5714 4877
4156 4877
7543 4877
2567 4878
781 4878
1478 4878
7258 4878
5164 4878
8192 4878
4108 4878
4783 4878
2540 4878
738 4878
8084 4878
3974 4878
3312 4878
4468 4879
2507 4879
2543 4879
2441 4879
2202 4879
5592 4879
2051 4879
1400 4879
1589 4879
3117 4879
771 4879
7721 4879
3446 4879
7243 4879
2594 4879
6407 4879
4664 4879
737 4879
2728 4879
2920 4880
540 4880
6931 4880
5980 4880
757 4880
2679 4880
3853 4880
1657 4880
6258 4881
5140 4881
2192 4881
4564 4881
4858 4881
2812 4881
7097 4881
6079 4881
4899 4881
134 4881
2958 4881
5216 4881
3047 4881
3637 4881
3486 4882
4637 4882
440 4882
1280 4882
6336 4882
23 4882
7818 4882
3745 4882
713 4882
4661 4882
1615 4882
1943 4882
3857 4882
6140 4882
4575 4883
6466 4883
4746 4883
2711 4883
1482 4883
103 4883
8132 4883
3723 4883
5131 4883
6853 4883
4134 4883
2596 4883
1334 4883
2498 4883
4900 4884
4007 4884
2390 4884
7723 4884
8011 4884
2647 4884
1495 4884
1261 4884
2632 4884
2292 4884
7611 4884
5201 4884
2051 4884
4077 4884
3588 4884
1280 4884
7558 4884
8078 4884
5162 4884
8244 4885
5044 4885
6697 4885
613 4885
1953 4885
3839 4885
5621 4885
2822 4885
3888 4885
903 4885
917 4885
1218 4885
2337 4885
2006 4885
2351 4885
6391 4885
2138 4886
4627 4886
3676 4886
5259 4886
4309 4886
3960 4886
3474 4886
2516 4886
6039 4886
6631 4886
6366 4886
7061 4886
8267 4886
2565 4886
1149 4886
1035 4886
387 4886
7560 4886
2683 4886
1499 4886
6360 4886
1052 4886
7580 4886
6139 4886
780 4886
7369 4887
3604 4887
3742 4887
7341 4887
5118 4887
3491 4887
2836 4887
1631 4887
4976 4887
1914 4887
5160 4887
770 4887
3172 4887
3193 4888
100 4888
4040 4888
6075 4888
285 4888
3230 4888
4685 4888
2815 4888
8095 4888
7601 4888
6680 4888
5702 4888
1412 4888
3460 4888
3891 4888
6356 4888
5048 4888
3050 4888
7365 4888
6835 4888
4839 4888
7347 4888
4450 4888
8165 4888
4525 4888
7711 4889
1795 4889
7139 4889
5714 4889
1443 4889
2865 4889
5 4889
3522 4889
2436 4889
148 4889
3642 4889
7763 4889
5297 4889
6213 4889
562 4889
465 4889
6368 4889
4534 4890
6695 4890
267 4890
7300 4890
4145 4890
2554 4890
833 4890
7733 4890
171 4890
7265 4890
527 4890
7123 4891
1310 4891
4781 4891
7670 4891
1792 4891
3519 4891
6331 4891
6722 4891
2017 4891
4627 4891
5771 4891
1003 4891
6466 4891
6421 4892
3009 4892
1148 4892
6394 4892
4407 4892
4529 4892
5430 4892
279 4892
7113 4892
2081 4892
224 4893
5681 4893
3035 4893
4727 4893
6784 4893
6710 4893
3564 4893
1454 4893
1086 4893
7120 4893
650 4893
2036 4893
3879 4893
4839 4894
3638 4894
1364 4894
7435 4894
1293 4894
437 4894
5628 4894
655 4894
121 4894
6156 4894
6740 4894
553 4894
6078 4895
7765 4895
5078 4895
5145 4895
3705 4895
5535 4895
5678 4895
7972 4895
6103 4896
5718 4896
3431 4896
5614 4896
2001 4896
3631 4896
7638 4896
3439 4896
2160 4896
4314 4896
3708 4896
7475 4896
516 4896
7284 4896
7158 4896
4779 4896
6391 4896
4026 4896
5803 4896
4467 4896
2675 4896
6993 4896
425 4896
3461 4896
4918 4896
308 4896
2906 4896
6466 4896
1372 4896
980 4897
3165 4897
1564 4897
1148 4897
1601 4897
1867 4897
6464 4897
7553 4897
449 4897
1498 4897
963 4897
270 4897
61 4897
4883 4897
337 4897
492 4897
6676 4897
1844 4898
764 4898
3413 4898
2152 4898
4480 4898
7852 4898
2966 4898
2313 4898
5622 4898
1436 4898
4174 4898
2099 4898
4564 4898
550 4899
927 4899
4434 4899
216 4899
6803 4899
3905 4899
1029 4899
1189 4899
6363 4899
1032 4899
3482 4899
6065 4899
3077 4899
238 4899
816 4900
3234 4900
4689 4900
1643 4900
949 4900
3477 4900
3441 4900
5426 4900
6590 4900
1991 4900
4339 4900
4060 4900
5838 4900
7744 4900
2047 4901
433 4901
507 4901
5440 4901
8153 4901
7149 4901
602 4901
327 4901
3016 4901
1459 4901
5048 4901
5501 4901
8035 4901
950 4901
5374 4901
6976 4901
197 4901
5516 4902
6055 4902
2399 4902
7352 4902
7997 4902
6332 4902
478 4902
4440 4902
4633 4902
2438 4902
3675 4902
7486 4902
4658 4902
1327 4902
8171 4902
770 4902
3249 4902
7697 4902
1855 4902
6663 4902
447 4902
6116 4902
4712 4903
685 4903
8033 4903
4875 4903
4595 4903
762 4903
2953 4903
6731 4903
113 4903
269 4903
2455 4903
6592 4903
6658 4903
3070 4903
3371 4903
3583 4903
3804 4903
4738 4903
418 4904
7578 4904
4620 4904
177 4904
2682 4904
1066 4904
7531 4904
6410 4904
5158 4904
4042 4904
559 4904
3949 4904
3750 4904
6080 4904
6356 4904
1525 4904
4905 4905
7217 4905
540 4905
8135 4905
1169 4905
3086 4905
5430 4905
1694 4905
1482 4905
5232 4905
4075 4905
748 4905
7970 4905
115 4905
2 4905
134 4905
3456 4906
6226 4906
5379 4906
5413 4906
6681 4906
6449 4906
4191 4906
6566 4906
837 4906
2666 4906
5155 4906
3669 4906
2181 4906
7237 4906
4848 4906
4001 4906
1444 4906
2285 4906
7716 4906
5757 4906
1130 4906
8110 4906
4916 4906
349 4906
5043 4906
1248 4906
3351 4906
2642 4906
4172 4906
2076 4907
258 4907
1995 4907
7518 4907
7356 4907
2542 4907
3088 4907
4947 4907
790 4907
7570 4907
1788 4907
3909 4907
4271 4907
5919 4908
2081 4908
1654 4908
3510 4908
4825 4908
3218 4908
540 4908
7448 4908
216 4908
8008 4908
4536 4908
1069 4908
7718 4908
4301 4908
8192 4908
8258 4908
8041 4908
5405 4908
2718 4909
6003 4909
1595 4909
8201 4909
5355 4909
4597 4909
394 4909
2796 4909
6744 4909
2455 4909
8150 4909
319 4909
3126 4909
1463 4909
5582 4909
1653 4909
2937 4909
1482 4909
5938 4909
6832 4910
290 4910
7825 4910
2931 4910
2688 4910
194 4910
5861 4910
1069 4910
2680 4910
1559 4910
3945 4910
5440 4911
7887 4911
2294 4911
5301 4911
7397 4911
782 4911
