2436 496
787 496
951 496
2016 496
3027 496
3408 496
7982 496
4531 496
2110 496
1221 497
5775 497
7942 497
3602 497
3166 497
3037 497
2262 497
5182 497
5712 497
2 497
7947 497
2389 498
2143 498
7722 498
6480 498
3153 498
3796 498
6417 498
7204 498
3333 498
8273 498
3375 498
827 498
5355 498
2830 498
6768 498
3953 498
1993 499
4900 499
1498 499
556 499
4763 499
3059 499
5404 499
2982 499
1120 499
1492 499
5098 499
2421 500
4690 500
3045 500
656 500
5388 500
3005 500
1699 500
2334 500
5283 500
6145 500
2691 500
4414 500
5702 500
3549 500
5327 500
7604 500
5483 501
1321 501
88 501
7344 501
6152 501
2765 501
7310 501
910 501
949 501
320 501
2542 501
4645 501
3060 501
2215 501
6487 501
4490 501
552 502
4671 502
6171 502
1537 502
5371 502
3746 502
1589 502
3015 502
4890 502
3612 502
6211 502
3918 502
2335 502
5357 502
5750 502
6417 502
5254 503
503 503
2692 503
288 503
4617 503
3478 503
3089 503
3339 503
4790 503
1244 503
6704 503
3496 503
3466 503
216 503
7909 503
3284 503
1000 503
6268 503
2227 504
7766 504
4153 504
154 504
5461 504
8010 504
5619 504
6649 504
5279 504
2346 504
5414 504
1957 504
7651 504
409 504
1435 504
7601 504
3460 504
917 504
7621 504
1378 505
94 505
4384 505
4789 505
7328 505
628 505
5710 505
6228 505
365 505
3293 505
4030 505
2231 505
2392 505
744 505
1542 505
7441 506
2734 506
1319 506
4363 506
3518 506
1834 506
3466 506
4416 506
2905 506
6412 506
7180 506
3687 506
7120 507
2085 507
749 507
4798 507
3713 507
5838 507
7050 507
3559 507
613 507
3024 507
7991 508
4785 508
49 508
897 508
7040 508
7793 508
5963 508
7582 508
2607 508
4920 508
263 508
2803 508
3050 508
2287 508
8174 508
2355 508
3250 508
3696 508
2834 509
7836 509
5482 509
562 509
5795 509
771 509
2212 509
7164 509
2187 509
2769 509
4472 509
2962 509
919 509
4755 509
6887 509
3836 509
7582 509
2386 509
3039 509
3614 509
2054 509
7456 509
6775 509
3559 510
7413 510
4023 510
240 510
7053 510
4190 510
4216 510
1234 510
1897 510
5126 510
1771 510
7161 510
4340 510
7396 511
8004 511
6429 511
4349 511
82 511
5230 511
1967 511
7650 511
2043 511
42 511
583 511
7243 511
7229 511
3426 511
3248 511
3693 511
2755 511
1542 511
6182 511
8125 511
2978 512
5908 512
6682 512
2169 512
7714 512
2910 512
4586 512
3488 512
1500 512
3289 512
614 512
6895 512
5163 512
6918 512
296 513
1700 513
3287 513
3977 513
772 513
6056 513
7418 513
4856 513
5464 513
1797 513
922 513
6538 513
6480 513
6249 513
6749 513
3052 513
7905 513
2814 513
152 514
5882 514
7670 514
3604 514
4178 514
7311 514
63 514
2235 514
7523 514
6124 514
165 514
7837 514
3695 514
590 514
762 514
6066 514
59 514
3141 514
3246 514
1653 515
682 515
5582 515
6403 515
5176 515
5946 515
2866 515
6937 515
2862 515
2311 515
1094 515
734 515
5684 515
4684 516
1282 516
1939 516
5923 516
773 516
6950 516
2962 516
3286 516
6753 516
4511 516
6801 516
6380 516
4646 516
5026 516
846 516
6244 516
8108 516
3441 516
6668 516
1849 516
6487 516
517 517
6332 517
216 517
6354 517
7597 517
8154 517
1895 517
3954 517
8054 517
535 517
7569 517
7277 517
5681 517
6913 518
6994 518
5279 518
4165 518
3836 518
7847 518
1859 518
3596 518
726 518
2060 518
723 518
207 518
1571 519
3212 519
2267 519
1444 519
3990 519
5659 519
3640 519
5754 519
3012 519
808 519
1443 519
6629 519
1986 519
85 519
3973 520
1444 520
3621 520
2949 520
4933 520
880 520
2570 520
4182 520
8024 520
1643 520
7965 520
5834 520
1781 520
2276 520
4263 520
6758 521
5183 521
6357 521
2795 521
4566 521
8116 521
6529 521
486 521
3242 521
3903 521
2950 521
1278 521
7649 521
6712 521
4429 521
5159 521
4622 521
3876 522
7714 522
3932 522
3079 522
2600 522
5964 522
1165 522
3646 522
3090 522
1770 522
3604 522
1520 522
2983 522
2384 522
7718 522
3047 522
4846 522
487 522
4023 522
1565 522
7161 522
2861 523
4738 523
6029 523
642 523
1487 523
3792 523
1497 523
2298 523
5482 523
6250 523
1740 523
7496 523
3704 523
8075 523
7815 523
7829 523
6687 524
1740 524
2335 524
1963 524
3312 524
4445 524
7170 524
1333 524
6064 524
256 524
5799 524
3364 524
3627 524
1077 524
5961 525
7448 525
1248 525
4665 525
1509 525
5730 525
2103 525
1990 525
7384 525
7745 525
953 525
5027 525
5722 525
2148 525
1791 526
7504 526
6433 526
405 526
2832 526
4781 526
3398 526
5448 526
2090 526
6616 526
2490 526
3107 526
8028 526
4870 526
5689 527
1663 527
4579 527
6506 527
2072 527
4737 527
5033 527
6417 527
6253 527
4603 527
5294 527
5151 527
1161 527
7972 527
3867 527
5311 527
1529 527
5037 527
4899 528
7283 528
537 528
4403 528
1866 528
5963 528
4666 528
6538 528
4704 528
7783 528
4847 528
6341 528
6428 528
3955 528
7771 528
3723 528
5397 528
2536 528
4253 529
7783 529
5794 529
1494 529
811 529
797 529
5491 529
2228 529
7723 529
5250 529
6540 529
2862 529
3351 529
258 530
1130 530
295 530
1909 530
3139 530
634 530
407 530
6100 530
4212 530
4352 530
40 530
2175 530
864 531
3444 531
2984 531
7340 531
6809 531
4109 531
1780 531
5950 531
5454 531
7901 531
6076 531
5491 531
7737 531
2276 531
5273 532
1472 532
1054 532
182 532
6780 532
7860 532
5867 532
7907 532
204 532
1200 532
5761 532
7794 532
4912 532
1560 532
6783 532
5330 532
5536 533
5597 533
347 533
5377 533
4217 533
5322 533
2541 533
529 533
2809 533
5867 533
6510 533
4916 533
2908 533
7144 533
4173 533
5900 534
5681 534
7290 534
154 534
725 534
1782 534
5868 534
5050 534
3711 534
1203 535
6464 535
7410 535
751 535
3560 535
5881 535
7246 535
8084 535
6314 535
7807 535
2171 535
2320 535
3167 535
1089 535
649 535
6430 535
6454 535
6797 536
5004 536
2749 536
5375 536
5562 536
3654 536
6968 536
2168 536
5466 536
8125 536
5212 536
2913 536
7723 536
7754 536
2637 537
7259 537
5326 537
3964 537
7630 537
2973 537
268 537
3745 537
4318 537
5944 537
8030 537
897 537
984 537
232 537
7184 537
777 537
3522 538
5357 538
1481 538
524 538
7333 538
5686 538
2568 538
4612 538
1527 538
3270 538
2633 538
6116 538
7738 539
6753 539
3766 539
993 539
4100 539
6709 539
7253 539
2459 539
4288 539
6454 539
3179 539
5116 539
2434 539
4355 539
751 539
2983 539
5285 539
7285 539
3879 539
4279 540
1599 540
6373 540
4442 540
2404 540
6797 540
2872 540
7388 540
584 540
729 540
3868 540
1443 540
2089 540
7017 540
7693 540
642 540
618 540
1854 540
5309 540
7269 541
353 541
5447 541
4766 541
2726 541
6305 541
865 541
6318 541
7674 541
3132 541
2325 541
108 541
6258 541
7752 541
4481 541
5053 542
7875 542
1894 542
2763 542
2013 542
2139 542
5345 542
786 542
3426 542
7156 542
6576 542
470 543
3727 543
3054 543
6446 543
2359 543
7074 543
5789 543
4755 543
8286 543
1645 543
7782 543
1240 543
3300 543
492 543
5667 543
6066 543
3616 543
2885 543
5826 543
4395 543
3559 543
7431 544
7040 544
2822 544
6964 544
5438 544
3696 544
4143 544
5695 544
2181 544
1820 544
6538 544
4292 544
7185 544
7373 544
3071 544
3260 544
3073 544
7637 544
5967 544
1054 544
7374 544
8044 544
6178 544
2530 544
3510 545
3154 545
3243 545
7387 545
8066 545
5213 545
1077 545
6427 545
1366 545
5678 545
2448 545
7291 545
5935 545
367 545
4081 545
2879 545
6514 545
6801 545
4603 545
374 545
1066 546
6454 546
3633 546
5433 546
2354 546
4815 546
1970 546
4546 546
5141 546
7381 546
2302 546
7283 546
6276 546
4010 546
5057 546
7152 546
6973 547
2329 547
1352 547
4959 547
5469 547
5444 547
3837 547
4988 547
4836 547
5867 547
7742 547
1786 547
3614 547
4612 547
5404 548
2804 548
3609 548
362 548
4718 548
8 548
7260 548
6369 548
7992 548
5686 548
4915 548
600 549
2298 549
7601 549
3527 549
491 549
617 549
783 549
3129 549
1673 549
5679 549
963 549
4706 549
5518 549
619 549
2391 550
5009 550
6948 550
5477 550
8083 550
3840 550
5570 550
7045 550
138 550
4621 550
2082 550
8292 550
4105 550
4878 550
8192 550
8295 550
7797 550
6810 550
5511 550
2957 550
5806 551
321 551
2195 551
8010 551
4743 551
48 551
4530 551
3732 551
478 551
5326 551
7970 551
6813 551
7967 551
2507 551
6551 551
7963 551
2516 551
1989 551
6026 551
6719 551
4988 551
5752 552
6160 552
7824 552
3531 552
310 552
319 552
3075 552
4375 552
2065 552
2912 552
780 552
1253 552
5003 552
5138 552
3777 553
639 553
2229 553
3676 553
1088 553
5855 553
5779 553
1129 553
2008 553
7342 553
7138 553
2618 553
6104 553
469 554
6667 554
6361 554
5755 554
2150 554
98 554
3588 554
1742 554
6251 554
1605 555
2202 555
555 555
2563 555
585 555
3041 555
5730 555
6057 555
4520 555
438 555
1473 555
364 555
5734 555
2935 555
6080 555
5447 555
2764 555
2210 555
4220 556
1976 556
3900 556
3333 556
7144 556
5494 556
7116 556
160 556
4655 556
5232 556
6705 556
867 556
2291 556
1855 556
5697 556
3683 556
3891 556
5654 556
1492 556
443 556
3226 556
3496 556
1262 556
5387 557
5527 557
1376 557
2470 557
3070 557
2832 557
6522 557
5684 557
196 557
3717 558
7045 558
3277 558
6735 558
563 558
987 558
4701 558
3764 558
5764 558
2302 558
3172 558
1797 558
2374 558
1361 558
2013 558
3227 558
4184 558
3846 558
6406 558
1044 558
3281 558
7720 559
2520 559
6210 559
7315 559
5910 559
4126 559
407 559
2200 559
7999 559
1240 559
7186 559
3746 559
7335 559
4966 559
6501 559
556 559
882 560
4349 560
4772 560
2645 560
1808 560
3855 560
7832 560
2331 560
634 560
2047 560
6597 560
5555 560
6801 560
1604 560
3082 560
6437 560
7083 560
2606 560
1390 560
7611 560
1387 560
4530 560
1096 560
4277 561
3486 561
7348 561
633 561
5469 561
3748 561
3292 561
2953 561
6773 561
5757 561
3077 561
5156 561
2072 561
7670 561
940 561
3953 561
6831 561
3946 562
1720 562
8239 562
5927 562
4029 562
144 562
1319 562
4120 562
601 562
7862 562
3230 562
5216 563
5319 563
2354 563
3135 563
5517 563
5675 563
2373 563
2420 563
2705 563
3971 563
863 563
4563 563
2316 563
6496 563
4941 563
6576 563
448 564
5225 564
5958 564
3627 564
1442 564
7427 564
1639 564
5691 564
4188 564
2459 564
5317 564
3288 564
7966 564
3785 564
1015 564
1897 564
5932 564
3897 564
1250 564
97 564
5441 564
681 565
6416 565
3244 565
2273 565
935 565
6383 565
6211 565
7357 565
7819 565
1144 565
277 565
5194 565
6090 565
593 565
1079 565
7066 565
5045 565
531 566
4266 566
5301 566
5152 566
8240 566
2198 566
5185 566
3101 566
8155 566
5720 566
3891 566
2806 566
5411 566
6953 566
908 566
3577 567
1089 567
2716 567
5038 567
14 567
7732 567
6480 567
7611 567
3194 567
7716 567
6078 567
7713 567
1482 567
3917 567
4529 567
6406 567
7078 567
911 567
37 568
7296 568
3988 568
6209 568
2962 568
7791 568
5428 568
5283 568
4047 568
4112 568
398 568
4998 568
3914 568
3758 568
176 568
6529 568
2378 568
7802 568
552 569
7151 569
5986 569
5414 569
8086 569
2587 569
4584 569
2814 569
1937 569
5538 569
5944 569
7467 569
6529 569
5160 569
3879 569
1674 569
5772 569
4912 569
1265 569
570 570
747 570
4792 570
4712 570
1499 570
852 570
7038 570
8195 570
6254 570
3879 570
300 570
4763 570
7184 570
2957 570
4247 570
6494 570
2600 570
6709 570
1908 571
894 571
4188 571
6520 571
6559 571
7652 571
3543 571
5709 571
1287 571
995 571
4640 571
6407 571
5569 571
8084 571
6463 571
4127 571
6524 571
1843 572
4711 572
7368 572
1205 572
7854 572
1175 572
7019 572
2110 572
141 572
3324 572
5377 572
7604 572
6158 572
8081 572
5562 572
7535 572
2293 572
250 573
603 573
4938 573
804 573
5482 573
1650 573
257 573
1794 573
6232 573
7651 573
3750 573
7873 573
4017 573
8238 573
3485 573
2579 573
3041 573
6810 574
1532 574
2572 574
6579 574
705 574
4335 574
5418 574
1455 574
2120 574
7296 574
5062 574
7597 574
7381 574
953 574
7475 574
3104 575
2592 575
6164 575
2055 575
4826 575
7373 575
6545 575
1528 575
7440 575
6683 575
6647 575
5314 575
2008 575
1523 575
151 576
7753 576
2672 576
321 576
404 576
3181 576
7803 576
882 576
4509 576
7077 576
2269 576
3917 576
6108 576
1414 576
6992 576
3243 576
3930 576
6325 576
3586 577
5259 577
2360 577
4321 577
4430 577
7082 577
2951 577
3233 577
1936 577
263 577
1740 577
2166 577
5805 577
349 577
7429 577
373 578
2593 578
7804 578
3967 578
7243 578
2832 578
519 578
347 578
8043 578
2633 578
1454 578
201 578
1112 578
4195 578
1937 578
4795 578
2081 578
7244 578
3892 579
2594 579
2235 579
2555 579
2540 579
7944 579
3659 579
1679 579
1233 579
8171 579
4664 579
2862 579
2988 579
431 579
7540 579
2879 579
4903 579
46 579
7505 579
3071 579
5535 579
5075 579
7970 580
854 580
580 580
4658 580
7260 580
6861 580
3179 580
2906 580
256 580
4429 580
5890 580
667 580
4556 580
448 581
8178 581
4647 581
7791 581
8044 581
7480 581
4062 581
5679 581
969 581
3038 581
4866 581
635 581
821 581
189 581
7637 581
7781 581
5715 581
6569 581
7708 582
3768 582
6008 582
5630 582
1730 582
7070 582
4405 582
3424 582
3906 582
6480 582
3242 582
4093 582
773 583
8033 583
3383 583
6888 583
6545 583
6969 583
6479 583
730 583
4160 583
7771 583
3148 584
112 584
5404 584
2077 584
6573 584
2007 584
6400 584
46 584
4259 584
3754 584
1837 584
2019 584
7497 584
4531 584
7282 584
6511 584
2574 584
1943 584
5598 584
2762 584
549 584
4143 585
4744 585
6483 585
7183 585
3688 585
5213 585
92 585
6541 585
3483 585
3059 585
4492 585
8083 585
3016 585
502 586
868 586
5658 586
1525 586
4139 586
3897 586
3641 586
7796 586
4569 586
1681 586
5733 586
2016 586
5176 586
3932 586
2982 586
3122 587
2298 587
6449 587
3137 587
4730 587
5266 587
3330 587
4005 587
5301 587
2852 587
6618 587
5159 587
5154 587
4872 587
2050 587
5543 587
1215 587
5447 587
7182 587
4529 587
610 587
4881 587
1542 587
1837 587
6261 587
6523 587
4466 587
7285 588
4266 588
1834 588
5322 588
4405 588
8145 588
4706 588
825 588
3639 588
3906 588
7797 588
2123 588
7129 588
5303 588
3371 588
6266 588
4387 588
2200 588
3786 588
6918 588
4653 588
1720 588
6622 588
4101 588
4642 588
6312 589
2283 589
2231 589
5281 589
2186 589
1475 589
1332 589
7504 589
4564 589
7878 589
4388 589
436 589
1674 589
6614 589
1139 589
4865 589
7977 589
2474 589
3159 589
4202 589
4608 589
6621 589
6697 590
1429 590
3415 590
4735 590
6982 590
8053 590
7914 590
6212 590
6236 590
4747 590
1440 590
2707 590
1403 590
7959 590
243 591
6202 591
3237 591
1686 591
2470 591
30 591
3386 591
1796 591
7518 591
1201 591
3914 591
8030 591
750 591
6681 591
7440 591
2031 591
2325 592
1947 592
3603 592
1803 592
6019 592
52 592
1242 592
125 592
1560 592
1163 592
5533 592
4676 592
3888 592
1731 592
4315 592
1860 592
7299 593
7097 593
6790 593
1811 593
7447 593
1914 593
996 593
1432 593
5773 593
3171 593
1190 593
6685 593
1715 593
2451 593
6643 593
5333 593
1475 593
6064 593
3500 593
6825 593
3974 594
3946 594
3883 594
5702 594
2175 594
1562 594
4468 594
7069 594
5130 594
8106 594
293 594
4958 594
4190 594
7424 594
2592 594
4995 594
7196 594
1914 594
6898 594
7511 594
1301 594
7653 595
8059 595
5936 595
2497 595
6773 595
6624 595
7487 595
5560 595
5018 595
2849 595
7296 595
3093 595
596 596
667 596
6716 596
3472 596
8241 596
781 596
5613 596
496 596
715 596
174 596
7808 596
1269 596
1481 596
64 596
1000 596
1548 596
7497 596
2680 596
661 596
2126 596
5049 597
967 597
4821 597
4324 597
6232 597
1220 597
4137 597
4827 597
2661 597
2063 597
2800 597
5464 597
6513 597
6701 597
2853 597
2866 597
1973 597
6899 597
1475 597
2802 597
361 597
6009 597
1567 597
6840 597
3386 597
1962 597
375 597
5875 598
1494 598
3152 598
7229 598
1846 598
4804 598
664 598
2273 598
3343 598
1054 598
8153 598
4825 598
4235 598
2892 598
3281 598
8028 598
44 598
5100 598
599 599
5358 599
2424 599
7097 599
2814 599
6748 599
4738 599
3141 599
6371 599
7052 599
8145 599
5535 599
668 599
8080 599
5044 599
346 599
1963 599
860 599
1307 599
7383 600
365 600
3958 600
6879 600
499 600
3614 600
3858 600
1806 600
3525 600
3408 600
855 600
5243 600
508 600
8262 600
2723 600
409 600
2937 600
5509 600
1796 600
6403 600
1182 600
4179 600
851 601
5776 601
508 601
8033 601
5748 601
4570 601
7256 601
3737 601
2773 601
8116 601
2989 601
4263 601
6024 601
5145 601
6559 602
2691 602
3552 602
5303 602
2752 602
4319 602
17 602
3144 602
3766 602
1886 602
7176 602
8171 602
4117 602
394 602
2790 602
8033 602
3438 602
205 602
4695 602
466 602
1725 602
7930 602
1445 603
373 603
362 603
2538 603
3344 603
5527 603
2585 603
1332 603
4382 603
1382 603
8010 603
3015 603
2977 604
5007 604
2874 604
6739 604
4978 604
1378 604
3249 604
5701 604
4710 604
4350 604
2716 604
7703 604
5826 604
1811 604
2542 604
4435 604
2513 604
1440 604
2439 604
3800 604
4433 605
2316 605
4454 605
4695 605
6709 605
6406 605
4194 605
7863 605
7692 605
6054 605
8150 605
165 605
6973 606
152 606
6621 606
6986 606
4894 606
2868 606
6550 606
2945 606
5308 606
5239 606
7127 606
2711 606
3446 606
248 606
4512 606
7516 606
5523 606
3184 606
4759 607
5632 607
1103 607
3774 607
2584 607
3188 607
8257 607
4871 607
7811 607
6467 607
2327 607
367 607
6466 607
6986 607
856 608
279 608
3022 608
3808 608
628 608
4334 608
4516 608
2127 608
7240 608
6979 608
1434 608
3456 608
3908 609
8180 609
3188 609
8083 609
5925 609
3612 609
4817 609
6425 609
6243 609
7141 609
4314 609
662 609
7017 609
4070 610
5248 610
5544 610
1523 610
4454 610
1825 610
5209 610
90 610
950 610
1956 610
6132 610
1525 611
1097 611
3132 611
7860 611
2274 611
7320 611
5710 611
7182 611
7017 611
1936 611
3675 611
3039 611
2549 611
744 611
3267 611
8224 611
1349 611
6209 611
2795 611
5527 612
7863 612
621 612
7302 612
4896 612
6285 612
1009 612
280 612
5959 612
3350 612
121 612
3953 612
1255 612
7714 613
3024 613
6758 613
2987 613
6985 613
5918 613
5637 613
3543 613
2582 613
5593 613
6026 613
7258 613
1540 613
4072 613
7037 613
1128 613
4564 614
5815 614
3464 614
1388 614
5160 614
1082 614
983 614
7617 614
919 614
5512 614
8036 614
7937 614
3237 614
345 614
2847 614
600 614
4397 614
451 614
7819 614
531 614
7849 614
5897 615
2512 615
5371 615
3273 615
4569 615
7602 615
5972 615
6480 615
6295 615
3743 615
2661 615
6950 615
1459 615
6495 615
2545 616
1901 616
2012 616
5526 616
5693 616
4109 616
7334 616
2752 616
3895 616
1986 616
2346 616
2867 616
2370 616
7386 616
4921 616
3332 616
3912 617
6626 617
1254 617
5157 617
8210 617
7151 617
6271 617
772 617
2960 617
4172 617
2791 617
6641 617
5678 617
3843 617
4531 618
4998 618
6136 618
7037 618
3312 618
3205 618
2240 618
2802 618
5452 618
3157 618
4212 618
7705 618
