5139 4911
7090 4911
6751 4911
5303 4911
6103 4911
5135 4911
2332 4912
7137 4912
1001 4912
5767 4912
1538 4912
1844 4912
4682 4912
4653 4912
3212 4912
8219 4912
4870 4912
7107 4912
5335 4912
5710 4912
8037 4912
6706 4913
230 4913
7565 4913
4339 4913
1829 4913
276 4913
3171 4913
5875 4913
7491 4913
7355 4913
1136 4913
7000 4913
4007 4913
6055 4914
5756 4914
7277 4914
1015 4914
1680 4914
1937 4914
455 4914
3249 4914
3414 4914
6929 4914
5692 4914
4607 4914
6686 4914
4712 4915
149 4915
3648 4915
1001 4915
2869 4915
3785 4915
6979 4915
1440 4915
1641 4915
2785 4915
6335 4915
4156 4915
1657 4915
7967 4915
1346 4915
3456 4915
1269 4915
5757 4915
3732 4916
6277 4916
2175 4916
2693 4916
2178 4916
1501 4916
7113 4916
3333 4916
2719 4916
7327 4916
7574 4916
3969 4917
7534 4917
4917 4917
2941 4917
5909 4917
2231 4917
3322 4917
7547 4917
859 4917
3621 4917
7486 4917
3488 4917
7792 4917
7723 4917
4309 4917
8155 4917
8270 4917
3825 4917
2441 4917
182 4917
3325 4918
5734 4918
7177 4918
7680 4918
6711 4918
5621 4918
240 4918
3267 4918
1985 4918
7593 4918
341 4919
3616 4919
595 4919
4897 4919
6246 4919
6578 4919
134 4919
6683 4919
6689 4919
6343 4919
1559 4919
2394 4919
6237 4919
5705 4919
4551 4919
2653 4919
3566 4919
3505 4919
2448 4919
642 4919
3888 4920
5946 4920
4101 4920
2120 4920
5690 4920
2604 4920
2874 4920
5375 4920
2805 4920
588 4920
240 4920
4427 4920
4509 4920
6160 4920
5349 4920
8183 4920
4942 4920
1542 4920
6156 4920
3373 4921
3802 4921
4212 4921
52 4921
7214 4921
6694 4921
2486 4921
3859 4921
3527 4921
6704 4921
2001 4921
5730 4921
3261 4921
5449 4921
4358 4921
6400 4921
2716 4921
6760 4922
3992 4922
1765 4922
5991 4922
3324 4922
2034 4922
6653 4922
4175 4922
1212 4922
1371 4922
8100 4922
1194 4922
281 4922
4526 4922
4811 4922
891 4922
2593 4923
642 4923
6890 4923
2548 4923
3964 4923
763 4923
6407 4923
1330 4923
2192 4923
7967 4923
6970 4923
6209 4923
3034 4923
1754 4923
6129 4923
6573 4923
1037 4923
5972 4924
3296 4924
4884 4924
1473 4924
4488 4924
731 4924
6216 4924
4793 4924
2375 4924
7752 4924
4839 4924
6536 4924
6743 4924
5428 4924
6901 4924
2253 4924
1195 4924
1474 4925
2635 4925
7854 4925
2853 4925
2837 4925
3219 4925
6279 4925
7556 4925
1956 4925
2078 4925
5215 4925
5008 4925
687 4925
7806 4925
3086 4925
2800 4926
1378 4926
3327 4926
5009 4926
6945 4926
1999 4926
3908 4926
5238 4926
3482 4926
2254 4926
1297 4926
7827 4926
3060 4926
3502 4926
426 4926
2331 4926
782 4926
4501 4926
865 4926
6075 4926
604 4927
600 4927
1960 4927
3249 4927
7554 4927
363 4927
194 4927
5764 4927
2933 4927
6919 4927
299 4927
2425 4927
274 4927
7074 4927
4444 4927
6414 4928
2770 4928
8187 4928
3092 4928
1419 4928
1073 4928
5397 4928
3687 4928
2728 4928
59 4928
442 4928
2254 4928
2492 4928
469 4928
4450 4928
6279 4928
1284 4928
942 4928
7251 4928
5681 4929
467 4929
6853 4929
7182 4929
2998 4929
1698 4929
7332 4929
5102 4929
6361 4929
3565 4929
3863 4929
3040 4929
4018 4929
7237 4929
4722 4929
2740 4929
7002 4929
3782 4929
4795 4929
3693 4930
6600 4930
5620 4930
2666 4930
7674 4930
5039 4930
836 4930
2669 4930
7342 4930
204 4930
5190 4930
2933 4930
2582 4930
5271 4930
1613 4930
4639 4930
1707 4930
7443 4930
5608 4930
8230 4931
4502 4931
6600 4931
152 4931
7742 4931
756 4931
1877 4931
5983 4931
84 4931
431 4931
2473 4931
2804 4931
7415 4931
4364 4931
7711 4931
1756 4931
6816 4931
5501 4931
7736 4932
891 4932
4861 4932
5875 4932
8065 4932
417 4932
7574 4932
1692 4932
8057 4932
734 4932
2854 4932
5894 4932
7675 4932
2516 4933
1212 4933
738 4933
643 4933
3473 4933
6107 4933
4632 4933
6058 4933
1232 4933
2033 4934
5210 4934
7083 4934
2963 4934
5231 4934
3046 4934
7220 4934
1205 4934
7294 4934
532 4934
5988 4934
232 4934
84 4934
3227 4934
1177 4934
4026 4934
2429 4934
513 4934
5754 4934
834 4934
1178 4934
7726 4935
5750 4935
5810 4935
2625 4935
4035 4935
5388 4935
4593 4935
5895 4935
7778 4935
1973 4935
4155 4935
922 4935
6400 4935
2271 4935
1308 4935
3621 4935
4753 4935
5837 4935
7996 4935
1026 4935
1870 4935
6737 4935
3565 4935
620 4935
7492 4935
7768 4936
363 4936
1511 4936
6053 4936
3460 4936
7672 4936
480 4936
7560 4936
3617 4936
4685 4936
1549 4936
1357 4936
159 4936
817 4936
4123 4936
2037 4936
6244 4936
4937 4937
222 4937
7349 4937
3338 4937
7827 4937
7426 4937
8172 4937
4360 4937
6705 4937
742 4937
5795 4937
6608 4937
4563 4937
1991 4937
688 4937
1151 4938
274 4938
6244 4938
7882 4938
4403 4938
4780 4938
7601 4938
3465 4938
2162 4938
987 4938
4630 4938
104 4939
6033 4939
6656 4939
4589 4939
2853 4939
1710 4939
4836 4939
170 4939
6224 4939
4077 4939
2932 4939
479 4939
3639 4939
410 4939
2086 4939
5077 4939
1200 4939
3985 4939
4940 4940
7570 4940
6207 4940
1960 4940
6178 4940
7183 4940
705 4940
3275 4940
6512 4940
2272 4940
94 4940
5321 4940
6257 4940
7265 4940
1132 4940
6239 4940
8245 4940
417 4941
2292 4941
2007 4941
5875 4941
1254 4941
3989 4941
7508 4941
4844 4941
7180 4941
5138 4941
4856 4941
970 4941
1996 4941
4290 4941
6021 4941
6649 4941
3349 4941
2552 4942
4047 4942
5047 4942
1089 4942
3487 4942
6331 4942
3383 4942
1454 4942
3621 4942
2645 4942
616 4942
5097 4942
6313 4942
2999 4942
5830 4942
4229 4942
1943 4942
8101 4942
5837 4943
1712 4943
25 4943
6755 4943
4427 4943
3516 4943
523 4943
8114 4943
1713 4943
7712 4943
3903 4943
1820 4943
513 4944
2447 4944
4944 4944
268 4944
4865 4944
4711 4944
7203 4944
7697 4944
2498 4944
2197 4944
1311 4944
8029 4944
2037 4944
8157 4944
3675 4944
3242 4944
6936 4944
7403 4944
2187 4944
8057 4944
5982 4944
8257 4944
3764 4945
7061 4945
1265 4945
7002 4945
1867 4945
135 4945
3129 4945
6182 4945
5061 4945
1156 4945
4225 4945
7572 4945
610 4945
7311 4946
6732 4946
3222 4946
4916 4946
3517 4946
7217 4946
1282 4946
4151 4946
7040 4946
5732 4946
3180 4946
7287 4946
3819 4946
8177 4946
7011 4946
2854 4946
5683 4946
5444 4946
2729 4947
5136 4947
6770 4947
7355 4947
2180 4947
3676 4947
7138 4947
361 4947
4084 4947
6776 4947
6960 4947
3862 4947
4372 4947
6953 4948
3919 4948
7780 4948
6824 4948
94 4948
7880 4948
6748 4948
513 4948
197 4948
6437 4948
1484 4948
7675 4948
295 4948
4280 4948
4029 4948
797 4948
1056 4948
1788 4948
3507 4948
3738 4949
5133 4949
5263 4949
4589 4949
5259 4949
181 4949
1403 4949
3829 4949
2976 4949
4329 4949
3796 4949
7572 4949
5511 4949
2421 4949
1238 4949
1692 4949
4530 4949
5569 4949
5451 4950
5230 4950
3302 4950
7731 4950
6706 4950
4461 4950
7246 4950
6294 4950
4821 4950
3401 4950
4075 4950
2804 4950
2282 4950
4879 4950
5524 4950
6638 4950
3784 4950
6206 4951
4578 4951
6123 4951
3439 4951
6286 4951
2652 4951
6288 4951
6936 4951
3582 4951
4952 4952
7384 4952
1207 4952
4254 4952
3303 4952
158 4952
1740 4952
6901 4952
6 4952
6945 4953
6140 4953
5027 4953
3130 4953
4102 4953
5772 4953
6825 4953
349 4953
2358 4953
3873 4953
6021 4953
8175 4953
5188 4953
2108 4953
4444 4954
311 4954
7247 4954
8201 4954
1931 4954
2443 4954
7197 4954
1088 4954
1717 4954
1087 4954
2471 4954
7347 4954
4212 4954
2293 4954
7371 4954
7768 4954
5296 4954
2283 4954
1054 4954
7797 4954
1066 4955
4955 4955
7965 4955
5549 4955
2551 4955
3813 4955
431 4955
1000 4955
5400 4955
6171 4955
6797 4955
601 4955
2318 4955
4570 4955
3615 4955
377 4955
1949 4955
2207 4955
7833 4955
3281 4955
8192 4955
1878 4955
6890 4955
7951 4955
7285 4955
7215 4956
2013 4956
7850 4956
7628 4956
1691 4956
7056 4956
7731 4956
3871 4956
3827 4956
6083 4956
7943 4956
7865 4956
1742 4956
49 4956
1915 4956
6182 4956
7950 4957
4957 4957
6813 4957
1448 4957
7142 4957
5596 4957
7898 4957
3193 4957
2547 4957
4811 4957
4178 4957
5001 4957
863 4957
7388 4957
5326 4957
1527 4957
6886 4957
4574 4957
5626 4957
1130 4957
3872 4957
4352 4957
5983 4957
2182 4957
6588 4958
3603 4958
119 4958
6469 4958
3343 4958
6084 4958
7423 4958
3371 4958
7891 4958
6580 4958
3907 4959
3407 4959
638 4959
4811 4959
5386 4959
6081 4959
3287 4959
6335 4959
8032 4959
7341 4959
2076 4959
725 4959
1769 4959
2088 4960
3354 4960
5959 4960
3876 4960
2229 4960
2619 4960
1567 4960
2389 4960
4685 4960
4064 4960
4851 4960
3351 4960
5264 4961
774 4961
3081 4961
6078 4961
3287 4961
165 4961
2422 4961
1357 4961
1661 4961
447 4961
4706 4961
2252 4962
8210 4962
6807 4962
5778 4962
2451 4962
6111 4962
1536 4962
3588 4962
2813 4962
10 4962
7515 4962
650 4962
1971 4962
1802 4962
6618 4962
1989 4962
4579 4962
6796 4962
896 4962
3041 4962
2448 4963
6115 4963
6723 4963
4441 4963
3207 4963
7580 4963
4792 4963
436 4963
5423 4963
2770 4963
5978 4963
5512 4963
5809 4963
5681 4963
2715 4963
5022 4963
714 4963
4630 4963
7078 4963
2287 4963
1723 4963
1305 4963
7127 4964
4100 4964
201 4964
1700 4964
1937 4964
644 4964
2325 4964
6076 4964
836 4964
6244 4964
1504 4964
5592 4964
6226 4964
3166 4964
894 4964
8260 4964
5756 4964
2463 4964
4576 4964
6089 4965
402 4965
424 4965
8090 4965
1230 4965
7031 4965
588 4965
2764 4965
2321 4965
8079 4965
7708 4965
5377 4965
5188 4965
3253 4965
6494 4965
4273 4965
2795 4965
4660 4965
3582 4965
5596 4965
2330 4965
4823 4966
4458 4966
7274 4966
6136 4966
4798 4966
456 4966
1691 4966
1277 4966
323 4966
3656 4966
999 4966
6547 4966
4921 4966
118 4966
2384 4966
6696 4966
941 4966
2182 4967
3098 4967
5804 4967
2206 4967
2749 4967
3837 4967
6864 4967
6609 4968
1070 4968
1901 4968
1605 4968
7782 4968
4723 4968
5696 4968
3401 4968
7717 4968
5826 4968
5794 4968
176 4968
2291 4968
4658 4968
5551 4968
2468 4968
2113 4968
6347 4968
3878 4968
5112 4968
4382 4968
5811 4969
2328 4969
4821 4969
3260 4969
4878 4969
7164 4969
241 4969
1943 4969
3882 4969
7981 4969
1868 4969
3 4969
2210 4969
6970 4969
5936 4969
7182 4970
6675 4970
7525 4970
4415 4970
3413 4970
6162 4970
1690 4970
4579 4970
3357 4970
2736 4970
3400 4970
7245 4970
7473 4970
4926 4970
7343 4970
7461 4970
8045 4970
2718 4970
682 4970
3997 4970
2930 4970
6554 4970
8107 4971
4829 4971
5231 4971
8161 4971
6118 4971
7199 4971
6770 4971
4594 4971
2705 4971
6953 4971
7231 4971
6784 4971
1002 4972
4092 4972
3656 4972
4988 4972
6015 4972
5563 4972
5801 4972
7845 4972
4851 4972
2047 4972
668 4972
2856 4972
3823 4973
4619 4973
253 4973
7577 4973
4542 4973
4229 4973
7544 4973
6615 4973
1811 4973
4666 4973
2277 4973
2043 4973
4025 4973
449 4973
3260 4974
8083 4974
1692 4974
6037 4974
5621 4974
4290 4974
6641 4974
3460 4974
6077 4974
4755 4974
6852 4974
6708 4974
816 4974
6937 4974
4441 4974
2563 4974
320 4974
2829 4974
1976 4974
2388 4975
2048 4975
7514 4975
7774 4975
632 4975
1308 4975
7870 4975
2018 4975
2649 4975
8090 4975
7957 4976
3516 4976
8251 4976
2409 4976
5795 4976
8203 4976
2105 4976
970 4976
5209 4976
3856 4976
3134 4976
2629 4976
5564 4976
4715 4976
5641 4976
5409 4977
2162 4977
6817 4977
1474 4977
6068 4977
668 4977
1282 4977
5881 4977
1997 4977
2693 4977
5391 4977
7242 4977
3169 4977
7258 4977
4054 4978
1569 4978
4740 4978
6079 4978
7214 4978
4203 4978
7145 4978
3564 4978
4404 4978
7213 4978
2531 4978
6232 4978
5025 4978
311 4978
6489 4978
2077 4978
3576 4978
571 4978
4476 4978
1910 4979
2034 4979
2618 4979
1273 4979
1779 4979
48 4979
2665 4979
6234 4979
2002 4979
1327 4979
993 4979
7863 4979
1025 4979
2063 4979
2272 4980
4394 4980
1192 4980
5363 4980
967 4980
836 4980
284 4980
4895 4980
980 4980
7540 4980
7298 4980
8089 4980
6377 4980
2265 4980
7506 4980
8240 4981
2488 4981
358 4981
593 4981
2133 4981
478 4981
3420 4981
8175 4981
4718 4981
1639 4981
5861 4981
534 4981
1002 4981
820 4981
7431 4981
6863 4981
8152 4982
5947 4982
8017 4982
6797 4982
1084 4982
2187 4982
7588 4982
7942 4982
1574 4982
1435 4982
3763 4982
2637 4982
447 4982
8284 4982
629 4982
4930 4983
457 4983
1088 4983
3132 4983
1495 4983
3645 4983
1680 4983
7379 4983
7060 4983
5092 4983
6146 4983
2354 4983
2066 4983
1162 4983
7011 4983
6114 4983
5157 4983
2420 4983
7152 4983
4958 4983
7822 4984
6060 4984
7227 4984
1740 4984
3398 4984
1321 4984
4221 4984
1264 4984
2892 4984
2436 4984
786 4984
7335 4984
256 4984
3627 4984
976 4984
2447 4984
7620 4985
3627 4985
224 4985
4555 4985
2257 4985
79 4985
3840 4985
7468 4985
1490 4985
704 4985
3829 4985
8178 4985
2441 4985
6111 4985
6009 4985
7778 4986
6610 4986
991 4986
527 4986
5745 4986
5379 4986
3404 4986
5412 4986
529 4986
2016 4987
5493 4987
3975 4987
639 4987
1909 4987
1676 4987
3230 4987
8009 4987
2715 4987
7721 4987
3929 4987
6554 4988
6650 4988
4045 4988
3171 4988
6213 4988
2981 4988
3060 4988
4314 4988
2977 4988
6768 4988
588 4988
37 4988
3081 4988
5973 4988
635 4988
8100 4988
4350 4988
4758 4988
5650 4989
4216 4989
5850 4989
7365 4989
2472 4989
5920 4989
6851 4989
5722 4989
4979 4989
5991 4989
4265 4989
841 4990
6410 4990
4340 4990
6480 4990
622 4990
268 4990
1347 4990
8161 4990
897 4990
7912 4990
7570 4990
7281 4990
3855 4990
7966 4990
668 4990
4047 4991
1865 4991
660 4991
1055 4991
2316 4991
500 4991
6563 4991
2606 4991
6770 4991
7412 4991
6165 4991
1589 4991
641 4991
3924 4991
7953 4991
4126 4991
3801 4991
3876 4991
4104 4992
6779 4992
5620 4992
1405 4992
6475 4992
3253 4992
4853 4992
3512 4992
7369 4992
341 4992
57 4992
2732 4992
2332 4992
618 4992
5839 4992
6144 4992
6590 4992
3098 4992
2411 4992
3879 4993
4198 4993
7033 4993
254 4993
4374 4993
1856 4993
1572 4993
7060 4993
3828 4993
5310 4993
7059 4993
7277 4993
918 4993
4973 4993
4861 4994
1452 4994
8169 4994
7386 4994
2764 4994
1322 4994
888 4994
1656 4994
904 4994
8230 4994
3074 4994
19 4994
5502 4995
823 4995
1546 4995
2089 4995
7148 4995
7048 4995
4249 4995
1242 4995
1996 4995
1522 4995
6680 4995
7769 4995
2675 4995
5900 4995
4909 4996
231 4996
5165 4996
3748 4996
5461 4996
1720 4996
817 4996
192 4996
4644 4996
6993 4996
4809 4996
6073 4996
37 4996
1001 4996
3934 4996
3139 4996
1568 4996
7479 4996
3504 4996
3126 4996
1223 4997
2518 4997
469 4997
7632 4997
1006 4997
6117 4997
1230 4997
4790 4997
2874 4997
7096 4997
5755 4997
5241 4997
2406 4997
2721 4998
3003 4998
7960 4998
4398 4998
8114 4998
365 4998
6244 4998
4353 4998
2971 4998
2941 4998
5240 4998
3729 4998
3453 4998
5068 4998
4246 4998
1842 4998
7577 4998
2712 4998
7384 4999
7243 4999
1310 4999
3713 4999
1405 4999
2386 4999
2110 4999
5423 4999
3407 4999
4204 4999
1734 4999
4525 4999
8134 5000
6888 5000
2706 5000
2905 5000
7546 5000
2957 5000
6819 5000
4388 5000
7925 5000
5145 5000
2133 5000
1369 5000
1390 5000
6368 5000
1720 5000
151 5000
5061 5000
3046 5000
3229 5000
4022 5000
8265 5001
4850 5001
5320 5001
4621 5001
1035 5001
3055 5001
4968 5001
5910 5001
3659 5001
731 5001
4888 5001
5884 5001
3991 5001
4340 5001
4551 5001
8078 5002
8295 5002
1989 5002
7517 5002
3943 5002
3222 5002
5984 5002
2331 5002
3227 5002
1116 5002
606 5002
5423 5002
641 5002
6180 5002
6813 5002
6524 5002
8279 5002
7126 5002
3140 5002
1367 5002
1830 5002
7864 5002
4558 5002
275 5002
2390 5002
2316 5002
777 5003
4142 5003
6695 5003
370 5003
1443 5003
272 5003
6510 5003
1903 5003
5188 5003
5238 5003
5058 5003
4956 5003
748 5003
6068 5003
3798 5003
1290 5003
2388 5003
3918 5003
6025 5004
3856 5004
508 5004
1635 5004
7737 5004
7461 5004
5914 5004
2802 5004
1308 5004
6350 5004
4740 5004
688 5004
2078 5004
5494 5004
5533 5004
6494 5004
7183 5004
4958 5004
7875 5004
8048 5004
1521 5005
2199 5005
7675 5005
7219 5005
3349 5005
1287 5005
5631 5005
1082 5005
1388 5005
2153 5005
8090 5005
3667 5006
3637 5006
5263 5006
7362 5006
16 5006
2294 5006
5610 5006
6680 5006
2867 5006
5041 5006
2770 5006
2597 5006
1667 5006
6495 5006
370 5006
3008 5006
2225 5007
4237 5007
2212 5007
2552 5007
5393 5007
4280 5007
1580 5007
4800 5007
6675 5007
2696 5007
5761 5007
1985 5007
3325 5007
975 5007
7439 5008
2830 5008
5232 5008
1020 5008
1193 5008
3354 5008
5621 5008
4488 5008
5678 5008
2100 5008
4468 5008
1589 5008
5994 5008
5233 5009
7717 5009
5766 5009
4121 5009
5140 5009
697 5009
4117 5009
2474 5009
2628 5009
1781 5009
7227 5009
625 5009
3052 5009
6483 5009
5477 5009
4228 5009
3148 5009
8070 5009
562 5009
6101 5009
3861 5010
296 5010
1181 5010
6722 5010
7329 5010
3929 5010
3997 5010
5818 5010
633 5010
4237 5010
7426 5010
2746 5010
6054 5010
5586 5011
2471 5011
7333 5011
6789 5011
7370 5011
7882 5011
4307 5011
7252 5011
7389 5011
4262 5011
2110 5011
1782 5011
811 5011
6575 5011
7190 5011
1890 5011
1079 5011
263 5011
1290 5012
7646 5012
804 5012
4162 5012
7463 5012
6053 5012
6960 5012
6108 5012
4768 5012
6752 5012
6076 5012
6591 5012
2628 5012
494 5012
146 5012
6359 5012
600 5012
951 5012
3492 5012
8011 5012
7448 5012
2524 5012
764 5012
7045 5012
720 5013
2822 5013
4289 5013
4633 5013
6739 5013
314 5013
3316 5013
3699 5013
6065 5013
498 5013
5801 5013
2256 5013
4851 5013
5085 5013
1971 5013
3159 5013
2952 5013
161 5013
3522 5013
2285 5013
3181 5013
5621 5013
5697 5013
5656 5013
5705 5013
6072 5014
2244 5014
7387 5014
4102 5014
4883 5014
5370 5014
1765 5014
2783 5014
7670 5014
1901 5014
6240 5014
4663 5014
5493 5014
108 5014
6716 5014
622 5014
2734 5014
7600 5015
1120 5015
5374 5015
3059 5015
1056 5015
1205 5015
94 5015
1371 5015
6774 5015
5708 5015
442 5015
536 5015
3080 5015
7184 5015
1429 5015
8048 5015
1213 5015
3792 5015
253 5015
3674 5015
2131 5015
4458 5016
344 5016
4467 5016
179 5016
6031 5016
2204 5016
488 5016
8252 5016
1643 5016
2137 5016
7120 5016
1452 5016
5899 5016
6126 5016
3870 5016
4762 5016
4644 5016
4538 5016
4134 5016
2329 5016
7436 5016
6909 5016
6404 5017
2283 5017
3806 5017
7564 5017
49 5017
5672 5017
6837 5017
5006 5017
2262 5017
2620 5017
5199 5017
2089 5017
2939 5017
4859 5017
316 5017
6072 5017
929 5017
1977 5018
7245 5018
4979 5018
4989 5018
6842 5018
4381 5018
3651 5018
5560 5018
2061 5018
6031 5018
3460 5018
2330 5018
2673 5018
1866 5018
6416 5018
6704 5019
4977 5019
5899 5019
5415 5019
5038 5019
2647 5019
3254 5019
4929 5019
3575 5019
6608 5019
4197 5019
7073 5019
5625 5019
5457 5019
4204 5019
2361 5019
1589 5019
6881 5019
3870 5019
4225 5019
7743 5020
1965 5020
4641 5020
4636 5020
706 5020
7432 5020
8133 5021
7778 5021
5075 5021
8025 5021
3284 5021
841 5021
3165 5021
5366 5021
2772 5021
7357 5021
7668 5021
3788 5021
7196 5021
6629 5021
6144 5021
6167 5021
2016 5021
1108 5021
1901 5021
2577 5021
8285 5022
1881 5022
7873 5022
3492 5022
4558 5022
7493 5022
7259 5022
3668 5022
3718 5022
3207 5022
1549 5022
991 5022
7115 5022
1337 5022
185 5022
5150 5022
3940 5022
5557 5022
3007 5022
4122 5023
7588 5023
3522 5023
605 5023
2654 5023
8270 5023
5348 5023
2031 5023
48 5023
6272 5023
3562 5023
1521 5023
6740 5023
3741 5023
1645 5024
5003 5024
7606 5024
2715 5024
6903 5024
2085 5024
7571 5024
4080 5024
7809 5024
2790 5024
1959 5024
721 5024
4267 5024
1232 5024
4191 5025
2726 5025
2840 5025
1264 5025
1662 5025
7415 5025
603 5025
489 5025
5538 5025
8218 5025
2790 5025
2206 5025
6595 5025
5143 5026
4523 5026
5608 5026
3050 5026
757 5026
4753 5026
1171 5026
7204 5026
5384 5026
3922 5026
289 5026
4751 5027
4482 5027
3063 5027
2315 5027
2398 5027
4286 5027
7461 5027
4167 5027
7874 5027
791 5027
6441 5027
6489 5027
868 5027
7215 5027
315 5027
722 5027
4732 5028
1372 5028
1673 5028
1209 5028
3997 5028
7972 5028
7501 5028
5392 5028
5358 5028
7705 5028
3882 5028
7538 5028
4858 5028
602 5028
5153 5028
3856 5028
5925 5028
1786 5028
900 5028
4162 5028
7713 5028
3378 5028
5029 5029
8065 5029
8254 5029
2833 5029
2071 5029
1037 5029
4890 5029
7808 5029
8266 5029
496 5029
7852 5029
410 5029
7528 5029
3003 5029
5522 5029
5199 5030
3497 5030
5303 5030
4908 5030
4409 5030
2429 5030
3302 5030
4242 5030
3286 5030
3059 5030
3595 5030
7580 5030
4407 5030
5591 5030
6966 5030
2786 5030
724 5030
2400 5030
294 5030
719 5030
6625 5030
4912 5031
1086 5031
4625 5031
1532 5031
1873 5031
4965 5031
2749 5031
5190 5031
3271 5031
3371 5031
1106 5031
949 5031
3737 5031
7190 5031
520 5031
4467 5031
6463 5031
4051 5031
7450 5031
2388 5031
4265 5031
4667 5032
7947 5032
2230 5032
4138 5032
7722 5032
5118 5032
7224 5032
1723 5032
5990 5032
2894 5032
6246 5032
2348 5032
1195 5032
6489 5032
3063 5032
4775 5032
7571 5032
6083 5032
7861 5032
7451 5033
6414 5033
520 5033
3878 5033
2474 5033
7105 5033
4774 5033
2301 5033
1280 5033
4696 5033
1947 5033
3117 5034
433 5034
7155 5034
1742 5034
7519 5034
3074 5034
