6083 5034
2468 5034
49 5034
2110 5034
8241 5034
3863 5034
2261 5034
8273 5034
279 5034
322 5035
6087 5035
369 5035
7710 5035
987 5035
8008 5035
3693 5035
4199 5035
4087 5035
6851 5035
2632 5035
5459 5035
7065 5035
6195 5035
1728 5035
523 5035
3197 5035
7997 5035
4705 5035
1806 5035
852 5035
2958 5035
4353 5036
5776 5036
54 5036
6866 5036
7211 5036
7907 5036
7184 5036
6421 5036
8084 5036
7596 5036
6773 5036
5705 5036
1720 5036
7504 5036
1044 5036
2273 5036
361 5036
4622 5036
8281 5036
3093 5036
5988 5036
2917 5036
1458 5036
5912 5036
5143 5036
4316 5036
7075 5037
326 5037
3391 5037
2081 5037
4416 5037
1478 5037
6615 5037
2152 5037
343 5037
109 5037
2966 5037
5033 5037
2862 5037
2518 5037
3312 5037
3338 5037
6632 5037
7236 5037
807 5037
6993 5037
3801 5038
1841 5038
5912 5038
598 5038
7466 5038
8154 5038
725 5038
6472 5038
3761 5038
4139 5038
1998 5038
7246 5038
6727 5038
2829 5038
1913 5038
2293 5039
4010 5039
6206 5039
78 5039
827 5039
3827 5039
4622 5039
3047 5039
1026 5039
4773 5039
3237 5039
1475 5039
7457 5039
7595 5039
7029 5039
3873 5039
5040 5040
5025 5040
6341 5040
2013 5040
6359 5040
5872 5040
4024 5040
3588 5040
5457 5040
6382 5040
6913 5040
5900 5040
7070 5040
5555 5040
8190 5040
3209 5040
6538 5040
2290 5040
2420 5040
7520 5040
2925 5040
618 5041
1674 5041
208 5041
409 5041
4542 5041
3784 5041
8137 5041
1995 5041
7684 5041
7002 5041
2250 5041
7967 5041
2543 5042
1105 5042
4637 5042
4442 5042
4860 5042
7878 5042
7133 5042
1391 5042
6564 5042
1214 5042
2423 5042
7194 5042
5850 5042
5048 5042
1057 5042
4774 5042
1662 5043
7894 5043
170 5043
2967 5043
4442 5043
5548 5043
5533 5043
5237 5043
3055 5043
5472 5043
1886 5043
6485 5043
420 5043
5412 5044
5161 5044
1604 5044
3037 5044
7403 5044
1015 5044
7169 5044
5549 5044
1031 5044
3834 5044
3019 5044
7693 5044
1892 5044
427 5044
3200 5044
6397 5045
448 5045
6145 5045
1609 5045
1722 5045
1709 5045
404 5045
6076 5045
4265 5045
5065 5045
1745 5045
1056 5045
3878 5045
5039 5045
364 5046
7509 5046
1594 5046
277 5046
2621 5046
1369 5046
409 5046
5947 5046
59 5046
5466 5046
2786 5046
6822 5046
3166 5046
751 5046
5018 5047
3147 5047
5482 5047
600 5047
2758 5047
8081 5047
1483 5047
1311 5047
5169 5047
438 5047
6638 5047
3045 5047
1079 5047
1695 5047
3529 5047
3804 5047
6437 5047
3152 5047
5335 5047
7081 5047
6651 5047
550 5048
4799 5048
4343 5048
7653 5048
2942 5048
6863 5048
5266 5048
2706 5048
5804 5048
3671 5048
7330 5048
3269 5048
7225 5048
3807 5048
3669 5048
2760 5048
621 5049
2246 5049
6849 5049
3086 5049
7778 5049
7929 5049
4496 5049
1174 5049
2509 5049
2474 5049
565 5049
1484 5049
624 5049
47 5049
7368 5049
7793 5049
5136 5049
5342 5050
3142 5050
4434 5050
2698 5050
3404 5050
2867 5050
3439 5050
7148 5050
4678 5050
1704 5050
5758 5050
5058 5050
2140 5050
5787 5050
5880 5050
7578 5050
2655 5051
2654 5051
3238 5051
3426 5051
3202 5051
1562 5051
2594 5051
6118 5051
5300 5051
2170 5051
1780 5051
105 5051
5705 5051
6289 5051
6781 5051
646 5051
6759 5051
3917 5051
2388 5052
6112 5052
4931 5052
7403 5052
794 5052
4878 5052
1650 5052
461 5052
5518 5052
4746 5052
1661 5052
5239 5052
3586 5052
2696 5052
6493 5053
4755 5053
6781 5053
7205 5053
6509 5053
6693 5053
5100 5053
6976 5053
989 5053
6079 5053
1234 5053
314 5054
8289 5054
925 5054
6489 5054
1535 5054
7873 5054
4248 5054
7402 5054
4715 5054
5088 5054
618 5054
5185 5054
42 5054
2891 5054
7966 5054
5048 5055
4433 5055
6958 5055
8236 5055
6313 5055
6264 5055
839 5055
4632 5055
279 5055
5675 5055
2658 5055
2400 5055
6371 5055
851 5055
5959 5055
1867 5055
5656 5055
4110 5055
2982 5056
992 5056
8210 5056
6165 5056
5923 5056
6892 5056
2300 5056
6833 5056
3409 5056
5109 5056
3845 5056
5775 5056
2006 5056
7311 5056
6125 5056
3373 5056
7135 5056
513 5056
3931 5056
1498 5057
1896 5057
7517 5057
4562 5057
62 5057
2077 5057
24 5057
1107 5057
5967 5057
1744 5057
5944 5057
444 5057
3310 5057
6563 5057
4542 5057
5498 5057
718 5058
2337 5058
4882 5058
5211 5058
348 5058
4633 5058
2383 5058
3052 5058
4251 5058
6718 5058
4765 5058
5560 5058
2391 5058
5391 5058
3832 5058
2231 5058
6339 5058
6002 5058
6523 5058
7245 5059
2518 5059
1699 5059
8121 5059
3550 5059
3396 5059
495 5059
2726 5059
7958 5059
8152 5059
2430 5059
6335 5059
7426 5059
7701 5060
1081 5060
364 5060
3008 5060
5085 5060
7494 5060
597 5060
6234 5060
2869 5060
7399 5060
5133 5060
3406 5060
6913 5060
499 5060
5266 5060
1207 5060
6929 5060
4973 5060
1151 5061
5022 5061
6649 5061
4105 5061
4670 5061
4548 5061
7827 5061
2693 5061
384 5061
2186 5061
5974 5061
2596 5061
4415 5061
4910 5061
6790 5061
5158 5062
6667 5062
5390 5062
5756 5062
3365 5062
136 5062
416 5062
3196 5062
2583 5062
1575 5062
6982 5062
3183 5062
4766 5062
7468 5062
1610 5062
6691 5063
7379 5063
5166 5063
3183 5063
4176 5063
1542 5063
2673 5063
5139 5063
1218 5063
3378 5063
5944 5063
5183 5063
5341 5063
6267 5063
1631 5063
3030 5063
3212 5063
2280 5063
4307 5064
7783 5064
8026 5064
3056 5064
3940 5064
3310 5064
243 5064
6505 5064
2778 5064
7255 5064
1287 5064
6112 5064
3036 5064
2788 5064
1924 5064
1135 5064
2356 5064
4023 5064
5246 5064
1272 5064
6067 5064
7329 5065
6825 5065
2572 5065
5357 5065
4592 5065
910 5065
4753 5065
167 5065
811 5065
4807 5065
7611 5065
5183 5065
146 5066
3679 5066
3304 5066
2068 5066
4748 5066
3451 5066
7259 5066
7783 5066
2866 5066
6814 5066
1825 5066
8007 5066
2166 5066
2935 5066
2354 5066
7941 5066
970 5066
1175 5066
1641 5066
5658 5067
1220 5067
6773 5067
3193 5067
7614 5067
4235 5067
6039 5067
4847 5067
7861 5067
5276 5067
5620 5067
2915 5067
1648 5067
5705 5067
466 5067
3107 5067
4391 5068
2570 5068
4212 5068
537 5068
2900 5068
3696 5068
5667 5068
981 5068
4040 5068
792 5068
1589 5068
4959 5068
4429 5068
2152 5068
7780 5068
5188 5068
8007 5068
3211 5068
1843 5069
8123 5069
1816 5069
5061 5069
1169 5069
5818 5069
1107 5069
536 5069
2587 5069
3551 5069
2881 5069
1166 5069
115 5069
1685 5069
427 5069
3914 5069
880 5069
4533 5069
2894 5069
647 5069
2985 5070
4174 5070
5684 5070
4671 5070
2313 5070
3604 5070
2565 5070
725 5070
159 5070
6286 5070
2180 5070
2659 5070
2956 5070
6075 5070
3862 5070
5044 5070
4384 5070
7338 5070
4892 5070
7518 5070
6893 5070
529 5070
1046 5071
6404 5071
721 5071
4386 5071
2300 5071
254 5071
7348 5071
6424 5071
2006 5071
7878 5071
7252 5071
957 5071
4745 5071
7342 5072
5363 5072
5439 5072
3491 5072
5990 5072
4870 5072
6511 5072
7717 5072
4979 5072
1726 5072
2276 5072
221 5073
4742 5073
8162 5073
3954 5073
2696 5073
62 5073
5694 5073
7731 5073
4237 5073
2330 5073
5374 5073
309 5073
4082 5073
7206 5073
1040 5073
5074 5074
8195 5074
3564 5074
2425 5074
1780 5074
7996 5074
4919 5074
1353 5074
737 5074
8168 5074
6658 5074
7428 5074
3444 5074
308 5074
163 5074
826 5074
749 5074
4040 5074
1009 5074
5389 5074
4017 5074
6935 5074
6733 5074
2861 5075
2318 5075
6388 5075
5454 5075
7402 5075
5551 5075
6767 5075
436 5075
4203 5075
3784 5075
5185 5075
1234 5075
5752 5075
7742 5075
561 5075
163 5075
4488 5075
2240 5075
3845 5076
3630 5076
7061 5076
5335 5076
153 5076
7644 5076
5050 5076
571 5076
5764 5076
3847 5076
7637 5076
4386 5077
3396 5077
4180 5077
1088 5077
6689 5077
8102 5077
1803 5077
5154 5077
4536 5077
1411 5077
3409 5077
4731 5077
7771 5077
7754 5077
2196 5077
4178 5077
179 5077
3607 5077
1214 5078
7367 5078
2274 5078
4976 5078
4125 5078
4193 5078
6428 5078
1451 5078
1243 5078
2865 5078
8162 5078
4942 5078
5079 5079
4512 5079
4252 5079
2891 5079
1420 5079
1756 5079
3633 5079
1073 5079
7433 5079
5597 5079
7574 5080
8259 5080
8198 5080
7424 5080
2048 5080
824 5080
4030 5080
449 5080
4394 5080
3037 5080
3568 5080
7693 5080
2828 5080
2541 5080
7978 5080
6971 5080
1695 5080
7447 5080
5582 5080
5213 5080
8166 5081
6911 5081
1264 5081
885 5081
6628 5081
4698 5081
4468 5081
7649 5081
3120 5081
3859 5081
3401 5081
7854 5081
7518 5081
4010 5081
7443 5081
7399 5081
2404 5081
5009 5081
1902 5082
4865 5082
3451 5082
71 5082
2509 5082
1151 5082
4165 5082
816 5082
6894 5082
6318 5082
6642 5082
6822 5082
1227 5082
8067 5082
3373 5083
3780 5083
2764 5083
4749 5083
8249 5083
6722 5083
650 5083
7307 5083
1662 5083
1246 5083
1778 5083
3289 5084
4173 5084
5826 5084
3463 5084
2417 5084
5042 5084
1475 5084
7137 5084
7229 5084
8054 5084
4509 5084
7384 5084
3669 5084
6133 5084
8074 5084
6890 5084
5227 5084
2120 5084
249 5085
2545 5085
4536 5085
7206 5085
5278 5085
4826 5085
3168 5085
7697 5085
4841 5085
7440 5085
6803 5085
1044 5085
2433 5085
3525 5085
43 5085
471 5085
713 5085
7233 5085
4141 5085
6616 5085
465 5086
3670 5086
2828 5086
3916 5086
2325 5086
5151 5086
3700 5086
1842 5086
2171 5086
4375 5086
7947 5086
4908 5086
756 5086
2204 5086
3230 5086
7675 5087
689 5087
1311 5087
5126 5087
1005 5087
4801 5087
3687 5087
2148 5087
2569 5087
1563 5087
524 5087
217 5087
2037 5087
6513 5088
957 5088
5293 5088
7253 5088
6958 5088
8135 5088
2256 5088
4395 5088
7379 5088
7601 5088
1148 5088
2808 5088
5543 5088
3948 5088
7603 5089
1024 5089
2910 5089
6790 5089
7087 5089
6110 5089
1038 5089
730 5089
7649 5089
4822 5089
8170 5089
6035 5089
4286 5089
8017 5089
7577 5089
2894 5089
1828 5089
3397 5089
3632 5089
2741 5089
1096 5089
208 5090
5090 5090
6094 5090
638 5090
8291 5090
3144 5090
2225 5090
7183 5090
7646 5090
703 5090
3331 5090
7799 5090
7185 5090
3785 5090
5501 5091
5009 5091
1109 5091
4502 5091
1390 5091
6569 5091
1076 5091
5418 5091
316 5091
6759 5091
3142 5091
6551 5091
6736 5091
6254 5091
3260 5091
5523 5091
7391 5091
3107 5091
6357 5091
2240 5092
3935 5092
4879 5092
3029 5092
5692 5092
1562 5092
7906 5092
7367 5092
925 5092
1230 5092
7551 5092
2351 5092
5810 5092
2397 5092
1754 5092
7011 5092
5615 5092
2331 5092
5605 5093
2874 5093
2324 5093
2720 5093
7494 5093
3542 5093
7152 5093
3819 5093
7496 5093
3400 5093
5453 5093
2851 5093
1620 5093
616 5093
3801 5093
1077 5093
377 5093
2727 5094
5094 5094
25 5094
1411 5094
4977 5094
6731 5094
2227 5094
6339 5094
1920 5094
3861 5094
1734 5094
1087 5094
4321 5094
3072 5094
673 5094
5951 5094
4537 5094
7898 5094
6801 5094
2151 5094
8271 5095
528 5095
2704 5095
7310 5095
5133 5095
1262 5095
1947 5095
4888 5095
3306 5095
6253 5095
7590 5095
5950 5095
5209 5095
706 5095
4519 5095
3329 5095
7768 5095
5495 5095
7193 5095
7758 5095
5252 5095
6643 5095
1551 5096
4850 5096
2720 5096
2738 5096
6255 5096
5224 5096
3270 5096
7944 5096
6200 5096
8110 5096
6389 5096
3046 5096
6637 5096
4099 5096
1105 5096
8107 5096
4259 5097
7243 5097
1376 5097
1290 5097
4531 5097
3034 5097
3548 5097
6201 5097
5543 5097
8280 5097
4324 5097
5912 5097
6911 5097
7742 5097
5446 5097
2427 5097
3838 5098
1242 5098
5149 5098
3027 5098
2829 5098
3329 5098
6519 5098
2235 5098
5164 5098
779 5098
2260 5098
1914 5098
1120 5098
1275 5098
6565 5098
4702 5098
7709 5098
1133 5098
424 5098
5099 5099
7594 5099
613 5099
7393 5099
4900 5099
5941 5099
8035 5099
7744 5099
5306 5099
8002 5099
3840 5099
2287 5099
1758 5099
5598 5099
619 5099
6294 5099
658 5099
8010 5099
7143 5099
7647 5099
6304 5099
4246 5099
5850 5100
2373 5100
1527 5100
6770 5100
1041 5100
6319 5100
7774 5100
3867 5100
7079 5100
1672 5100
2312 5100
6336 5100
5867 5100
5938 5101
4568 5101
1026 5101
4902 5101
3735 5101
3396 5101
2998 5101
2584 5101
3534 5101
4134 5101
7108 5101
8005 5101
4966 5101
2920 5101
8284 5101
2545 5101
3311 5101
6208 5101
3739 5101
186 5101
3695 5101
449 5101
8192 5101
5160 5102
688 5102
279 5102
1621 5102
6710 5102
7726 5102
7943 5102
603 5102
2854 5102
6688 5102
3870 5102
2 5102
6916 5102
3408 5102
2844 5102
4675 5102
6286 5103
376 5103
5070 5103
1333 5103
7582 5103
4640 5103
5927 5103
1082 5103
4405 5103
5258 5103
5640 5103
7603 5103
1117 5103
3680 5103
8244 5103
5137 5103
183 5103
5045 5103
5631 5103
3 5103
3157 5104
7713 5104
7384 5104
5379 5104
750 5104
2862 5104
7374 5104
6132 5104
4143 5104
78 5104
5100 5104
6000 5104
2641 5104
5326 5104
804 5104
3273 5104
3872 5104
4802 5104
1656 5105
5920 5105
134 5105
2494 5105
4077 5105
6769 5105
6142 5105
1381 5105
137 5105
2911 5105
7712 5105
2552 5105
316 5105
1313 5105
2495 5105
69 5105
4194 5105
7539 5105
6358 5105
4144 5105
8192 5105
5487 5105
427 5105
4770 5106
1082 5106
2920 5106
2240 5106
2301 5106
120 5106
5078 5106
7468 5106
6080 5106
1771 5106
5735 5106
8217 5106
6643 5106
5768 5106
5399 5106
1987 5106
2814 5106
718 5106
4725 5107
164 5107
2130 5107
6840 5107
1087 5107
4555 5107
457 5107
5402 5107
5367 5107
3955 5107
4144 5107
7186 5108
672 5108
6114 5108
7807 5108
4843 5108
894 5108
6606 5108
3129 5108
450 5108
6832 5108
2188 5108
1517 5108
309 5108
5454 5108
8105 5108
8106 5108
7675 5108
3878 5108
4994 5108
1487 5108
7201 5108
5602 5109
4861 5109
7133 5109
2166 5109
8186 5109
7875 5109
2563 5109
2795 5109
3804 5109
4558 5110
669 5110
4672 5110
5884 5110
6330 5110
4072 5110
5697 5110
4142 5110
2701 5111
4252 5111
2752 5111
4740 5111
4637 5111
8273 5111
1895 5111
2971 5111
2618 5111
316 5111
5423 5111
4189 5111
7878 5111
11 5111
7146 5111
2949 5111
5108 5111
853 5111
824 5111
135 5112
1277 5112
865 5112
2935 5112
4041 5112
2097 5112
5393 5112
5798 5112
5341 5112
279 5112
2856 5112
6984 5112
2203 5113
5371 5113
2335 5113
4592 5113
3383 5113
3927 5113
4242 5113
1781 5113
1229 5113
4415 5113
7595 5113
4071 5114
1903 5114
1667 5114
1035 5114
7941 5114
5547 5114
7202 5114
3010 5114
3518 5114
3382 5114
2039 5114
7606 5114
3654 5114
713 5114
4235 5114
4699 5115
7037 5115
4722 5115
6864 5115
6732 5115
2738 5115
6506 5115
7774 5115
7373 5115
6230 5115
2208 5115
4286 5115
4151 5115
347 5115
8053 5115
6757 5115
1098 5116
5411 5116
59 5116
5978 5116
6817 5116
4162 5116
1340 5116
5619 5116
7889 5116
78 5116
3311 5116
5768 5116
1771 5116
6715 5116
1186 5117
1087 5117
904 5117
5187 5117
3188 5117
5515 5117
585 5117
7201 5117
2113 5117
8053 5117
469 5117
6628 5117
2978 5117
3780 5117
3572 5117
2071 5117
318 5117
3827 5117
2520 5118
4825 5118
3293 5118
7334 5118
6368 5118
7152 5118
6998 5118
498 5118
2161 5118
3967 5118
4773 5118
4349 5118
6173 5118
1585 5118
4232 5118
6853 5118
1447 5118
3819 5118
3346 5118
8160 5118
5205 5119
7397 5119
1000 5119
5354 5119
2278 5119
3382 5119
5555 5119
6391 5119
3888 5119
3924 5119
1130 5119
2755 5119
5832 5119
4855 5119
1285 5119
4220 5119
1338 5119
6916 5120
6376 5120
2186 5120
1227 5120
94 5120
2188 5120
1344 5120
3608 5120
2670 5120
6782 5121
3964 5121
3548 5121
2157 5121
8208 5121
6424 5121
7849 5121
4881 5121
1458 5121
4217 5121
1977 5121
7999 5121
3668 5121
5574 5121
4994 5121
6996 5121
770 5122
4745 5122
6994 5122
5028 5122
1517 5122
355 5122
4031 5122
2499 5122
3321 5122
2054 5122
918 5122
6341 5122
2953 5122
1828 5122
6892 5122
3912 5122
8280 5122
1924 5122
7082 5122
5062 5122
7927 5123
7475 5123
4660 5123
2420 5123
7982 5123
3612 5123
4204 5123
3327 5123
7730 5123
985 5123
2810 5123
2459 5123
4363 5123
2054 5123
1648 5123
3611 5123
7211 5123
6437 5123
320 5123
4582 5123
1006 5123
6111 5123
7560 5124
3855 5124
498 5124
5679 5124
1178 5124
611 5124
3137 5124
2924 5124
3856 5124
52 5124
7457 5124
7158 5124
2847 5124
7647 5124
2726 5124
3050 5124
6125 5125
1291 5125
5329 5125
1873 5125
1189 5125
3829 5125
4282 5125
4985 5125
4242 5125
7122 5125
371 5126
5377 5126
7867 5126
4996 5126
6898 5126
3180 5126
1161 5126
10 5126
8053 5126
2172 5127
7736 5127
4525 5127
5342 5127
6659 5127
5574 5127
3547 5127
7991 5127
7475 5127
4966 5127
5314 5127
6570 5127
2755 5128
1701 5128
7852 5128
7048 5128
3568 5128
6112 5128
5836 5128
4980 5128
6212 5128
1386 5128
1850 5128
5129 5129
3747 5129
5402 5129
3001 5129
6985 5129
3013 5129
3488 5129
7364 5129
7539 5129
6230 5129
4758 5129
4512 5129
4318 5129
5472 5129
5968 5129
8125 5129
27 5129
3641 5129
3404 5129
204 5129
5636 5130
864 5130
4657 5130
2278 5130
374 5130
3243 5130
2204 5130
1326 5130
4191 5130
8280 5130
8020 5130
5098 5130
399 5130
7520 5131
5709 5131
1088 5131
2581 5131
2841 5131
2080 5131
4836 5131
204 5131
8135 5131
2555 5131
4778 5131
7684 5131
4589 5131
5628 5131
4712 5131
4181 5131
3967 5132
5709 5132
6797 5132
1206 5132
275 5132
747 5132
105 5132
2840 5132
4542 5132
6187 5132
826 5132
4122 5132
4040 5132
376 5133
4488 5133
7163 5133
8190 5133
4081 5133
5771 5133
5344 5133
750 5133
7594 5133
4386 5133
5498 5133
5481 5133
2078 5133
6695 5133
5605 5133
7995 5133
4050 5134
3862 5134
2470 5134
2842 5134
6659 5134
5136 5134
782 5134
2252 5134
2128 5134
4861 5134
3789 5134
3516 5134
3177 5134
247 5134
5039 5134
2385 5134
4662 5134
2862 5134
6078 5134
6095 5134
3529 5134
6772 5135
5907 5135
6030 5135
3802 5135
1882 5135
5771 5135
1901 5135
5345 5135
7605 5135
6618 5135
6851 5135
7860 5135
6615 5135
3621 5135
5831 5135
5031 5135
6435 5136
6958 5136
7975 5136
467 5136
2090 5136
5041 5136
4781 5136
1816 5136
340 5136
3375 5136
7649 5136
4376 5136
2254 5137
4108 5137
647 5137
6465 5137
7430 5137
1571 5137
779 5137
3895 5137
6796 5137
1745 5137
3983 5137
1206 5137
3633 5137
8017 5137
2474 5137
2433 5137
6874 5137
7199 5137
7065 5137
8272 5137
4442 5137
1692 5137
2445 5137
6841 5138
7687 5138
5399 5138
4366 5138
6173 5138
6845 5138
4140 5138
2921 5138
3964 5138
1396 5138
107 5138
905 5138
5032 5138
7361 5138
4013 5138
3794 5138
536 5138
4717 5138
7727 5138
4603 5138
655 5139
1850 5139
7139 5139
120 5139
4333 5139
6126 5139
1712 5139
7190 5139
2632 5139
3483 5139
3120 5139
7461 5139
4695 5139
6239 5140
2170 5140
5321 5140
619 5140
7927 5140
2595 5140
7374 5140
8065 5140
4183 5140
1370 5140
4024 5140
395 5140
8193 5140
5537 5141
2956 5141
2346 5141
6305 5141
953 5141
1547 5141
3949 5141
2926 5141
377 5141
409 5141
1174 5141
7057 5141
7723 5141
7164 5141
1475 5141
4783 5142
529 5142
1669 5142
1063 5142
6598 5142
3573 5142
4876 5142
1450 5142
6154 5142
3788 5142
814 5142
3912 5142
609 5142
5201 5142
3885 5142
346 5142
633 5142
5393 5142
565 5142
3300 5142
5053 5142
5428 5142
7115 5142
5709 5143
7792 5143
8025 5143
5008 5143
61 5143
5186 5143
5720 5143
621 5143
2208 5143
2986 5143
543 5143
6722 5143
5266 5143
2712 5143
2753 5143
7478 5143
2626 5143
1449 5143
938 5144
3975 5144
3591 5144
1213 5144
1911 5144
2986 5144
7258 5144
5981 5144
1276 5144
4030 5144
2795 5144
634 5144
37 5144
6106 5145
4775 5145
4663 5145
376 5145
481 5145
4363 5145
6706 5145
134 5145
4288 5145
3248 5145
6331 5145
3119 5145
896 5145
1858 5145
869 5145
423 5145
898 5145
152 5145
4422 5145
2294 5145
390 5145
6144 5145
722 5145
1850 5146
7852 5146
28 5146
6833 5146
835 5146
7972 5146
3047 5146
2328 5146
976 5146
6163 5146
4622 5146
3877 5146
6626 5147
4314 5147
7508 5147
4555 5147
3455 5147
3483 5147
1356 5148
7192 5148
5334 5148
6595 5148
440 5148
7756 5148
937 5148
2191 5148
7271 5148
4077 5148
5779 5148
2344 5148
6211 5148
5959 5148
6053 5148
321 5148
3421 5148
6087 5148
2835 5148
2595 5148
4666 5148
7138 5148
6863 5149
5264 5149
1174 5149
2585 5149
4863 5149
3539 5149
3945 5149
7479 5149
1757 5149
4142 5149
2900 5149
697 5149
5547 5149
811 5149
464 5149
59 5149
2542 5150
1392 5150
7898 5150
2631 5150
24 5150
21 5150
7377 5150
4895 5150
2620 5150
4541 5150
2925 5150
1017 5150
697 5150
697 5151
2244 5151
419 5151
7953 5151
1037 5151
1245 5151
4651 5151
3804 5151
1344 5151
2698 5151
8197 5152
512 5152
6371 5152
4412 5152
5311 5152
5815 5152
3796 5152
4430 5152
4051 5152
4082 5152
349 5152
675 5152
5003 5152
7835 5152
2411 5152
460 5152
3444 5152
3352 5152
3184 5152
1700 5153
3209 5153
7347 5153
6782 5153
4551 5153
4059 5153
1129 5153
3834 5153
806 5153
4827 5153
1837 5153
2331 5153
878 5153
8170 5153
7260 5153
438 5153
424 5153
2120 5153
4565 5154
1882 5154
7835 5154
1835 5154
1504 5154
1550 5154
2111 5154
1778 5154
5347 5154
7349 5154
1648 5154
7697 5154
5055 5154
2968 5154
2342 5154
6178 5155
6716 5155
4259 5155
2471 5155
5550 5155
739 5155
6071 5155
5332 5155
5566 5155
5296 5155
7368 5155
2354 5156
4695 5156
8045 5156
2217 5156
1407 5156
281 5156
7058 5156
1381 5156
4737 5156
8196 5156
7856 5156
1517 5156
6403 5156
3992 5156
661 5156
643 5156
6709 5156
4085 5156
7905 5156
2675 5157
2630 5157
8289 5157
6820 5157
4292 5157
4013 5157
