3294 5157
1194 5157
3422 5157
3463 5157
2868 5157
4891 5157
1483 5157
976 5157
1001 5157
2105 5157
5931 5157
6171 5157
5119 5158
2939 5158
5675 5158
2366 5158
8198 5158
4236 5158
7323 5158
2971 5158
4997 5158
2778 5158
6377 5158
7167 5158
5534 5158
8280 5158
2707 5158
8110 5158
37 5158
5710 5158
4005 5158
5839 5158
4519 5158
1379 5159
8152 5159
5241 5159
6277 5159
4966 5159
950 5159
7725 5159
290 5159
2066 5159
2192 5159
5155 5159
3709 5159
7129 5159
1614 5160
3737 5160
6100 5160
6755 5160
1321 5160
4536 5160
5563 5160
4556 5160
6483 5160
7199 5160
1870 5160
1133 5160
5161 5160
5703 5160
5735 5160
364 5160
2300 5160
5148 5160
7441 5161
3721 5161
1474 5161
2600 5161
1518 5161
4405 5161
5641 5161
6796 5161
7286 5161
4884 5161
6140 5161
11 5161
3704 5161
2429 5161
5286 5162
1443 5162
5778 5162
2726 5162
1968 5162
6078 5162
6736 5162
6969 5162
4079 5162
7356 5162
3028 5162
6237 5163
2512 5163
106 5163
8134 5163
4782 5163
594 5163
772 5163
204 5163
4919 5163
2832 5163
6735 5163
3409 5163
5230 5163
6918 5163
5394 5163
6043 5163
5900 5163
1673 5163
399 5163
474 5163
5618 5163
2389 5163
1020 5163
4391 5163
7186 5164
5452 5164
7861 5164
4530 5164
6989 5164
5537 5164
974 5164
427 5164
75 5164
1276 5164
6495 5164
3144 5164
4091 5164
868 5164
4668 5164
3037 5165
4433 5165
1765 5165
2804 5165
7011 5165
4276 5165
4319 5165
7519 5165
2137 5165
296 5165
8255 5165
8198 5165
1726 5165
2606 5165
1499 5166
1914 5166
4894 5166
5732 5166
7717 5166
6918 5166
6466 5166
7965 5166
703 5166
7448 5166
5532 5166
5063 5166
2986 5166
5230 5166
6601 5166
3529 5166
804 5166
4892 5166
1461 5166
374 5167
5028 5167
6607 5167
231 5167
5527 5167
2057 5167
6573 5167
2563 5167
194 5167
5624 5167
7837 5167
8123 5167
5374 5167
7562 5167
1347 5167
1162 5167
6208 5167
6964 5167
7236 5167
4172 5167
4779 5167
2929 5168
3382 5168
8282 5168
3148 5168
4241 5168
4793 5168
6845 5168
6227 5168
4981 5168
4890 5168
381 5168
1664 5168
4698 5169
319 5169
1346 5169
5648 5169
5451 5169
3825 5169
4010 5169
3746 5169
4783 5169
5704 5169
4266 5169
1213 5169
534 5169
5596 5169
1553 5169
1770 5169
5170 5170
2565 5170
426 5170
290 5170
4265 5170
6099 5170
7601 5170
465 5170
6935 5170
5678 5170
7332 5170
4682 5170
5725 5170
3009 5170
3754 5170
3157 5171
1187 5171
5171 5171
5615 5171
4611 5171
803 5171
5184 5171
6892 5171
4558 5171
2061 5171
552 5171
2002 5171
900 5171
4108 5172
4788 5172
3075 5172
8229 5172
8015 5172
4498 5172
8175 5172
7644 5172
2776 5172
1952 5172
4179 5172
2037 5172
6008 5172
1791 5172
5440 5172
1766 5173
2390 5173
2346 5173
1020 5173
5753 5173
3406 5173
1653 5173
2313 5173
4416 5173
2433 5173
1769 5173
3479 5173
1778 5173
2370 5173
2537 5173
3027 5173
615 5174
3464 5174
5279 5174
5396 5174
2065 5174
6825 5174
2655 5174
6225 5174
1784 5175
4625 5175
7329 5175
6410 5175
2137 5175
3080 5175
1405 5175
2086 5175
3992 5175
6809 5175
1792 5175
601 5175
2708 5175
7906 5175
5075 5175
2409 5175
695 5175
4024 5175
2728 5175
2077 5175
3882 5175
1105 5175
7807 5176
6545 5176
2441 5176
3180 5176
7552 5176
7225 5176
1889 5176
96 5176
3140 5176
5854 5176
5077 5176
3548 5176
2869 5176
4976 5176
3505 5176
7799 5176
6221 5176
1787 5176
3088 5177
1120 5177
6099 5177
6072 5177
1151 5177
6538 5177
2245 5177
1084 5177
6026 5177
3560 5178
3379 5178
1858 5178
3116 5178
2790 5178
3482 5178
4191 5178
5473 5178
8263 5178
5097 5178
3648 5178
987 5178
1825 5178
4689 5178
5464 5178
1134 5178
2208 5178
2597 5179
6839 5179
593 5179
1516 5179
2202 5179
1272 5179
5944 5179
4541 5179
5491 5179
3007 5179
7347 5179
6106 5179
474 5179
2161 5179
1771 5179
1279 5179
5018 5179
4901 5179
7293 5179
4228 5179
201 5179
7693 5180
7457 5180
7094 5180
5234 5180
201 5180
4108 5180
7069 5180
3567 5180
3602 5180
6572 5180
3847 5180
6071 5180
6235 5180
2445 5180
4482 5180
7606 5180
4544 5180
5477 5180
159 5180
6720 5180
2409 5180
8095 5180
4142 5180
5181 5181
1279 5181
7618 5181
3882 5181
4958 5181
3680 5181
6031 5181
3728 5181
6164 5181
2802 5181
2135 5181
3792 5181
2920 5181
645 5181
5528 5182
1914 5182
991 5182
1934 5182
4661 5182
617 5182
1949 5182
5463 5182
4422 5182
1877 5182
5136 5182
4191 5182
3882 5182
2682 5182
4799 5182
7887 5182
2327 5182
3772 5183
7097 5183
369 5183
6744 5183
2401 5183
2345 5183
4568 5183
5811 5183
1913 5183
2594 5183
3783 5183
8057 5183
6475 5183
1892 5184
3420 5184
6537 5184
6961 5184
4881 5184
185 5184
3217 5184
7189 5184
7518 5184
4569 5184
6146 5184
4017 5184
6513 5184
2474 5184
4912 5184
6032 5184
5539 5185
5483 5185
786 5185
1151 5185
3379 5185
2812 5185
1078 5185
7889 5185
8178 5185
4690 5185
2922 5185
6554 5185
1727 5185
4844 5185
8107 5186
5644 5186
4126 5186
2395 5186
5436 5186
5778 5186
7132 5186
1518 5186
3010 5186
2422 5186
8244 5186
5622 5186
1281 5186
3463 5186
3976 5186
1558 5186
5165 5186
3717 5187
3280 5187
2849 5187
5554 5187
2940 5187
8107 5187
2075 5187
6251 5187
5357 5187
6696 5187
6344 5187
2303 5187
3565 5187
791 5187
7652 5187
3916 5187
6234 5188
1414 5188
460 5188
8034 5188
5480 5188
2809 5188
4143 5188
3669 5188
75 5188
3913 5188
3468 5188
469 5188
5807 5188
7849 5189
6331 5189
2072 5189
6216 5189
4861 5189
1999 5189
4193 5189
4641 5189
6898 5189
3086 5189
7647 5189
792 5189
6015 5189
5941 5189
6249 5189
6729 5189
3802 5189
5021 5189
174 5189
4202 5189
5390 5189
1213 5189
3997 5189
438 5189
2354 5190
7427 5190
4779 5190
8162 5190
7281 5190
68 5190
6314 5190
2749 5190
5699 5190
5672 5190
296 5190
1645 5190
364 5190
3510 5190
1650 5190
5211 5190
3998 5191
7113 5191
7983 5191
936 5191
5335 5191
2758 5191
4441 5191
2447 5191
3310 5191
6856 5191
4954 5191
2531 5191
3938 5191
6354 5191
6982 5191
2406 5191
6863 5191
1451 5191
6179 5191
7488 5191
2443 5191
4486 5192
3320 5192
4774 5192
1475 5192
7036 5192
2443 5192
814 5192
1175 5192
1986 5192
590 5192
3549 5192
57 5192
4586 5192
2676 5192
5598 5192
1272 5192
108 5192
1076 5192
6684 5193
1198 5193
6845 5193
7637 5193
1621 5193
2868 5193
4030 5193
6954 5193
997 5193
443 5193
1295 5193
6429 5193
4893 5193
8115 5193
7569 5193
2582 5193
3035 5193
1645 5193
3872 5193
4140 5193
98 5193
3635 5193
2204 5194
5156 5194
7084 5194
7850 5194
970 5194
2278 5194
2551 5194
5415 5195
7701 5195
89 5195
7498 5195
7890 5195
512 5195
7017 5195
346 5195
300 5195
4271 5195
1665 5195
1613 5195
2911 5195
2182 5195
1977 5195
1790 5195
1701 5195
7022 5195
3230 5195
2673 5195
4294 5195
1909 5195
5593 5195
5009 5195
5967 5196
1238 5196
747 5196
7693 5196
95 5196
2523 5196
3464 5196
6729 5196
5136 5196
3438 5196
1024 5196
7569 5196
2468 5196
4705 5197
7110 5197
6140 5197
2802 5197
4362 5197
727 5197
2161 5197
177 5197
4329 5197
6243 5197
1434 5197
6901 5197
2522 5197
399 5197
1900 5197
2965 5197
3436 5197
84 5197
1364 5198
1183 5198
3807 5198
374 5198
3673 5198
1425 5198
10 5198
7243 5198
3907 5198
6727 5198
6943 5198
1263 5198
7480 5198
198 5199
3601 5199
5784 5199
6945 5199
3851 5199
4630 5199
4948 5199
7646 5199
7547 5199
302 5199
300 5199
1140 5199
6446 5199
896 5199
904 5199
695 5199
2837 5200
3537 5200
8013 5200
552 5200
6128 5200
1139 5200
4608 5200
8102 5200
4690 5200
5843 5200
4465 5200
6344 5200
5140 5200
3708 5200
3588 5200
3905 5200
6253 5200
5824 5200
6643 5200
5076 5200
7538 5200
1349 5201
4428 5201
4202 5201
4101 5201
5258 5201
1107 5201
6152 5201
8157 5201
4636 5201
1752 5201
1724 5201
2186 5201
1391 5201
1710 5201
4397 5201
5705 5201
5165 5201
3706 5201
7664 5201
987 5202
3645 5202
4156 5202
3792 5202
7716 5202
591 5202
7787 5202
1151 5202
2424 5202
4245 5202
3001 5202
275 5202
5037 5202
5089 5202
7321 5202
5561 5202
4212 5202
3154 5202
384 5202
841 5203
6606 5203
5574 5203
3104 5203
3072 5203
3465 5203
8132 5203
1998 5203
4666 5203
7845 5203
6254 5203
3550 5203
8092 5203
1936 5203
3128 5203
6612 5203
7606 5204
3253 5204
5026 5204
68 5204
6308 5204
3674 5204
6464 5204
1734 5204
5404 5204
2716 5204
634 5204
3861 5204
4412 5204
7172 5204
1730 5204
3783 5204
4701 5204
1060 5205
2036 5205
6060 5205
1132 5205
7159 5205
5534 5205
495 5205
34 5205
6693 5205
3302 5205
6071 5205
1428 5206
5206 5206
2755 5206
3060 5206
5599 5206
384 5206
2351 5206
3325 5206
3870 5206
5241 5206
4428 5206
7763 5206
4676 5206
1906 5207
4959 5207
2811 5207
4595 5207
7840 5207
4540 5207
7599 5207
5963 5207
1046 5207
1860 5207
54 5207
5162 5207
2552 5208
5259 5208
6951 5208
4726 5208
2152 5208
5324 5208
377 5208
6260 5208
3654 5208
2497 5208
6591 5208
8236 5208
5447 5208
148 5208
1357 5208
2728 5208
2512 5208
3406 5209
5733 5209
494 5209
3320 5209
1663 5209
2017 5209
996 5209
4435 5209
4315 5209
5446 5209
1747 5210
7153 5210
4920 5210
8000 5210
1081 5210
6812 5210
4289 5210
3641 5210
6973 5210
1744 5210
7791 5210
7437 5210
2650 5210
3565 5210
616 5210
4051 5210
5910 5210
4509 5210
5447 5210
5149 5210
3785 5210
5795 5211
3254 5211
1842 5211
790 5211
7639 5211
3950 5211
1797 5211
392 5211
200 5211
3416 5211
7368 5211
2550 5211
3054 5211
6395 5211
1927 5211
2228 5211
5320 5211
3713 5211
2139 5211
5048 5212
141 5212
6447 5212
6 5212
6816 5212
7577 5212
4712 5212
6274 5212
6398 5212
2370 5212
4619 5212
6512 5212
6235 5212
783 5212
7629 5212
174 5212
1571 5212
6953 5212
3918 5212
5838 5212
2941 5212
2165 5212
747 5213
759 5213
3068 5213
5161 5213
7441 5213
8229 5213
362 5213
6304 5213
1461 5213
5983 5213
2487 5213
4749 5213
7613 5213
5073 5213
207 5214
7399 5214
1327 5214
1472 5214
5576 5214
1769 5214
5658 5214
815 5214
841 5214
7943 5214
3370 5214
5281 5214
4638 5214
2837 5214
712 5214
2788 5215
8004 5215
5398 5215
113 5215
6982 5215
5273 5215
897 5215
1692 5215
130 5215
1462 5215
1475 5215
7321 5215
534 5215
2253 5215
5884 5215
6513 5215
913 5215
4730 5215
5168 5215
4076 5215
3168 5216
183 5216
3949 5216
2636 5216
6134 5216
4996 5216
552 5216
1902 5216
6965 5216
4545 5216
663 5216
2030 5216
3152 5216
2180 5216
1635 5216
2415 5216
3628 5217
3858 5217
6427 5217
6101 5217
4398 5217
5435 5217
6758 5217
440 5217
3804 5217
7103 5217
1881 5217
1746 5217
6463 5217
6341 5217
4647 5217
404 5217
5101 5217
3046 5217
4237 5217
3880 5217
394 5217
5855 5218
6610 5218
2949 5218
5812 5218
5056 5218
5951 5218
4514 5218
4978 5218
7426 5218
3404 5218
860 5219
1694 5219
3788 5219
4386 5219
4672 5219
6704 5219
6021 5219
5127 5219
451 5219
1142 5219
346 5219
6706 5219
7777 5219
3404 5219
1972 5219
2303 5219
6077 5219
4259 5219
5697 5220
7865 5220
5469 5220
2713 5220
7856 5220
3859 5220
3800 5220
305 5220
4102 5220
1664 5220
2262 5220
136 5220
7960 5220
2061 5220
4829 5220
7505 5220
2349 5220
791 5221
1264 5221
6945 5221
999 5221
2698 5221
3220 5221
3333 5221
1454 5221
1224 5221
6801 5221
4590 5221
7387 5221
2192 5221
3574 5221
2986 5222
6966 5222
6350 5222
6637 5222
5281 5222
6468 5222
4689 5222
4670 5222
1401 5222
6126 5222
5785 5222
6067 5222
6366 5222
1461 5222
762 5222
7515 5222
2574 5223
1716 5223
6886 5223
829 5223
6229 5223
4104 5223
1778 5223
3782 5223
7682 5223
3924 5224
4589 5224
1500 5224
7383 5224
6685 5224
4520 5224
5511 5224
6549 5224
7691 5224
1663 5224
7665 5224
4005 5224
6933 5224
2940 5224
6733 5224
2080 5224
5214 5224
6004 5224
2100 5225
8087 5225
5399 5225
1174 5225
5516 5225
5912 5225
6188 5225
1409 5225
3767 5225
6858 5225
4694 5225
7176 5225
7811 5225
5784 5225
3264 5225
551 5225
6031 5225
5313 5225
7430 5226
5226 5226
5102 5226
5989 5226
6682 5226
416 5226
3627 5226
4794 5226
5285 5226
3332 5226
3635 5226
2361 5226
749 5226
8098 5226
4511 5227
3704 5227
3354 5227
8075 5227
6083 5227
5656 5227
4726 5227
3044 5227
823 5227
1718 5227
5157 5227
5449 5227
2404 5227
7350 5228
2803 5228
3885 5228
6877 5228
1403 5228
1717 5228
867 5228
4236 5228
7170 5228
5263 5228
2836 5228
5347 5228
7418 5228
1571 5228
7329 5228
2984 5228
4404 5228
436 5228
5919 5228
1829 5228
5240 5228
2808 5228
2406 5228
6261 5228
4476 5228
2864 5229
2371 5229
7690 5229
104 5229
3704 5229
4099 5229
6547 5229
7087 5229
175 5230
528 5230
7211 5230
2869 5230
3925 5230
6154 5230
4625 5230
1089 5230
85 5230
6294 5230
3702 5230
4454 5230
2891 5231
1147 5231
7033 5231
3997 5231
3750 5231
6277 5231
3700 5231
6118 5231
730 5231
6180 5231
4850 5231
1994 5231
3088 5231
1657 5231
5232 5231
583 5231
1124 5231
1372 5231
4409 5231
6076 5231
1002 5232
2205 5232
5133 5232
5190 5232
7343 5232
868 5232
3168 5232
474 5232
4667 5232
6168 5232
378 5232
1467 5232
3955 5232
1871 5232
5855 5232
1078 5232
323 5232
5344 5232
7460 5233
1501 5233
6025 5233
8206 5233
856 5233
4190 5233
7776 5233
5338 5233
5037 5234
4528 5234
6737 5234
4618 5234
1209 5234
4139 5234
3933 5234
2563 5234
6133 5234
5313 5234
163 5234
2809 5234
2191 5234
5032 5234
7234 5234
4001 5234
4995 5234
8172 5235
4844 5235
404 5235
1991 5235
5893 5235
3739 5235
2849 5235
1771 5235
2001 5235
1109 5235
7505 5235
3895 5235
8006 5235
7933 5235
3612 5236
4312 5236
1463 5236
6118 5236
5986 5236
6541 5236
7090 5236
7170 5236
1344 5236
3628 5236
7733 5236
5240 5236
866 5236
2386 5236
8201 5236
2706 5236
7507 5236
6610 5236
6565 5237
6850 5237
1411 5237
6643 5237
6231 5237
1949 5237
2712 5237
6964 5237
4895 5237
6696 5237
951 5237
6877 5237
6225 5237
508 5237
7236 5238
283 5238
2874 5238
3611 5238
6545 5238
6822 5238
5224 5238
3780 5238
7319 5238
7137 5238
7426 5238
4798 5238
7501 5239
8057 5239
7086 5239
3550 5239
1572 5239
7811 5239
3828 5239
8008 5239
4536 5239
7399 5239
3695 5239
855 5239
1304 5239
2474 5239
6453 5239
1355 5239
6501 5239
7143 5239
6255 5239
4193 5239
668 5239
5215 5239
5288 5239
3260 5240
6695 5240
221 5240
2853 5240
2465 5240
3527 5240
6330 5240
5656 5240
3652 5240
779 5240
530 5240
1595 5240
2864 5240
3977 5240
4035 5240
8006 5240
2744 5240
4138 5240
149 5241
1538 5241
7788 5241
7674 5241
2605 5241
7835 5241
350 5241
3529 5241
3891 5241
5215 5241
1076 5241
628 5241
3856 5241
7438 5241
4965 5241
2331 5241
277 5241
4537 5241
8077 5241
8095 5241
2688 5242
6625 5242
815 5242
3183 5242
824 5242
5367 5242
3858 5242
3725 5242
1726 5242
7426 5242
4165 5242
6662 5242
5358 5243
4542 5243
749 5243
7310 5243
8245 5243
4579 5243
7492 5243
6466 5243
2966 5243
5950 5243
2333 5243
530 5244
6886 5244
2479 5244
5715 5244
6244 5244
4039 5244
1712 5244
919 5244
5804 5244
727 5244
5852 5244
6228 5244
4860 5244
7274 5244
6025 5245
2665 5245
6563 5245
7410 5245
4490 5245
3897 5245
896 5245
2470 5245
4962 5245
730 5245
2302 5245
7435 5245
8272 5245
321 5245
7512 5245
43 5245
4847 5245
3559 5246
3776 5246
5648 5246
2983 5246
1411 5246
1563 5246
2202 5246
2472 5246
5175 5246
550 5246
5190 5246
2758 5246
7158 5246
6822 5246
2834 5246
3062 5246
5689 5247
1338 5247
5344 5247
6932 5247
2867 5247
2227 5247
1077 5247
6627 5247
3177 5247
5804 5247
4445 5247
1332 5247
5461 5247
7535 5247
4137 5247
3012 5247
1558 5247
2061 5247
4008 5248
2866 5248
617 5248
2487 5248
7293 5248
6685 5248
7936 5248
7193 5248
5274 5248
2282 5248
5533 5248
4318 5248
8253 5248
5855 5248
1663 5248
7283 5248
3147 5248
7215 5248
7962 5248
2537 5249
7284 5249
2467 5249
5082 5249
2844 5249
2122 5249
7330 5249
3687 5249
3059 5249
6983 5249
6940 5249
8229 5249
3192 5249
2999 5249
6465 5249
3464 5249
1322 5250
5285 5250
821 5250
522 5250
2557 5250
1610 5250
6723 5250
1787 5250
2917 5250
3974 5250
550 5250
6719 5250
7874 5250
5251 5251
1261 5251
1243 5251
1414 5251
6152 5251
2908 5251
4122 5251
4778 5251
295 5251
1857 5251
425 5251
1129 5251
4071 5251
3034 5251
5844 5251
7590 5251
3093 5251
6841 5252
7693 5252
2900 5252
1142 5252
5640 5252
3478 5252
2783 5252
5252 5252
4572 5252
3581 5252
5699 5252
5409 5252
6540 5252
6620 5252
987 5252
1571 5252
3289 5252
4077 5252
5215 5252
5555 5253
551 5253
537 5253
4830 5253
3491 5253
8107 5253
5768 5253
6467 5253
7763 5253
4468 5253
4892 5253
144 5253
5694 5253
5001 5253
425 5253
5432 5253
3143 5253
2817 5253
1825 5253
1579 5253
2383 5253
4170 5253
6937 5253
600 5253
4536 5253
3332 5253
4081 5253
3136 5254
7366 5254
5658 5254
4765 5254
1420 5254
7196 5254
4578 5254
2263 5254
3554 5254
189 5254
7181 5254
7319 5254
5239 5254
2605 5254
3240 5254
6426 5254
4830 5254
1187 5254
3891 5254
5547 5254
8015 5254
8196 5254
2894 5255
3523 5255
2998 5255
7319 5255
5843 5255
167 5255
7598 5255
3914 5255
3468 5255
79 5255
8120 5255
1163 5255
1291 5255
4481 5255
4081 5255
987 5255
6019 5256
5256 5256
2909 5256
7508 5256
4835 5256
5892 5256
5234 5256
7431 5256
5967 5256
6817 5256
6231 5256
6091 5256
5940 5256
5734 5256
4948 5256
3251 5256
8013 5257
5055 5257
7564 5257
4780 5257
2089 5257
1536 5257
2388 5257
8157 5257
7771 5257
5853 5257
294 5257
6234 5257
5134 5257
5532 5257
5007 5257
4202 5257
7835 5257
2785 5257
610 5257
2085 5258
8206 5258
2081 5258
5899 5258
7031 5258
3562 5258
1645 5258
1071 5258
5494 5258
5885 5258
5602 5258
7802 5258
511 5258
6711 5258
138 5258
4282 5258
1964 5258
529 5258
3003 5258
7842 5259
4919 5259
1378 5259
7514 5259
4362 5259
6334 5259
240 5259
5457 5259
5557 5259
3879 5259
7559 5259
5493 5259
2740 5259
5897 5259
2181 5259
3912 5259
4653 5259
3903 5259
527 5259
834 5259
8273 5260
1307 5260
8139 5260
528 5260
951 5260
5125 5260
7281 5260
1386 5260
3289 5260
4847 5260
4995 5260
6292 5260
2542 5260
3953 5260
4105 5261
792 5261
2370 5261
6239 5261
3177 5261
5101 5261
7021 5261
1447 5261
2051 5261
5441 5261
7841 5261
2429 5261
497 5261
2280 5261
1231 5261
1183 5262
154 5262
7569 5262
5645 5262
6812 5262
4568 5262
1388 5262
4968 5262
5448 5262
400 5262
3895 5262
3400 5262
7862 5262
8008 5262
5003 5262
7829 5262
4413 5263
1348 5263
673 5263
664 5263
6933 5263
6753 5263
6965 5263
6078 5263
4013 5263
7378 5263
2983 5263
2516 5263
158 5263
6224 5263
5483 5263
822 5263
6314 5263
5822 5264
3180 5264
1990 5264
3687 5264
6465 5264
4141 5264
2013 5264
7561 5264
1047 5264
2893 5264
2877 5264
2772 5264
6211 5264
6554 5264
7718 5264
1783 5264
7199 5264
3382 5264
1514 5264
1299 5265
481 5265
6111 5265
6715 5265
6440 5265
1858 5265
749 5265
4791 5265
7887 5265
6246 5266
2237 5266
4874 5266
4844 5266
7156 5266
6837 5266
6822 5266
1924 5266
4981 5266
7392 5266
4653 5266
460 5266
2181 5266
1060 5266
1542 5266
3707 5266
7402 5266
602 5267
4521 5267
2150 5267
5978 5267
3052 5267
817 5267
8077 5267
287 5267
5182 5267
4312 5267
4677 5267
2642 5267
4722 5267
4830 5268
2291 5268
3567 5268
1970 5268
3606 5268
6226 5268
4161 5268
3292 5268
2920 5268
718 5268
1953 5268
515 5268
3917 5268
2489 5268
1020 5269
3774 5269
4604 5269
7832 5269
1378 5269
5001 5269
5388 5269
1585 5269
2118 5269
6280 5269
2471 5269
349 5269
512 5269
2665 5269
867 5269
7183 5269
8241 5269
6125 5269
647 5270
2043 5270
3588 5270
141 5270
6719 5270
5440 5270
6694 5270
4450 5270
6740 5270
1122 5270
566 5270
6152 5270
4435 5270
161 5270
6702 5270
4076 5271
5924 5271
4358 5271
2771 5271
3879 5271
4051 5271
1654 5271
5868 5271
8272 5271
3943 5271
8255 5271
7399 5271
1387 5271
5193 5271
6638 5271
1728 5271
5196 5271
3997 5271
3559 5271
5123 5271
3608 5271
6110 5271
2206 5272
6267 5272
610 5272
987 5272
5153 5272
833 5272
5158 5272
2920 5272
562 5272
635 5272
6933 5272
8074 5273
7831 5273
3379 5273
7057 5273
3474 5273
17 5273
5231 5273
222 5273
8134 5273
1559 5273
5190 5273
399 5273
377 5273
4921 5273
5730 5273
470 5274
1668 5274
4523 5274
3277 5274
6901 5274
7202 5274
5085 5274
5449 5274
2705 5274
6017 5274
2366 5274
1974 5274
3458 5274
6334 5274
6680 5274
6629 5274
2204 5274
5275 5275
5834 5275
3737 5275
3549 5275
829 5275
3157 5275
3843 5275
6083 5275
2940 5275
2398 5275
579 5275
7147 5275
1330 5275
1413 5275
113 5275
2587 5275
2293 5275
5430 5275
4167 5275
5539 5275
8177 5275
275 5275
25 5276
1784 5276
2301 5276
7281 5276
5524 5276
6601 5276
1810 5276
6037 5276
7625 5276
5389 5276
7829 5276
1895 5276
4550 5276
1392 5277
3794 5277
6940 5277
4627 5277
6154 5277
279 5277
8098 5277
2776 5277
5693 5277
3438 5277
5784 5277
6162 5277
4422 5277
5257 5278
892 5278
5919 5278
6812 5278
1720 5278
8081 5278
3148 5278
226 5278
4912 5278
7328 5278
4122 5278
5184 5278
3041 5278
590 5278
3165 5278
4548 5278
1959 5278
7621 5278
2786 5278
5371 5278
3015 5279
5025 5279
4092 5279
398 5279
460 5279
4450 5279
1177 5279
1203 5279
2890 5279
1405 5279
7732 5279
5165 5279
8210 5279
