2481 5280
7085 5280
2004 5280
3609 5280
2845 5280
7335 5280
4003 5280
4534 5280
4082 5280
705 5280
6002 5280
2587 5280
1382 5280
7907 5280
4292 5281
5636 5281
822 5281
1806 5281
88 5281
2356 5281
4206 5281
4081 5281
6095 5281
7588 5281
3483 5281
5675 5281
314 5282
6366 5282
1207 5282
2138 5282
4515 5282
6959 5282
3498 5282
1725 5282
151 5282
2904 5282
1855 5282
1026 5282
5175 5282
2320 5282
3244 5282
7525 5282
5336 5282
3331 5282
1676 5283
2057 5283
765 5283
7856 5283
7126 5283
2436 5283
1752 5283
7378 5283
1045 5283
4534 5283
817 5283
361 5283
3572 5283
5388 5283
4830 5283
5672 5283
5333 5283
3670 5283
6705 5283
6552 5283
5284 5284
953 5284
3571 5284
6030 5284
3261 5284
7296 5284
5515 5284
4339 5284
4668 5284
7343 5284
2439 5284
637 5284
3232 5284
5767 5284
7687 5284
2097 5285
5314 5285
3295 5285
1081 5285
2180 5285
4505 5285
4137 5285
817 5285
8279 5285
2057 5285
2563 5285
5682 5285
8045 5285
1546 5285
4722 5285
8041 5285
6954 5285
90 5286
1189 5286
6182 5286
6641 5286
8165 5286
6124 5286
1811 5286
4114 5286
3306 5286
5279 5286
296 5286
3883 5286
4172 5286
7349 5286
2208 5286
5372 5286
729 5286
2288 5287
6430 5287
7600 5287
6241 5287
2973 5287
7950 5287
2905 5287
7021 5287
3786 5287
5462 5287
6057 5287
1148 5287
1910 5287
868 5288
6124 5288
6007 5288
2845 5288
5259 5288
5872 5288
7147 5288
6325 5288
5997 5288
6916 5288
3486 5288
2345 5288
1700 5288
355 5289
3909 5289
2641 5289
7622 5289
5152 5289
130 5289
2638 5289
949 5289
7300 5289
7560 5289
1412 5289
3542 5289
5909 5289
1821 5289
7271 5289
7115 5289
1392 5289
2037 5289
922 5289
5028 5290
4412 5290
5100 5290
4735 5290
1371 5290
2904 5290
6395 5290
2456 5290
2361 5290
1615 5290
6779 5290
7036 5290
7069 5290
5237 5290
30 5290
4031 5290
7225 5290
839 5290
7053 5290
1901 5290
5591 5290
1851 5290
4555 5290
6107 5290
3051 5291
8142 5291
5792 5291
6466 5291
1832 5291
2966 5291
455 5291
6741 5291
2840 5291
4896 5291
7800 5291
2960 5291
793 5291
4182 5291
4476 5291
6959 5291
6356 5291
1621 5291
1269 5291
4887 5291
593 5291
920 5291
5388 5292
6574 5292
2397 5292
2050 5292
1313 5292
6383 5292
4875 5292
232 5292
7128 5292
8075 5292
7290 5292
4289 5292
976 5292
4339 5292
3627 5292
3491 5292
3566 5292
7690 5292
6509 5292
6733 5293
8224 5293
7013 5293
3704 5293
8219 5293
1452 5293
183 5293
2809 5293
6376 5293
7854 5293
1253 5293
6009 5293
2178 5293
2952 5293
1700 5294
2330 5294
4400 5294
7905 5294
5357 5294
1769 5294
5016 5294
6886 5294
1788 5294
3847 5294
7439 5294
1455 5294
3464 5294
7679 5294
3077 5294
5295 5295
7233 5295
4282 5295
6898 5295
6681 5295
5342 5295
6003 5295
1895 5295
7161 5295
6368 5295
3069 5295
50 5295
5795 5295
4076 5295
5702 5295
7282 5295
2483 5295
4425 5295
1842 5295
7270 5295
8161 5296
8206 5296
6588 5296
4175 5296
208 5296
646 5296
5909 5296
263 5296
7825 5296
1631 5296
152 5296
4956 5296
2594 5296
865 5296
951 5296
4875 5296
772 5296
4889 5296
6234 5296
7403 5296
1403 5297
8121 5297
618 5297
2515 5297
6853 5297
4235 5297
6156 5297
1639 5297
1219 5297
8016 5297
1636 5297
3710 5297
4793 5297
6755 5297
5795 5297
4639 5297
6307 5297
3946 5297
85 5297
4706 5297
5528 5298
7433 5298
395 5298
3603 5298
5299 5298
3506 5298
2718 5298
2287 5298
3054 5298
5259 5298
6444 5298
4769 5298
1337 5298
3106 5298
225 5298
7110 5299
4258 5299
4536 5299
4860 5299
5547 5299
610 5299
7916 5299
3228 5299
3989 5299
6540 5299
5217 5299
6886 5299
4746 5299
3010 5299
1927 5299
6629 5299
7403 5299
177 5299
2843 5299
3431 5299
6972 5300
292 5300
5489 5300
293 5300
2735 5300
1716 5300
3622 5300
1482 5300
5068 5300
4000 5300
3774 5300
1538 5300
7501 5300
2013 5300
2426 5300
3807 5300
3675 5300
1326 5300
4490 5300
771 5300
6193 5300
5582 5301
713 5301
6618 5301
6735 5301
5289 5301
4244 5301
5309 5301
3623 5301
5666 5301
6312 5301
1718 5301
5771 5301
2039 5301
2706 5301
5809 5301
563 5301
7465 5301
7687 5302
4662 5302
562 5302
4566 5302
6118 5302
1150 5302
2634 5302
1338 5302
5495 5302
5708 5302
7311 5303
7127 5303
2265 5303
3006 5303
2290 5303
4276 5303
344 5303
4536 5303
1765 5303
6519 5303
5893 5303
7788 5303
6684 5303
2765 5303
6595 5303
8195 5303
1215 5303
1058 5303
3420 5303
1000 5304
5878 5304
4554 5304
2288 5304
5518 5304
1729 5304
8011 5304
712 5304
5615 5304
7475 5304
2187 5304
3062 5305
2039 5305
3780 5305
4979 5305
6980 5305
2360 5305
6702 5305
7070 5305
6513 5305
4826 5305
4521 5305
7103 5305
3946 5306
3851 5306
888 5306
1516 5306
7973 5306
6782 5306
1079 5306
7064 5306
7388 5306
2198 5306
5890 5306
8257 5306
3786 5306
7183 5306
5881 5306
2435 5306
7593 5306
5570 5306
5654 5307
7213 5307
1070 5307
1287 5307
4595 5307
6612 5307
1499 5307
1835 5307
16 5307
3223 5307
6983 5307
7133 5308
1334 5308
3380 5308
1032 5308
3869 5308
5227 5308
2736 5308
1411 5308
3077 5308
8173 5308
7242 5308
7762 5308
893 5308
2682 5308
4351 5308
6535 5308
2542 5308
5009 5308
6158 5308
4136 5308
3505 5309
2879 5309
285 5309
7887 5309
4723 5309
5263 5309
4589 5309
5664 5309
424 5309
4506 5309
7021 5309
5831 5309
4435 5309
8059 5309
7073 5309
4136 5309
6514 5309
443 5309
8204 5309
4984 5309
5212 5309
3232 5310
6913 5310
2679 5310
601 5310
920 5310
5667 5310
2209 5310
6095 5310
97 5310
4564 5310
6474 5310
6084 5310
2607 5310
7270 5310
2486 5310
4989 5311
5602 5311
5586 5311
1089 5311
5972 5311
3245 5311
2867 5311
4780 5311
4231 5311
5327 5311
6449 5311
4301 5311
7310 5312
277 5312
3010 5312
738 5312
7332 5312
1849 5312
4647 5312
1662 5312
3811 5312
4525 5312
7290 5312
2186 5312
6198 5312
5545 5312
1524 5312
4277 5312
3284 5312
3396 5312
5319 5312
4657 5312
584 5313
3976 5313
4593 5313
553 5313
1949 5313
4936 5313
1648 5313
1002 5313
6744 5313
6051 5313
2583 5314
3798 5314
344 5314
5478 5314
2630 5314
6101 5314
6979 5314
392 5314
1830 5314
294 5314
2421 5314
854 5314
1326 5314
2361 5314
1902 5314
1193 5314
7135 5314
3853 5314
2239 5314
4714 5314
7856 5314
2542 5315
3034 5315
1481 5315
1192 5315
2775 5315
4438 5315
975 5315
5805 5315
6388 5315
863 5315
1403 5315
1107 5315
315 5315
6837 5315
6094 5315
1674 5315
2806 5316
4263 5316
5316 5316
4850 5316
4425 5316
2250 5316
4450 5316
1589 5316
7366 5316
645 5316
1411 5316
2404 5316
2840 5316
1369 5316
642 5316
4758 5316
5480 5316
4863 5316
5300 5316
1902 5316
5684 5317
4684 5317
6631 5317
1094 5317
5441 5317
7069 5317
2524 5317
6201 5317
2813 5317
5240 5317
1900 5317
8257 5317
6736 5317
5130 5317
3737 5317
3284 5317
6104 5317
5397 5317
622 5318
4778 5318
115 5318
6032 5318
3165 5318
1621 5318
3507 5318
5624 5318
5628 5318
8098 5318
7294 5319
5545 5319
5853 5319
6193 5319
1764 5319
2166 5319
6064 5319
2939 5319
152 5319
350 5319
1253 5319
1565 5319
4741 5319
7777 5319
6221 5319
1752 5320
457 5320
8169 5320
5585 5320
1093 5320
3574 5320
4349 5320
7813 5320
6563 5320
4654 5320
145 5320
7958 5320
7521 5320
5215 5320
4802 5320
3846 5320
4512 5321
2972 5321
7937 5321
8162 5321
7843 5321
5065 5321
5035 5321
8285 5321
5150 5321
5446 5321
3518 5321
6226 5321
3338 5321
4321 5321
7902 5321
5217 5321
7275 5321
3936 5321
8098 5321
5149 5321
8198 5321
6862 5321
5347 5322
3680 5322
1040 5322
3632 5322
2328 5322
2077 5322
7916 5322
2150 5322
4837 5322
5539 5323
5323 5323
1579 5323
6075 5323
326 5323
1161 5323
2790 5323
5721 5323
891 5323
4872 5323
6356 5323
321 5323
1797 5323
1887 5323
2494 5323
4025 5323
4689 5324
5536 5324
2411 5324
1685 5324
7314 5324
6267 5324
1263 5324
5816 5324
7139 5324
3082 5324
4582 5325
3419 5325
4246 5325
4288 5325
2421 5325
4173 5325
6308 5325
4669 5325
4050 5325
1362 5325
6803 5325
2833 5326
6011 5326
4702 5326
2659 5326
5900 5326
6068 5326
3991 5326
6169 5326
8036 5326
2572 5326
7219 5326
5980 5326
434 5326
913 5326
5239 5326
4003 5327
5184 5327
6271 5327
2172 5327
5767 5327
3398 5327
6114 5327
3039 5327
1157 5327
530 5327
6126 5328
4065 5328
7194 5328
1487 5328
4466 5328
5773 5328
378 5328
588 5328
1871 5328
6778 5328
665 5329
7094 5329
343 5329
4134 5329
2608 5329
2576 5329
3127 5329
4136 5329
4878 5329
7096 5329
7412 5329
2625 5329
3518 5329
3148 5329
7512 5329
2172 5329
1361 5329
6360 5330
7258 5330
5712 5330
7160 5330
3739 5330
2256 5330
4221 5330
7521 5330
2138 5330
1001 5330
3699 5330
6817 5330
2634 5330
629 5330
5159 5330
3806 5330
8240 5331
4102 5331
5709 5331
971 5331
2400 5331
7184 5331
7404 5331
1246 5331
7771 5331
5255 5331
5443 5331
2273 5331
6207 5331
6021 5331
1788 5331
1712 5331
3342 5331
2292 5331
2815 5332
4144 5332
6835 5332
6749 5332
2424 5332
7431 5332
2776 5332
4446 5332
1713 5332
3878 5332
6180 5332
2485 5332
5145 5332
3232 5332
6633 5332
1372 5332
7701 5332
2706 5332
5974 5332
903 5332
2550 5332
873 5332
1477 5333
559 5333
942 5333
1322 5333
4892 5333
1514 5333
2523 5333
1001 5333
6969 5333
1442 5333
5549 5333
2780 5333
584 5333
837 5333
1932 5334
1526 5334
8237 5334
4858 5334
904 5334
7087 5334
7905 5334
7963 5334
4273 5334
4740 5334
3725 5334
7438 5334
3745 5334
807 5335
6169 5335
520 5335
4413 5335
4765 5335
5459 5335
1094 5335
826 5335
4799 5335
8134 5335
7000 5335
7405 5335
4386 5335
4637 5335
5704 5335
2941 5335
4181 5335
7602 5335
7159 5335
6446 5335
5125 5335
660 5335
7709 5335
3560 5335
3252 5336
5303 5336
5951 5336
2522 5336
278 5336
2086 5336
2800 5336
7085 5336
2133 5336
5449 5336
3945 5336
4049 5336
609 5336
1873 5336
6669 5336
2933 5336
5736 5336
7256 5336
1589 5337
5493 5337
187 5337
6514 5337
4301 5337
7086 5337
377 5337
1297 5337
288 5337
4061 5337
1725 5337
6683 5337
7687 5337
4029 5337
1648 5337
5658 5337
6007 5337
4468 5338
6459 5338
869 5338
5732 5338
3250 5338
5058 5338
6720 5338
2835 5338
1150 5338
6758 5338
1238 5338
231 5338
1610 5338
6864 5338
1998 5338
3777 5338
4386 5338
1814 5338
3583 5338
5320 5338
3126 5338
2903 5339
2550 5339
5723 5339
4494 5339
6123 5339
8020 5339
7711 5339
6663 5339
2049 5339
1501 5339
5097 5339
8035 5339
3680 5339
2729 5339
4114 5339
4638 5339
7570 5339
5895 5339
990 5339
3072 5339
5228 5339
720 5339
2718 5339
1866 5340
2985 5340
7271 5340
6223 5340
3529 5340
6326 5340
4592 5340
2468 5340
3864 5340
6122 5340
4578 5340
4216 5340
4153 5340
4615 5340
7524 5341
1634 5341
4575 5341
1962 5341
4573 5341
527 5341
6333 5341
8210 5341
3357 5341
961 5341
3709 5341
3914 5341
5438 5341
3974 5341
3518 5341
4382 5341
792 5341
8176 5341
3461 5341
3924 5341
3499 5342
521 5342
2118 5342
7880 5342
1774 5342
6294 5342
6331 5342
444 5342
1771 5342
4521 5342
5205 5342
346 5342
4536 5342
2873 5342
5561 5342
4561 5342
5343 5343
8192 5343
7031 5343
2509 5343
3642 5343
8032 5343
2268 5343
2661 5343
7713 5343
7329 5343
565 5343
584 5343
3026 5343
3985 5343
5637 5343
7255 5344
5123 5344
2447 5344
7205 5344
7942 5344
7911 5344
2720 5344
5960 5344
1192 5344
1248 5344
2898 5344
6946 5344
3272 5344
96 5344
4101 5345
3934 5345
290 5345
4461 5345
4793 5345
5654 5345
6758 5345
6633 5345
2166 5345
6524 5345
3761 5345
5366 5345
3695 5345
6182 5345
7762 5345
2963 5345
4264 5345
3436 5345
883 5345
137 5345
3246 5345
4977 5346
5346 5346
1990 5346
7965 5346
7639 5346
2760 5346
889 5346
5047 5346
7789 5346
4750 5346
1795 5346
1722 5346
5631 5346
5253 5346
219 5346
7712 5346
5299 5346
2567 5346
1518 5346
1336 5346
715 5346
2329 5346
3462 5346
3438 5346
2968 5346
7479 5347
5564 5347
5159 5347
6319 5347
502 5347
521 5347
4783 5347
2125 5347
1327 5347
917 5347
4005 5347
7079 5347
3063 5348
2754 5348
3738 5348
3084 5348
757 5348
5991 5348
6903 5348
4040 5348
3148 5348
7186 5348
3761 5348
4075 5348
7075 5348
3248 5348
3474 5349
5666 5349
5314 5349
4594 5349
6094 5349
357 5349
7733 5349
2694 5349
3183 5349
3924 5349
1594 5349
1104 5349
6946 5349
4859 5349
3974 5349
4890 5349
5866 5349
6213 5350
750 5350
4663 5350
7546 5350
6467 5350
4077 5350
1935 5350
4238 5350
6549 5350
6115 5350
1678 5350
949 5350
4961 5350
6862 5350
918 5350
4217 5350
3329 5350
263 5350
3955 5350
7045 5350
5852 5350
6892 5351
6529 5351
358 5351
1376 5351
4539 5351
2209 5351
6483 5351
3435 5351
5682 5351
7540 5351
2727 5351
5357 5351
5882 5351
7942 5351
7752 5351
6789 5351
3 5351
264 5351
6037 5351
3194 5351
2864 5351
4014 5351
6650 5351
3870 5351
5494 5351
3576 5352
6008 5352
300 5352
2375 5352
483 5352
6971 5352
7475 5352
8083 5352
243 5352
6969 5352
6108 5352
4779 5352
8086 5352
4684 5352
2385 5352
7290 5352
393 5352
2441 5352
6160 5352
231 5352
7889 5353
4774 5353
3015 5353
3639 5353
249 5353
4496 5353
4823 5353
1297 5353
6382 5353
1605 5353
4825 5353
4626 5353
3784 5353
7953 5353
4604 5353
7283 5354
7669 5354
5303 5354
5758 5354
7219 5354
6960 5354
4723 5354
5694 5354
1547 5354
7405 5354
7952 5354
4984 5354
4070 5354
6167 5354
6775 5354
7147 5354
4760 5354
4454 5354
5493 5354
7610 5354
5031 5354
7004 5354
3233 5354
2938 5355
6258 5355
7441 5355
7285 5355
7151 5355
3737 5355
2728 5355
1177 5355
784 5355
922 5355
642 5355
4236 5355
6373 5355
1667 5356
4822 5356
1139 5356
2250 5356
4889 5356
2303 5356
7742 5356
4254 5356
5494 5356
3007 5356
4415 5356
2596 5356
3933 5356
6890 5356
4429 5356
7613 5356
4102 5357
2337 5357
5909 5357
1630 5357
2966 5357
865 5357
731 5357
6206 5357
8010 5357
7263 5357
2361 5357
2604 5357
5986 5357
403 5357
7214 5357
2371 5357
550 5357
2013 5357
4400 5358
7045 5358
2999 5358
7044 5358
3353 5358
6852 5358
3969 5358
8034 5358
6910 5358
170 5358
3584 5358
4288 5358
3096 5358
8108 5358
4445 5358
2455 5358
6627 5359
5469 5359
543 5359
5946 5359
5500 5359
1464 5359
3683 5359
24 5359
5239 5359
4292 5359
1630 5359
4374 5359
7443 5359
2522 5359
1145 5359
4984 5359
3771 5359
2881 5360
4708 5360
5194 5360
5103 5360
3487 5360
1374 5360
5866 5360
7758 5360
7461 5360
3300 5360
3988 5360
2680 5360
2376 5360
8002 5360
3700 5360
3371 5360
8092 5361
1282 5361
3828 5361
7644 5361
4546 5361
789 5361
6565 5361
2138 5361
7928 5361
1369 5361
2269 5361
7895 5361
4153 5361
4272 5361
1195 5361
2315 5361
5725 5361
7561 5361
756 5362
6236 5362
3597 5362
7238 5362
7878 5362
6139 5362
8257 5362
511 5362
6824 5362
1227 5362
4026 5362
6398 5362
274 5362
6067 5362
1744 5362
5096 5362
5217 5362
2861 5362
28 5362
2711 5362
7664 5362
8295 5362
340 5362
2682 5363
941 5363
3036 5363
5893 5363
8081 5363
3229 5363
636 5363
6209 5363
500 5363
3543 5363
3270 5363
2960 5363
7789 5363
6495 5363
3002 5364
4936 5364
7184 5364
6289 5364
7639 5364
1483 5364
4785 5364
2016 5364
7774 5364
5028 5365
7213 5365
1207 5365
3332 5365
1923 5365
5351 5365
4663 5365
4908 5365
622 5365
720 5365
3547 5366
8166 5366
1693 5366
4641 5366
5896 5366
7997 5366
7637 5366
787 5366
7731 5366
562 5366
1560 5366
4340 5366
565 5366
3802 5366
1630 5367
7752 5367
4915 5367
1971 5367
2013 5367
8083 5367
6712 5367
158 5367
7141 5367
2063 5367
4645 5367
2375 5368
197 5368
1791 5368
1336 5368
3537 5368
5883 5368
7431 5368
5160 5368
2489 5368
409 5368
2414 5368
5664 5368
375 5368
3302 5368
442 5368
3804 5368
6789 5369
3630 5369
5369 5369
2148 5369
3250 5369
6577 5369
6165 5369
3243 5369
5370 5369
7169 5369
327 5369
3392 5369
6539 5369
115 5369
6065 5369
5844 5369
933 5369
5405 5369
1756 5369
7463 5369
3098 5369
2202 5369
4850 5369
4809 5369
85 5369
3738 5369
3176 5369
2752 5369
440 5370
6173 5370
745 5370
1051 5370
144 5370
6212 5370
7274 5370
543 5370
7097 5370
350 5370
2949 5370
7116 5371
4351 5371
2513 5371
202 5371
2330 5371
537 5371
2490 5371
5022 5371
5517 5371
2862 5371
2168 5371
5402 5372
1161 5372
3196 5372
5308 5372
3633 5372
3102 5372
3984 5372
1169 5372
4811 5372
6759 5372
1795 5372
7031 5372
3638 5372
5681 5372
187 5373
5648 5373
4863 5373
6842 5373
4262 5373
1727 5373
3063 5373
2576 5373
8282 5373
4850 5373
7752 5373
7190 5373
5545 5373
2906 5373
1797 5373
1906 5373
178 5373
6954 5373
6851 5374
3941 5374
3196 5374
3072 5374
1825 5374
3767 5374
1553 5374
5193 5374
4701 5374
3904 5374
6091 5374
708 5374
8034 5374
5250 5374
3098 5374
4349 5374
7803 5374
2325 5374
1538 5375
183 5375
3525 5375
5684 5375
1445 5375
2127 5375
3209 5375
4404 5375
1748 5375
4153 5375
1188 5375
5376 5376
7824 5376
3786 5376
7142 5376
47 5376
5739 5376
6802 5376
7929 5376
6257 5376
3834 5376
2330 5376
3070 5376
7852 5376
660 5376
2455 5376
8183 5376
7763 5376
6911 5376
2304 5376
1362 5376
6756 5377
2815 5377
2441 5377
3082 5377
1475 5377
5608 5377
3527 5377
7594 5377
2109 5377
8125 5377
183 5377
2374 5377
2796 5377
2006 5377
8072 5377
2032 5377
4660 5377
2981 5377
2082 5377
7797 5377
5565 5377
1263 5378
3838 5378
2581 5378
1857 5378
2513 5378
3477 5378
2170 5378
1767 5378
727 5378
6693 5378
7877 5378
742 5379
1245 5379
2221 5379
1850 5379
33 5379
6467 5379
895 5379
3382 5379
4388 5379
6643 5379
8221 5379
1668 5379
2796 5379
7237 5379
2875 5379
7386 5379
1487 5379
1095 5379
6706 5379
4901 5379
1479 5379
5213 5379
2004 5380
4632 5380
8180 5380
7559 5380
4579 5380
2979 5380
3671 5380
5313 5380
7107 5380
5038 5380
2100 5380
3632 5380
2538 5380
7479 5380
431 5380
5195 5380
5381 5381
3588 5381
7374 5381
806 5381
1305 5381
4538 5381
5184 5381
669 5381
2851 5381
1661 5381
64 5381
4930 5381
4379 5381
4776 5381
2731 5381
5010 5382
4384 5382
4143 5382
3446 5382
4897 5382
6451 5382
1652 5382
7298 5382
3554 5382
1371 5382
645 5382
4930 5382
5202 5382
1669 5382
318 5382
2877 5382
5237 5383
7274 5383
3 5383
6980 5383
198 5383
556 5383
5989 5383
7028 5383
973 5383
5347 5383
5230 5383
5077 5383
897 5383
32 5383
2800 5383
7523 5383
3059 5383
6158 5384
4246 5384
3603 5384
4876 5384
989 5384
784 5384
5776 5384
6839 5384
6434 5384
2425 5384
2413 5384
7586 5384
2574 5384
4931 5384
3752 5384
4482 5384
278 5384
3052 5384
2071 5384
7766 5385
122 5385
5543 5385
6121 5385
2278 5385
6217 5385
2984 5385
1157 5385
730 5385
4893 5385
1631 5385
3222 5385
7710 5385
2111 5385
1486 5385
5734 5385
404 5386
4711 5386
6959 5386
6055 5386
4313 5386
6271 5386
790 5386
3149 5386
2278 5386
6284 5386
4519 5386
2308 5386
2852 5386
2164 5386
2572 5386
5610 5387
3954 5387
7213 5387
8174 5387
1193 5387
2773 5387
1998 5387
4519 5387
3898 5387
2351 5387
3748 5387
8 5387
266 5387
3964 5387
7959 5387
4184 5387
7497 5387
8137 5387
6881 5387
7240 5387
1295 5387
1934 5388
2564 5388
2556 5388
4870 5388
3843 5388
5341 5388
1036 5388
5506 5388
6243 5388
5028 5388
3032 5388
583 5388
2956 5388
2988 5388
4445 5388
784 5388
4871 5388
7880 5388
6888 5388
8195 5388
2791 5388
3752 5388
7475 5389
308 5389
8219 5389
5426 5389
4844 5389
2435 5389
6008 5389
808 5389
2053 5389
1837 5389
7602 5389
7597 5389
57 5390
3847 5390
3718 5390
1885 5390
6575 5390
1253 5390
6167 5390
2967 5390
2625 5390
1227 5390
3704 5390
1207 5390
7713 5391
6523 5391
7333 5391
7070 5391
3485 5391
2697 5392
4704 5392
5196 5392
1554 5392
340 5392
3669 5392
3606 5392
6686 5392
1101 5392
8032 5393
5084 5393
90 5393
2290 5393
6060 5393
4708 5393
5897 5393
1302 5393
7727 5393
3373 5393
5363 5393
1000 5393
4180 5393
1604 5393
5924 5393
5055 5393
992 5394
2605 5394
5296 5394
1766 5394
5423 5394
5279 5394
4220 5394
410 5394
1142 5394
3106 5394
3547 5394
3104 5394
3892 5394
3218 5394
2523 5394
5075 5394
6743 5394
1315 5394
5768 5394
8024 5394
23 5395
1580 5395
5599 5395
6849 5395
1857 5395
7329 5395
1432 5395
5890 5395
3518 5395
2864 5395
6974 5395
291 5395
6111 5395
7928 5395
4090 5395
1828 5395
7432 5396
3460 5396
1542 5396
5154 5396
6229 5396
1215 5396
7377 5396
7711 5396
7966 5396
5918 5396
5605 5396
3235 5396
562 5396
7602 5396
3667 5396
4800 5396
3154 5397
4532 5397
7044 5397
957 5397
1551 5397
1455 5397
1939 5397
2356 5397
7672 5397
3277 5397
5699 5397
1493 5397
982 5397
6187 5397
3697 5397
1124 5397
7296 5397
4051 5398
2060 5398
8129 5398
4975 5398
2115 5398
1516 5398
5042 5398
3180 5398
8009 5398
5663 5398
5984 5398
5465 5398
2488 5398
4790 5398
7447 5399
1811 5399
1449 5399
5461 5399
2606 5399
5466 5399
976 5399
3705 5399
1253 5399
5514 5399
7789 5399
3039 5399
43 5399
1046 5399
5283 5400
7001 5400
1774 5400
1388 5400
3636 5400
8155 5400
8208 5400
176 5400
4481 5400
2228 5400
1060 5400
8245 5400
2080 5400
4189 5400
617 5401
4747 5401
6609 5401
59 5401
7030 5401
5470 5401
3474 5401
6805 5401
4716 5401
6193 5401
5048 5401
90 5401
4505 5401
4866 5401
7094 5402
7225 5402
64 5402
6284 5402
3424 5402
4514 5402
6489 5402
5046 5402
3539 5402
3518 5402
