3451 5402
2537 5402
3048 5402
6630 5402
7594 5402
7115 5402
8115 5402
1262 5402
5274 5402
1306 5402
4232 5403
5332 5403
1215 5403
867 5403
6468 5403
823 5403
7176 5403
2312 5403
4045 5403
3909 5404
7344 5404
7311 5404
4299 5404
1967 5404
2742 5404
7610 5404
3511 5404
4823 5404
7469 5404
1715 5405
1327 5405
6426 5405
738 5405
525 5405
4746 5405
963 5405
4745 5405
7508 5405
4744 5405
7811 5405
7541 5405
3034 5405
1890 5405
6183 5405
750 5405
6225 5405
8137 5405
8083 5406
2057 5406
7782 5406
602 5406
5138 5406
515 5406
5692 5406
6066 5406
2076 5406
5411 5406
5194 5406
1248 5406
2607 5406
6574 5406
6973 5406
5253 5406
6966 5406
3603 5406
6887 5406
2659 5406
8219 5406
7726 5406
804 5406
4450 5406
4478 5407
1148 5407
2864 5407
2456 5407
68 5407
2758 5407
1124 5407
3357 5407
5545 5407
5752 5407
183 5407
2161 5407
2470 5408
2192 5408
350 5408
2131 5408
3995 5408
1550 5408
7164 5408
1410 5408
7460 5408
287 5408
8090 5408
582 5408
2 5409
2835 5409
2981 5409
1549 5409
8290 5409
104 5409
1035 5409
970 5409
2013 5409
7710 5409
592 5409
1565 5409
7161 5409
7645 5410
4901 5410
4745 5410
1440 5410
6122 5410
7578 5410
4156 5410
4121 5410
4447 5410
6656 5410
7638 5410
1443 5410
4742 5410
5630 5410
5583 5410
2221 5411
4198 5411
1356 5411
8066 5411
2780 5411
6557 5411
1832 5411
993 5411
3505 5411
6286 5411
5740 5411
3745 5411
6260 5411
7909 5411
4563 5411
8249 5411
5433 5412
2663 5412
1641 5412
1130 5412
5031 5412
4870 5412
5271 5412
4022 5412
4660 5412
5102 5412
7355 5412
1979 5412
7242 5412
4427 5412
6025 5412
7365 5412
1973 5412
1792 5412
1756 5413
1291 5413
7033 5413
3233 5413
3414 5413
6371 5413
7509 5413
1195 5413
3154 5413
6221 5413
1841 5413
8024 5413
7029 5413
7359 5413
3136 5413
7647 5413
4632 5413
5005 5413
1157 5413
5650 5413
6132 5413
4889 5413
5423 5413
2791 5413
1516 5413
2945 5413
197 5414
165 5414
697 5414
2776 5414
4130 5414
8230 5414
4962 5414
4729 5414
8138 5414
291 5414
5992 5414
2629 5414
6595 5414
3396 5414
529 5414
3305 5414
7532 5415
2037 5415
4258 5415
6940 5415
5076 5415
2384 5415
3156 5415
5145 5415
7371 5415
7460 5415
3441 5415
4975 5415
3510 5416
5405 5416
2764 5416
5286 5416
3586 5416
1551 5416
7894 5416
5261 5416
4888 5416
7478 5416
8175 5416
1284 5416
2066 5416
656 5416
3212 5416
3542 5416
4037 5416
7382 5416
1299 5417
4872 5417
3142 5417
5950 5417
8043 5417
194 5417
7403 5417
2244 5417
4351 5417
2721 5417
6056 5417
8020 5417
2840 5417
5028 5417
4586 5417
6232 5417
2706 5417
3564 5417
6251 5417
6095 5417
7573 5417
5464 5417
2620 5417
1011 5418
4183 5418
7882 5418
7698 5418
3235 5418
7682 5418
7082 5418
51 5418
5126 5418
2665 5418
3845 5418
6031 5418
1135 5418
9 5418
1306 5419
2962 5419
4434 5419
7570 5419
2239 5419
4381 5419
4790 5419
6446 5419
4039 5419
2366 5419
2957 5419
6024 5419
4640 5419
4380 5419
4254 5419
579 5419
4334 5419
3953 5419
2 5420
3695 5420
1678 5420
3656 5420
6940 5420
7122 5420
1451 5420
2803 5420
6595 5420
62 5420
611 5420
2581 5420
1331 5420
1322 5420
6911 5420
6307 5420
5353 5420
4929 5421
280 5421
1795 5421
2456 5421
6212 5421
7890 5421
2070 5421
5816 5421
3833 5421
7639 5421
7338 5421
7085 5421
1612 5421
225 5421
6164 5421
2877 5421
1596 5421
358 5421
7692 5421
2247 5421
6539 5421
4837 5422
7228 5422
3488 5422
1821 5422
1542 5422
4633 5422
362 5422
5388 5422
6477 5422
1396 5422
6267 5422
2749 5422
5641 5422
1792 5422
1214 5422
1006 5422
3314 5422
7825 5422
3551 5422
6824 5423
794 5423
6809 5423
1428 5423
1024 5423
2836 5423
1301 5423
7995 5423
5068 5423
2492 5423
3551 5423
378 5423
1434 5423
3333 5423
1599 5423
5927 5424
3566 5424
2081 5424
7019 5424
615 5424
8020 5424
7995 5424
3623 5424
6772 5424
2881 5424
1185 5424
3365 5424
5232 5424
3182 5424
2049 5424
782 5424
7714 5424
1549 5424
6209 5425
5322 5425
8171 5425
7957 5425
2118 5425
2913 5425
1601 5425
1444 5425
302 5425
7348 5425
5239 5425
7950 5425
839 5426
2715 5426
1558 5426
7362 5426
1254 5426
3878 5426
2192 5426
5955 5426
1025 5426
7241 5426
3496 5426
3688 5427
357 5427
4671 5427
5177 5427
1575 5427
2135 5427
5587 5427
2840 5428
1330 5428
7762 5428
2531 5428
7078 5428
1293 5428
2137 5428
4516 5428
2761 5428
5715 5428
1457 5428
8095 5428
7889 5428
2060 5428
556 5428
525 5428
2183 5428
2942 5428
1578 5428
7543 5428
4980 5428
7943 5428
1089 5428
7255 5428
6775 5429
5239 5429
3342 5429
4658 5429
765 5429
7898 5429
1555 5429
4018 5429
8231 5429
1339 5429
171 5429
3439 5429
1676 5429
2894 5429
6535 5429
6094 5429
133 5429
6444 5429
7528 5429
4007 5429
5297 5429
4072 5430
4879 5430
7576 5430
105 5430
496 5430
1802 5430
605 5430
7201 5430
1856 5430
2772 5430
7045 5430
5690 5430
195 5430
1554 5430
3859 5430
3868 5430
478 5431
1388 5431
5452 5431
2710 5431
5050 5431
7911 5431
1501 5431
4130 5431
3081 5431
49 5431
1650 5431
4351 5431
1960 5431
4603 5431
7037 5431
7166 5431
1822 5432
992 5432
5080 5432
6136 5432
7712 5432
5890 5432
1352 5432
7184 5432
4758 5432
4830 5432
6958 5432
7107 5432
549 5432
5360 5432
6077 5432
4722 5432
5591 5432
5663 5432
4699 5432
5036 5432
1265 5433
3745 5433
4820 5433
159 5433
4737 5433
488 5433
4677 5433
4747 5433
1712 5433
7227 5433
2926 5433
2267 5433
1910 5433
660 5433
5682 5433
5432 5433
8231 5433
524 5434
2649 5434
1790 5434
3736 5434
6931 5434
4003 5434
1340 5434
1693 5434
2527 5434
7027 5434
1520 5434
5018 5434
4942 5434
1058 5434
4101 5434
6029 5434
1645 5434
5252 5434
358 5434
1540 5434
1370 5434
2512 5435
5243 5435
8190 5435
5539 5435
3300 5435
3099 5435
426 5435
7517 5435
6831 5435
7678 5435
6258 5435
6738 5435
1074 5435
2010 5435
8224 5435
8059 5435
5137 5435
1101 5436
1193 5436
4779 5436
6226 5436
4874 5436
2062 5436
5102 5436
4740 5436
5289 5436
5914 5436
6970 5436
7092 5436
5690 5436
5506 5436
6308 5436
1367 5436
1474 5437
1120 5437
6716 5437
2714 5437
3785 5437
7776 5437
6262 5437
6647 5437
5199 5437
2413 5437
6932 5437
3718 5437
5098 5438
2039 5438
2957 5438
6039 5438
4188 5438
817 5438
7255 5438
7818 5438
2981 5438
1483 5438
444 5438
6112 5438
1149 5438
3517 5438
709 5438
2568 5438
16 5438
1860 5438
1429 5439
616 5439
2547 5439
1548 5439
2276 5439
4529 5439
7040 5439
7291 5439
2016 5439
1156 5439
4558 5439
921 5439
2734 5439
5420 5439
6217 5439
7493 5439
1657 5439
5335 5440
5005 5440
5450 5440
4732 5440
300 5440
4430 5440
1797 5440
7186 5440
7189 5440
4062 5440
3891 5440
6729 5440
5980 5440
1704 5440
1277 5440
7711 5440
3576 5440
1744 5440
6880 5440
6812 5440
2881 5440
4645 5440
7242 5441
4558 5441
3621 5441
511 5441
618 5441
937 5441
7345 5441
1709 5441
771 5441
1450 5441
6691 5441
1230 5441
5799 5441
2072 5441
5475 5441
3684 5442
2477 5442
951 5442
370 5442
8132 5442
2302 5442
7774 5442
2926 5442
695 5442
1297 5442
315 5442
522 5443
7709 5443
1116 5443
1552 5443
4244 5443
5678 5443
2126 5443
5735 5443
7944 5443
5436 5443
4747 5443
6844 5443
953 5443
1963 5443
57 5444
7377 5444
4657 5444
3759 5444
6122 5444
6986 5444
2233 5444
7650 5444
4907 5444
6152 5444
2892 5444
5631 5444
5819 5444
7479 5444
3397 5444
1549 5444
3243 5444
3331 5444
6400 5445
6350 5445
6497 5445
6207 5445
4701 5445
6398 5445
5530 5445
4850 5445
7136 5445
7214 5445
5414 5445
6441 5445
4590 5445
6079 5445
950 5445
4726 5445
6461 5445
2733 5445
2852 5445
7717 5445
3260 5445
2300 5445
3251 5446
1429 5446
3071 5446
7781 5446
4872 5446
1049 5446
7361 5446
6659 5446
8282 5446
5429 5446
7209 5446
2105 5446
112 5446
3798 5446
5527 5446
5261 5446
6335 5447
8121 5447
4340 5447
3513 5447
8157 5447
7379 5447
6449 5447
1710 5447
3608 5447
179 5447
1074 5447
5315 5447
7825 5448
1499 5448
2315 5448
4558 5448
346 5448
4179 5448
4642 5448
7721 5448
1069 5448
2892 5448
2360 5448
7824 5448
1994 5448
2932 5448
3194 5448
5037 5449
6621 5449
5432 5449
5574 5449
1865 5449
2634 5449
7585 5449
1859 5449
3170 5449
5367 5449
278 5449
7786 5449
4585 5449
2331 5450
460 5450
4773 5450
4050 5450
4052 5450
1236 5450
6743 5450
2982 5450
1134 5450
6433 5450
3074 5450
2391 5451
5982 5451
519 5451
963 5451
452 5451
6683 5451
5537 5451
7096 5451
1076 5451
1047 5451
6460 5451
3302 5451
391 5451
2378 5451
276 5451
4792 5451
2529 5451
4313 5451
5985 5452
2420 5452
2366 5452
5783 5452
3256 5452
8196 5452
4153 5452
878 5452
6800 5452
5494 5452
7330 5452
5165 5452
7440 5452
1061 5452
2879 5452
44 5453
7644 5453
8196 5453
85 5453
3 5453
4976 5453
3859 5453
6405 5453
5672 5453
1885 5453
5687 5453
497 5453
37 5453
1419 5453
7185 5453
8137 5453
4620 5453
2276 5453
7574 5454
3638 5454
2990 5454
3699 5454
5705 5454
6551 5454
665 5454
4968 5454
5972 5454
393 5454
7867 5454
4461 5454
3743 5454
5139 5454
2665 5454
1406 5454
1779 5454
4775 5454
5628 5455
7481 5455
4644 5455
7159 5455
5201 5455
2153 5455
3674 5455
7132 5455
3070 5455
1555 5455
5718 5455
4087 5455
2257 5455
6463 5455
6228 5455
5454 5455
4657 5455
4037 5455
3180 5455
1355 5455
2945 5455
3474 5455
5659 5455
7930 5456
3222 5456
6395 5456
1979 5456
4863 5456
4980 5456
4198 5456
2212 5456
5291 5456
5390 5456
447 5456
7103 5456
4930 5456
2541 5456
6289 5457
851 5457
8110 5457
1185 5457
5141 5457
7402 5457
5317 5457
5720 5457
4717 5457
2485 5457
6173 5457
404 5457
5990 5457
7448 5457
855 5457
6106 5457
6497 5457
7504 5457
1356 5457
682 5457
6983 5457
2770 5457
1976 5457
4444 5458
7203 5458
4137 5458
3759 5458
2523 5458
25 5458
2551 5458
1700 5458
3304 5458
5630 5458
7480 5458
2777 5458
1242 5459
8286 5459
1890 5459
731 5459
2621 5459
4959 5459
500 5459
8205 5459
1026 5459
6805 5459
5177 5459
1073 5459
4311 5459
3101 5459
5392 5459
6312 5459
5009 5459
8087 5459
3916 5459
4501 5459
1808 5459
6049 5459
316 5459
3590 5460
8201 5460
2260 5460
4030 5460
3345 5460
5976 5460
44 5460
3312 5460
2522 5460
7634 5460
3774 5460
671 5460
2630 5460
3321 5460
6145 5460
3415 5460
2596 5460
6566 5460
7625 5461
5860 5461
6106 5461
1791 5461
6839 5461
2290 5461
1681 5461
4956 5461
2760 5461
3234 5461
5834 5461
1578 5461
3975 5461
4645 5461
3142 5462
3321 5462
19 5462
1461 5462
2989 5462
2089 5462
5815 5462
8258 5462
6090 5462
2070 5462
5963 5462
7976 5462
7307 5462
2835 5462
6936 5462
2712 5462
1667 5462
5122 5462
5072 5463
7558 5463
4049 5463
4336 5463
4938 5463
1970 5463
6035 5463
1575 5463
378 5464
6075 5464
6108 5464
5702 5464
6313 5464
1881 5464
735 5464
2110 5464
4026 5464
1381 5464
5965 5464
3010 5464
884 5464
145 5464
2829 5464
721 5464
5652 5464
167 5464
1964 5465
2065 5465
5363 5465
925 5465
7361 5465
3916 5465
3289 5465
4591 5465
7418 5465
8273 5465
4716 5465
5650 5465
7690 5465
4139 5465
4013 5465
7286 5466
4339 5466
3976 5466
2470 5466
4530 5466
8168 5466
3129 5466
5732 5466
135 5466
8178 5466
6341 5466
3366 5466
6428 5466
957 5466
4766 5466
5428 5466
4745 5466
500 5466
7585 5467
1451 5467
2043 5467
1378 5467
3550 5467
2919 5467
1063 5467
1676 5467
8238 5467
5494 5467
1235 5467
2130 5467
2360 5467
4942 5467
4258 5467
7506 5467
4454 5467
3005 5467
6242 5467
3747 5467
4665 5467
3774 5467
6808 5467
50 5468
6188 5468
8133 5468
8045 5468
3458 5468
1901 5468
1265 5468
8206 5468
5 5468
6622 5468
3260 5468
4199 5468
2604 5468
6849 5468
3051 5468
1240 5468
1188 5468
5057 5468
105 5468
888 5468
4170 5468
1347 5469
4765 5469
2650 5469
7976 5469
6342 5469
3252 5469
1924 5469
2181 5469
7952 5469
8041 5469
7181 5469
1903 5469
1280 5469
6761 5469
5598 5469
5839 5470
7321 5470
37 5470
6817 5470
1747 5470
1230 5470
3401 5470
3397 5470
3058 5470
365 5470
3157 5470
288 5470
770 5470
3209 5470
5283 5470
2237 5470
3194 5470
4760 5470
6935 5470
6255 5470
345 5471
2675 5471
4335 5471
6624 5471
1463 5471
5017 5471
6633 5471
5738 5471
1081 5471
79 5471
2443 5471
7789 5472
7413 5472
4452 5472
8030 5472
6099 5472
2199 5472
2626 5472
1960 5472
3122 5472
3228 5472
2067 5472
2516 5472
1396 5472
4696 5472
7143 5472
5236 5472
4665 5472
7163 5472
6577 5472
8006 5473
1071 5473
2982 5473
3342 5473
1685 5473
671 5473
4926 5473
3244 5473
5489 5473
61 5473
5365 5473
4267 5473
6519 5473
4301 5473
2988 5473
7910 5473
7281 5473
7311 5473
5075 5473
6240 5473
1254 5474
3222 5474
6464 5474
5521 5474
2404 5474
5452 5474
1269 5474
7883 5474
1035 5474
2252 5474
2486 5474
6169 5474
8054 5474
2119 5474
4617 5475
2733 5475
7576 5475
5941 5475
1910 5475
7748 5475
8264 5475
3370 5475
4663 5475
797 5475
6598 5475
1070 5475
4476 5475
6071 5475
3513 5475
7617 5475
785 5475
7240 5475
5322 5475
6723 5475
2514 5476
985 5476
7270 5476
5168 5476
2018 5476
560 5476
1360 5476
1391 5476
1032 5476
3943 5476
6275 5476
3676 5476
5433 5476
2858 5476
7595 5476
7617 5476
4910 5476
5530 5477
7508 5477
3675 5477
5374 5477
6965 5477
3924 5477
7794 5477
4891 5477
1081 5477
2301 5477
6923 5477
4977 5477
3617 5477
594 5477
3075 5477
8180 5478
306 5478
2291 5478
3606 5478
7110 5478
6104 5478
5647 5478
6673 5478
2010 5478
5008 5478
4941 5478
5185 5478
1369 5478
6414 5478
2792 5478
1100 5479
835 5479
5479 5479
3761 5479
3344 5479
1056 5479
5626 5479
5549 5479
2891 5479
3496 5479
1995 5479
6916 5479
2173 5479
6072 5480
6126 5480
7206 5480
4550 5480
6356 5480
68 5480
1047 5480
4319 5480
3861 5480
4826 5480
2554 5480
3799 5480
7014 5480
6254 5480
457 5480
7944 5480
165 5481
7797 5481
2411 5481
1819 5481
3725 5481
2169 5481
4018 5481
4460 5481
7737 5481
4531 5481
605 5481
7618 5481
7896 5482
5439 5482
5289 5482
436 5482
3325 5482
1690 5482
6820 5482
6446 5482
5462 5482
4001 5482
8006 5482
3439 5482
4768 5482
6357 5482
2518 5482
3260 5483
7030 5483
1082 5483
6441 5483
5844 5483
2348 5483
43 5483
6969 5483
3302 5483
2832 5483
4374 5483
2854 5483
3149 5483
6260 5483
1912 5483
5484 5484
6748 5484
3924 5484
266 5484
6569 5484
1038 5484
7447 5484
7491 5484
2563 5484
6614 5484
4903 5484
3446 5484
2529 5484
623 5485
5354 5485
1305 5485
7725 5485
7388 5485
225 5485
3497 5485
4943 5485
4762 5485
4228 5485
8260 5485
5176 5485
4486 5485
4388 5485
4913 5485
602 5485
176 5485
3932 5485
597 5485
3980 5486
404 5486
3863 5486
4797 5486
6606 5486
5048 5486
3943 5486
1571 5486
2235 5486
1371 5486
4252 5486
5297 5486
3475 5486
3917 5486
3918 5486
2726 5486
3702 5486
4648 5486
6317 5486
1116 5486
719 5486
6463 5487
7744 5487
7169 5487
3580 5487
3367 5487
5125 5487
5735 5487
5615 5487
6557 5487
3777 5487
8208 5487
6429 5487
2299 5487
1716 5487
5742 5487
6255 5487
1900 5487
6457 5487
1529 5487
1865 5487
4607 5487
609 5487
7703 5487
6080 5488
5193 5488
4973 5488
6695 5488
3797 5488
7433 5488
6769 5488
5390 5488
6242 5488
8197 5488
3825 5488
2216 5488
2208 5488
6968 5488
5511 5488
1440 5489
7949 5489
1438 5489
3272 5489
198 5489
1038 5489
196 5489
6228 5489
997 5489
3048 5489
1260 5489
600 5489
6945 5489
306 5489
2788 5489
5732 5489
5472 5489
4863 5490
4742 5490
748 5490
1117 5490
7497 5490
4900 5490
1254 5490
419 5490
5641 5490
2488 5490
7383 5490
7540 5491
3698 5491
1655 5491
2536 5491
2165 5491
5196 5491
6529 5491
4236 5491
7976 5491
3700 5491
1631 5491
655 5491
1094 5492
583 5492
5315 5492
2153 5492
4248 5492
4356 5492
1490 5492
733 5492
174 5492
8081 5492
2899 5492
740 5492
6541 5492
6404 5492
2077 5493
6271 5493
4488 5493
6626 5493
1413 5493
7737 5493
1136 5493
5574 5493
7011 5493
1269 5493
8090 5493
638 5493
7561 5493
3432 5493
202 5493
4384 5493
7251 5493
7108 5493
3545 5494
6451 5494
82 5494
5958 5494
1707 5494
5199 5494
2729 5494
7128 5494
7943 5494
8088 5494
3834 5494
7592 5494
4794 5494
672 5494
4883 5494
885 5494
3669 5494
4422 5494
6210 5494
2512 5494
305 5495
1080 5495
4254 5495
350 5495
213 5495
3717 5495
3706 5495
7517 5495
3527 5495
3270 5495
6029 5495
7914 5495
7837 5495
3667 5495
4540 5495
4490 5495
3551 5495
5496 5496
686 5496
4221 5496
4350 5496
152 5496
3295 5496
3638 5496
8006 5496
1145 5496
6024 5496
381 5496
96 5496
2758 5496
6886 5496
559 5497
5960 5497
7264 5497
1698 5497
3721 5497
1550 5497
3444 5497
7929 5497
6424 5497
2182 5497
2070 5497
5771 5497
6629 5497
4958 5497
2229 5497
7332 5497
5736 5497
169 5498
6971 5498
1003 5498
4024 5498
6243 5498
4434 5498
6272 5498
5411 5498
1610 5498
4007 5498
483 5498
5468 5498
4397 5498
1026 5498
8155 5498
3322 5498
6549 5499
3280 5499
2294 5499
5693 5499
7389 5499
4358 5499
4888 5499
6685 5499
5562 5499
7164 5499
4724 5499
2879 5499
4179 5499
5560 5499
6232 5499
5004 5499
1661 5499
2497 5499
828 5499
2890 5499
4877 5500
6285 5500
6940 5500
1340 5500
185 5500
1112 5500
3768 5500
625 5500
3492 5500
4704 5500
7719 5500
478 5500
3576 5500
685 5500
6059 5500
7608 5500
4050 5500
1473 5500
7835 5500
2990 5501
5164 5501
5537 5501
5708 5501
7565 5501
5526 5501
1815 5501
4892 5501
7850 5501
1653 5501
7617 5501
5449 5501
1069 5501
3145 5501
6076 5501
8245 5501
838 5501
7674 5501
2729 5501
1841 5501
2933 5501
2157 5501
5534 5502
4723 5502
5517 5502
4348 5502
6627 5502
5137 5502
2002 5502
7957 5502
2607 5502
3028 5502
6772 5502
3856 5502
2108 5503
6862 5503
1892 5503
2952 5503
644 5503
2421 5503
3603 5503
6986 5503
2530 5503
919 5503
7930 5503
5273 5503
1657 5503
6294 5504
522 5504
1844 5504
7794 5504
1321 5504
3382 5504
4277 5504
7473 5504
5748 5504
5582 5504
4083 5504
3696 5504
1347 5504
2175 5505
6557 5505
4716 5505
2868 5505
7370 5505
5697 5505
4882 5505
1784 5505
905 5505
4846 5505
1391 5505
2389 5505
1690 5505
1932 5505
425 5505
4516 5505
715 5505
3473 5506
1779 5506
6380 5506
3012 5506
137 5506
6443 5506
5931 5506
3693 5506
5586 5506
2555 5506
8020 5506
1555 5506
7077 5506
2976 5506
7400 5506
1744 5506
1565 5506
6013 5506
5039 5506
5663 5506
5398 5506
4776 5506
2187 5506
7905 5506
6004 5506
5566 5506
3977 5506
3093 5507
5842 5507
1665 5507
4529 5507
6257 5507
4029 5507
4802 5507
3500 5507
5317 5507
449 5507
1255 5507
7147 5507
3 5507
4339 5507
2532 5507
1878 5507
2744 5507
7898 5508
4143 5508
6179 5508
7435 5508
2163 5508
5347 5508
1281 5508
4722 5508
1850 5508
1990 5508
4647 5508
3212 5508
1165 5508
7323 5508
7224 5508
1478 5508
7849 5508
4129 5508
3974 5508
5613 5508
6414 5508
7763 5509
4308 5509
561 5509
5663 5509
5329 5509
3883 5509
1352 5509
4137 5509
6446 5509
5534 5509
6433 5509
7914 5509
2306 5509
7806 5509
248 5509
4189 5510
2277 5510
6431 5510
2655 5510
6727 5510
8080 5510
1763 5510
7402 5510
7390 5510
3711 5510
277 5510
8157 5510
266 5510
868 5510
3096 5510
44 5510
2470 5510
9 5510
300 5510
1939 5511
6363 5511
2817 5511
7894 5511
292 5511
5976 5511
6279 5511
3176 5511
247 5511
5619 5511
6208 5511
5794 5511
5853 5511
814 5511
17 5511
7645 5511
5439 5512
3408 5512
636 5512
4646 5512
649 5512
6000 5512
7528 5512
4237 5512
5748 5512
6696 5512
883 5512
6588 5512
4836 5512
3357 5512
8072 5512
3547 5512
3607 5513
8139 5513
4268 5513
7431 5513
4881 5513
7189 5513
315 5513
4561 5513
5981 5513
2942 5513
2485 5513
5248 5513
3126 5513
3995 5513
7910 5514
6371 5514
7121 5514
7825 5514
7214 5514
192 5514
6200 5514
7338 5514
3461 5514
3714 5514
4669 5514
588 5514
1088 5514
5464 5514
149 5514
5564 5515
6056 5515
1142 5515
3541 5515
6933 5515
7749 5515
5585 5515
1406 5515
4307 5515
6691 5515
178 5515
94 5515
3119 5515
773 5515
534 5515
2359 5515
1686 5515
363 5515
389 5516
5396 5516
7319 5516
757 5516
5512 5516
3306 5516
5201 5516
2906 5516
4023 5516
6320 5516
5344 5516
7405 5516
2934 5516
7909 5516
6842 5517
2397 5517
6210 5517
1227 5517
7271 5517
2769 5517
1778 5517
790 5517
196 5517
705 5517
4317 5517
7123 5517
2619 5517
2222 5517
5057 5518
2814 5518
7507 5518
5332 5518
3082 5518
4251 5518
3878 5518
4779 5519
613 5519
3969 5519
1726 5519
941 5519
1542 5519
4329 5519
4444 5519
7654 5519
6798 5519
1467 5519
1896 5519
4848 5519
4570 5519
1834 5519
4416 5519
6719 5519
6642 5519
4609 5519
7818 5519
4578 5519
7957 5519
3350 5519
7251 5520
1089 5520
3504 5520
5560 5520
4492 5520
2371 5520
2721 5520
390 5520
1802 5520
5085 5520
444 5520
6676 5520
2337 5520
3030 5520
4815 5520
2658 5521
7782 5521
1935 5521
8265 5521
3621 5521
4989 5521
1026 5521
7712 5521
6775 5521
1200 5521
2109 5521
7491 5521
5961 5521
3126 5521
6493 5521
6410 5521
3229 5521
4019 5522
3505 5522
4201 5522
4534 5522
7730 5522
6163 5522
1995 5522
2567 5522
3120 5522
4405 5522
4938 5522
5306 5522
2435 5522
4565 5522
4290 5522
3233 5523
8092 5523
2033 5523
1947 5523
7243 5523
7600 5523
6400 5523
3548 5523
3836 5523
7518 5523
3152 5523
4254 5523
