4194 5523
2973 5523
8124 5523
1794 5523
1182 5523
177 5523
6630 5523
6566 5523
5700 5524
2711 5524
5733 5524
6643 5524
7000 5524
5517 5524
202 5524
4546 5524
4544 5524
4638 5524
3287 5524
6805 5524
5461 5524
6792 5524
3321 5524
664 5524
5068 5524
5527 5524
6795 5524
5525 5525
8294 5525
3577 5525
27 5525
4194 5525
2215 5525
550 5525
5909 5525
280 5525
2842 5525
3012 5525
7765 5525
2904 5525
7374 5525
1463 5525
5042 5525
6971 5525
2227 5525
1935 5525
2786 5525
7973 5526
790 5526
2583 5526
7977 5526
1105 5526
2775 5526
7682 5526
7298 5526
7586 5526
6079 5526
6659 5526
5709 5526
4867 5526
2752 5526
2166 5526
2086 5526
5145 5526
7264 5526
6258 5527
2274 5527
2262 5527
4531 5527
2738 5527
8075 5527
4563 5527
512 5527
2202 5527
5801 5527
4134 5527
1740 5527
4335 5527
6107 5527
6948 5527
4988 5527
47 5527
277 5527
3767 5527
4072 5527
6713 5527
6342 5527
3379 5528
343 5528
7065 5528
5734 5528
7906 5528
3930 5528
3329 5528
216 5528
1234 5528
2082 5528
1003 5528
2450 5528
1001 5528
2769 5528
7060 5528
6723 5528
3842 5528
3510 5528
2607 5528
5529 5529
2580 5529
3037 5529
9 5529
2962 5529
4458 5529
1089 5529
3858 5529
1787 5529
967 5529
3809 5530
4913 5530
2843 5530
6819 5530
8073 5530
2579 5530
5524 5530
4452 5530
140 5530
426 5530
6523 5530
985 5530
3802 5531
3791 5531
6536 5531
4286 5531
5194 5531
3824 5531
4204 5531
3432 5531
3035 5531
287 5531
1285 5531
4374 5531
5547 5531
5038 5531
6520 5532
2816 5532
3763 5532
7460 5532
6160 5532
8295 5532
5278 5532
1645 5532
3338 5532
4980 5532
3638 5532
6811 5532
3748 5532
1609 5532
1917 5532
1333 5533
4689 5533
8289 5533
196 5533
1889 5533
4162 5533
3632 5533
2378 5533
3847 5533
4811 5533
8035 5533
7045 5533
786 5533
7901 5533
6768 5533
1489 5533
4329 5533
2658 5533
1147 5533
6064 5534
7887 5534
606 5534
5976 5534
5524 5534
3437 5534
2108 5534
3157 5534
2308 5534
7875 5535
2561 5535
4716 5535
609 5535
6434 5535
2419 5535
1445 5535
608 5535
2120 5535
6474 5535
2778 5535
846 5535
8271 5535
6743 5535
3159 5535
4751 5536
1260 5536
3572 5536
6973 5536
1128 5536
6163 5536
329 5536
225 5536
5750 5536
5963 5536
1082 5536
7439 5536
1285 5536
5537 5536
118 5536
4395 5537
6280 5537
5379 5537
6781 5537
451 5537
5317 5537
3568 5537
135 5537
5293 5537
5920 5537
5391 5537
3401 5538
1135 5538
2360 5538
424 5538
4264 5538
6249 5538
2448 5538
3756 5538
6790 5538
4369 5538
643 5538
2931 5538
6213 5538
6717 5538
3070 5538
1645 5538
4456 5538
2006 5538
7170 5538
2908 5539
515 5539
287 5539
1337 5539
8282 5539
4008 5539
2165 5539
7448 5539
2812 5539
3228 5539
3606 5539
7664 5539
6103 5539
4129 5540
3182 5540
5855 5540
556 5540
6773 5540
588 5540
2333 5540
5491 5540
6207 5540
7651 5540
2872 5540
112 5540
2498 5540
5732 5540
3222 5540
6025 5541
5276 5541
2866 5541
5955 5541
7732 5541
161 5541
7410 5541
1461 5541
274 5541
7949 5541
5778 5541
1330 5541
5065 5541
4587 5541
1585 5541
7074 5541
5396 5541
3502 5541
4413 5541
7698 5541
4090 5541
3808 5542
2208 5542
2282 5542
94 5542
1600 5542
7036 5542
6200 5542
3823 5542
581 5542
4026 5542
5715 5542
4403 5542
92 5542
2979 5542
4956 5542
1615 5542
2759 5542
6758 5542
4442 5543
5028 5543
1332 5543
4512 5543
3778 5543
7766 5543
3132 5543
4896 5543
1746 5543
461 5543
5353 5543
5157 5543
1011 5543
2008 5543
7105 5543
1784 5544
3529 5544
196 5544
638 5544
4428 5544
4822 5544
826 5544
897 5544
7144 5544
1967 5544
4506 5544
7078 5544
4391 5544
1908 5544
1049 5544
6084 5544
5568 5544
6412 5544
5675 5544
3607 5544
5389 5544
3367 5544
5003 5544
6630 5544
2465 5544
3515 5544
5872 5545
5194 5545
5683 5545
7480 5545
6477 5545
1979 5545
668 5545
2960 5545
2594 5545
4876 5545
3128 5545
5037 5545
2351 5545
1974 5545
2373 5545
6842 5545
6620 5546
3603 5546
2800 5546
1025 5546
4217 5546
3445 5546
7163 5546
3637 5546
2247 5546
7347 5546
7090 5546
394 5546
1289 5546
2420 5546
7084 5546
1843 5546
7585 5546
5881 5546
5478 5546
1865 5546
3303 5546
4785 5547
2245 5547
3641 5547
3277 5547
4488 5547
8101 5547
7040 5547
1745 5547
5012 5547
5227 5547
3839 5547
568 5547
5518 5547
5684 5547
4655 5547
4776 5547
2811 5547
310 5547
3695 5547
4369 5547
279 5547
7064 5547
340 5547
271 5548
3444 5548
1796 5548
3638 5548
5160 5548
1719 5548
3188 5548
8121 5548
4882 5548
7783 5548
8282 5548
2062 5548
2358 5548
8129 5548
4965 5548
6242 5548
1261 5548
8168 5548
4676 5549
2120 5549
6662 5549
6998 5549
3517 5549
4003 5549
6795 5549
5683 5549
1726 5549
4747 5549
6911 5549
5475 5549
1144 5549
5419 5549
4480 5549
1365 5550
1550 5550
271 5550
724 5550
2392 5550
5804 5550
838 5550
2735 5550
3615 5550
3310 5550
1718 5550
1277 5550
5881 5550
1075 5550
7962 5550
5900 5551
7933 5551
5438 5551
5694 5551
7929 5551
7468 5551
6267 5551
4241 5551
6249 5551
4874 5551
6951 5551
6592 5551
367 5552
3171 5552
7031 5552
686 5552
6966 5552
6982 5552
6156 5552
1726 5552
4236 5552
50 5552
1275 5552
1895 5552
5140 5552
4576 5552
3975 5552
1679 5552
2248 5552
3903 5552
1521 5552
7202 5552
5553 5553
8251 5553
136 5553
4446 5553
3415 5553
7843 5553
656 5553
1861 5553
5593 5553
8026 5553
144 5553
3280 5553
3095 5553
6276 5553
2691 5553
1336 5553
1927 5553
8102 5553
2048 5553
5134 5553
4675 5553
3086 5553
6812 5553
7092 5553
5501 5554
6792 5554
4669 5554
5497 5554
5436 5554
5538 5554
2411 5554
4618 5554
6339 5554
2004 5554
6382 5554
2008 5554
6801 5554
6025 5554
2807 5554
3242 5555
6716 5555
2676 5555
1828 5555
963 5555
343 5555
3888 5555
1594 5555
1047 5555
7852 5555
2300 5555
5659 5555
7535 5555
5556 5556
3305 5556
2776 5556
894 5556
321 5556
2395 5556
5262 5556
1374 5556
7095 5556
5130 5556
6487 5556
6649 5556
173 5556
4130 5556
2817 5556
3441 5556
3348 5556
2629 5556
3919 5557
3531 5557
2126 5557
3727 5557
3027 5557
3858 5557
2030 5557
3607 5557
6949 5557
3135 5557
3539 5557
2354 5557
3975 5557
494 5557
3828 5557
7514 5557
8252 5557
2692 5557
8159 5558
6686 5558
855 5558
8057 5558
2378 5558
7972 5558
7768 5558
4225 5558
5689 5558
3606 5558
5576 5558
6531 5558
7090 5558
6094 5558
6110 5558
2393 5558
4348 5559
5394 5559
1265 5559
3322 5559
2210 5559
2282 5559
3396 5559
1322 5559
3630 5559
5349 5559
1747 5559
3814 5559
4748 5559
2576 5559
5518 5560
6936 5560
2103 5560
3054 5560
2081 5560
2180 5560
4247 5560
6334 5560
7966 5560
1041 5560
6661 5560
2467 5560
8237 5560
6712 5560
3294 5561
1795 5561
5656 5561
2205 5561
5449 5561
3487 5561
633 5561
4732 5561
1498 5561
4979 5561
4636 5561
1281 5561
3378 5561
4808 5561
4122 5561
3973 5561
7983 5562
5202 5562
6656 5562
7441 5562
3021 5562
7296 5562
4017 5562
5439 5562
8220 5562
3680 5562
8218 5562
7108 5562
6519 5562
6757 5562
7575 5562
6211 5562
5221 5562
1403 5562
1758 5562
7066 5562
196 5563
5666 5563
2577 5563
1051 5563
4309 5563
2401 5563
5593 5563
1805 5563
365 5563
5125 5563
6758 5563
6601 5563
2854 5563
3036 5563
272 5563
8101 5564
2783 5564
709 5564
3333 5564
4274 5564
3853 5564
6094 5564
3872 5564
7056 5564
6474 5564
6011 5564
2389 5564
8186 5564
7725 5564
2608 5564
4837 5564
7618 5564
323 5564
6186 5564
6202 5564
4286 5564
1061 5564
216 5565
3365 5565
140 5565
4286 5565
4879 5565
3234 5565
692 5565
3237 5565
6453 5565
4467 5565
416 5565
4762 5565
5917 5565
2536 5565
2516 5565
213 5565
2763 5565
439 5565
2040 5566
4161 5566
2329 5566
6305 5566
348 5566
6473 5566
14 5566
7539 5566
6327 5566
6512 5566
7206 5566
7332 5566
6223 5566
7369 5566
5941 5567
1613 5567
4565 5567
4109 5567
3458 5567
6123 5567
5153 5567
7606 5567
534 5567
1560 5567
5817 5567
5006 5567
6075 5567
2088 5567
961 5567
6612 5568
5386 5568
3294 5568
668 5568
5700 5568
4268 5568
2037 5568
295 5568
2125 5568
2552 5568
7889 5568
3925 5568
7244 5568
1326 5568
3738 5569
5770 5569
3263 5569
3709 5569
824 5569
4603 5569
2019 5569
5850 5569
6357 5569
1964 5569
2807 5569
7514 5569
306 5569
1857 5569
393 5569
4398 5569
974 5569
686 5569
2116 5569
6118 5569
1245 5569
3007 5570
804 5570
1209 5570
1139 5570
6629 5570
4440 5570
5700 5570
2128 5570
2865 5570
1635 5570
616 5570
23 5570
1524 5570
7401 5570
6960 5571
6879 5571
4041 5571
4407 5571
6810 5571
1686 5571
8011 5571
3790 5571
2545 5571
1213 5571
7892 5571
7057 5571
8108 5571
3062 5571
2786 5571
7402 5572
8169 5572
4685 5572
5357 5572
5225 5572
7412 5572
3472 5572
5683 5572
5696 5572
8053 5572
7475 5572
3741 5572
5560 5572
7052 5572
2856 5572
1560 5572
996 5572
4228 5572
3953 5572
6667 5572
5202 5572
2979 5573
1011 5573
6187 5573
1002 5573
8210 5573
3824 5573
4727 5573
7719 5573
6389 5573
3465 5573
6168 5573
122 5573
2956 5573
4561 5573
7413 5573
1748 5573
4125 5573
508 5573
194 5573
6884 5573
7364 5573
6819 5574
1161 5574
4888 5574
6539 5574
6241 5574
5610 5574
6697 5574
1683 5574
2913 5574
3357 5574
7703 5574
5557 5575
559 5575
6072 5575
6903 5575
6465 5575
4253 5575
4498 5575
4263 5575
906 5575
7507 5575
6587 5575
8293 5575
5960 5575
167 5575
4705 5575
3623 5575
2017 5575
2401 5575
5883 5575
1492 5575
7637 5575
7161 5575
97 5575
7359 5575
4808 5576
8004 5576
7944 5576
4626 5576
1779 5576
4201 5576
1406 5576
1934 5576
2895 5576
549 5576
1731 5576
7242 5576
5096 5576
7554 5576
3382 5576
2828 5576
1877 5576
5236 5576
1217 5576
3134 5576
136 5576
2547 5576
6286 5576
5214 5576
4931 5576
6024 5576
6355 5576
4213 5576
8178 5577
4949 5577
7053 5577
1514 5577
1305 5577
1563 5577
1209 5577
2594 5577
6175 5577
4671 5577
719 5578
8284 5578
953 5578
5465 5578
4648 5578
2917 5578
4279 5578
315 5578
2344 5578
1425 5578
1130 5578
853 5578
4050 5578
5315 5578
6840 5578
4357 5578
4170 5578
990 5578
3656 5578
5579 5579
4698 5579
7374 5579
604 5579
6664 5579
7180 5579
6954 5579
763 5579
8029 5579
6202 5579
3352 5579
4916 5579
6050 5579
177 5580
6497 5580
1339 5580
5432 5580
4117 5580
4604 5580
2513 5580
8073 5580
2890 5580
6841 5580
4146 5580
3791 5580
4558 5580
5397 5580
5581 5581
3919 5581
2279 5581
7916 5581
357 5581
2580 5581
675 5581
5781 5581
3967 5581
6767 5581
5550 5581
8262 5581
5387 5581
3343 5581
6200 5581
2772 5581
5615 5581
1285 5581
8026 5582
5 5582
2736 5582
3919 5582
7019 5582
2355 5582
3590 5582
3554 5582
3380 5582
7652 5582
4800 5582
2895 5582
7679 5582
4675 5582
4502 5582
2738 5583
3350 5583
3232 5583
4961 5583
1880 5583
7889 5583
575 5583
787 5583
582 5583
7281 5583
1663 5583
5005 5584
793 5584
6845 5584
5834 5584
4512 5584
5584 5584
197 5584
2127 5584
7294 5584
3477 5584
1514 5584
7349 5584
4544 5584
6954 5584
8170 5584
1963 5584
1910 5584
4837 5584
1428 5584
7574 5584
2958 5584
7533 5584
1388 5584
6178 5584
39 5585
4706 5585
5838 5585
462 5585
5322 5585
561 5585
8046 5585
5162 5585
762 5585
21 5585
1551 5585
1414 5585
8183 5585
2785 5585
3176 5585
611 5585
2047 5586
852 5586
731 5586
7122 5586
6251 5586
2257 5586
4267 5586
4753 5586
8072 5586
4019 5586
4704 5586
6807 5586
961 5586
6091 5587
3327 5587
5137 5587
6607 5587
1411 5587
2010 5587
7364 5587
662 5587
2109 5588
7977 5588
1970 5588
5411 5588
3288 5588
5585 5588
5005 5588
1892 5588
1349 5588
6029 5588
2367 5588
5631 5588
4428 5588
6661 5588
3209 5589
2239 5589
3028 5589
7331 5589
1374 5589
523 5589
7148 5589
3623 5589
2272 5589
6757 5589
973 5589
6545 5589
4490 5589
1355 5589
6496 5589
1444 5589
1698 5589
4978 5590
54 5590
467 5590
1221 5590
3346 5590
3834 5590
7095 5590
3272 5590
3523 5590
289 5590
2359 5590
5231 5590
5521 5590
6989 5590
3982 5590
6210 5590
1231 5590
1263 5590
3342 5590
6195 5590
3079 5590
6702 5590
613 5590
5410 5591
6929 5591
2130 5591
6162 5591
4885 5591
6953 5591
4737 5591
2716 5591
3504 5591
4941 5591
7286 5591
2572 5591
5978 5591
7728 5591
2804 5591
7342 5592
5834 5592
6805 5592
4809 5592
859 5592
4983 5592
2150 5592
1674 5592
1971 5592
4234 5592
1235 5592
751 5592
6280 5592
3674 5592
343 5592
6985 5593
7512 5593
7756 5593
1593 5593
208 5593
1221 5593
5469 5593
6394 5593
4792 5593
920 5593
7121 5593
7927 5593
2736 5593
7552 5593
2036 5593
5568 5593
1744 5593
880 5593
5296 5593
3707 5593
2554 5593
5557 5593
2933 5593
7418 5593
3906 5593
5035 5594
2822 5594
1149 5594
3456 5594
6523 5594
1036 5594
1854 5594
3932 5594
2082 5594
305 5594
1837 5594
2870 5594
906 5594
7122 5594
5405 5594
3436 5594
4335 5595
6740 5595
1459 5595
3116 5595
1185 5595
2987 5595
4290 5595
1979 5595
531 5595
3656 5595
7883 5595
6743 5595
8078 5595
6577 5595
690 5595
3421 5595
5126 5595
3864 5595
8115 5595
1767 5595
3602 5595
5250 5596
7890 5596
4878 5596
7912 5596
4866 5596
3192 5596
4988 5596
1902 5596
3912 5596
6684 5596
7588 5596
6880 5596
6139 5596
7967 5596
105 5597
3850 5597
1124 5597
2791 5597
408 5597
4968 5597
1780 5597
4075 5597
4014 5597
1730 5597
6958 5597
1336 5597
7436 5597
1630 5597
2352 5598
7127 5598
177 5598
6572 5598
17 5598
5228 5598
7574 5598
1664 5598
5349 5598
7541 5598
3445 5598
2924 5598
6405 5599
6567 5599
8029 5599
1605 5599
6294 5599
1132 5599
5994 5599
3723 5599
2137 5599
3034 5599
7781 5599
1031 5599
4892 5599
1448 5599
1504 5599
8218 5599
5600 5600
2422 5600
616 5600
8159 5600
6009 5600
8279 5600
5766 5600
3320 5600
1989 5600
2804 5600
2704 5600
5232 5600
5801 5600
3332 5600
276 5601
5720 5601
1076 5601
1578 5601
4266 5601
2215 5601
4251 5601
7085 5601
85 5601
4264 5601
6305 5601
2217 5601
1699 5601
8269 5601
3856 5601
1701 5601
841 5602
6761 5602
1844 5602
208 5602
168 5602
6160 5602
2904 5602
4472 5602
7754 5602
2036 5602
3870 5602
1336 5602
7875 5602
6575 5602
2171 5602
4878 5603
1516 5603
5116 5603
7270 5603
7404 5603
891 5603
7215 5603
3406 5603
676 5603
2989 5603
327 5603
7845 5603
2043 5603
5700 5603
1435 5603
6545 5603
5310 5603
1346 5603
3209 5603
3940 5603
6535 5603
2246 5604
5537 5604
4369 5604
6713 5604
1834 5604
3307 5604
4004 5604
2909 5604
4695 5604
5043 5604
2816 5604
5150 5604
3652 5604
7731 5604
7792 5604
6540 5605
5018 5605
4165 5605
7468 5605
5041 5605
5989 5605
6234 5605
4889 5605
2430 5605
5454 5605
552 5605
1897 5606
4855 5606
4488 5606
2652 5606
6768 5606
4883 5606
6068 5606
6662 5606
4744 5606
3106 5606
5326 5606
337 5606
5089 5606
2835 5606
2231 5606
3602 5606
4717 5606
3305 5606
8114 5606
4936 5606
3304 5606
3127 5606
7898 5606
5607 5607
4110 5607
219 5607
3070 5607
3709 5607
426 5607
3870 5607
8295 5607
1995 5607
5006 5607
7297 5607
4075 5608
7741 5608
2776 5608
2580 5608
3772 5608
5239 5608
5681 5608
6264 5608
7429 5608
7969 5608
785 5608
4442 5608
2227 5608
6729 5608
480 5608
2669 5608
393 5608
5609 5609
1041 5609
3617 5609
7402 5609
497 5609
8219 5609
5658 5609
7031 5609
5599 5609
6813 5609
735 5609
444 5609
6540 5609
3250 5609
2530 5609
1936 5610
2433 5610
314 5610
5078 5610
2038 5610
4596 5610
181 5610
173 5610
737 5610
3788 5610
6234 5610
3631 5610
3446 5610
4802 5611
4502 5611
3861 5611
4899 5611
1027 5611
742 5611
1367 5611
7183 5611
462 5611
7614 5611
5345 5611
1779 5611
3544 5611
2713 5611
5168 5611
2260 5611
7027 5611
2373 5611
5038 5612
1188 5612
1265 5612
7800 5612
1177 5612
7912 5612
5688 5612
6416 5612
4526 5612
6966 5612
3898 5613
7437 5613
3027 5613
5387 5613
2349 5613
6441 5613
7030 5613
6802 5613
8032 5613
3929 5613
7617 5613
3123 5613
6819 5613
6495 5613
7598 5613
5009 5614
5772 5614
3836 5614
189 5614
7911 5614
3634 5614
5306 5614
5281 5614
4318 5614
7031 5614
5451 5614
525 5614
2148 5614
61 5614
2387 5614
5283 5614
6538 5614
638 5614
7687 5614
6285 5614
535 5614
1273 5614
854 5615
7778 5615
268 5615
1411 5615
3919 5615
3740 5615
2780 5615
802 5615
1791 5615
248 5615
7452 5615
374 5615
1118 5615
8129 5615
5516 5615
7075 5615
853 5615
5695 5616
3564 5616
4224 5616
7119 5616
1277 5616
7605 5616
6325 5616
5897 5616
197 5616
2753 5616
6877 5616
8004 5616
3431 5616
5221 5616
5281 5616
3473 5616
7073 5616
4530 5616
605 5616
2489 5617
1235 5617
757 5617
2392 5617
841 5617
8037 5617
3479 5617
2312 5617
2759 5617
2919 5617
1307 5617
402 5617
703 5617
6776 5618
1337 5618
6570 5618
4621 5618
4000 5618
6171 5618
869 5618
3214 5618
284 5618
6739 5618
3272 5618
3646 5618
5824 5618
8285 5618
4666 5619
5122 5619
6260 5619
4274 5619
8138 5619
6549 5619
4986 5619
4553 5619
860 5619
348 5619
7766 5619
1935 5619
2847 5619
7808 5620
6485 5620
7992 5620
4607 5620
3406 5620
7403 5620
5087 5620
5231 5620
3320 5620
4013 5620
5430 5620
2929 5620
6332 5620
51 5620
2172 5620
8244 5620
5371 5620
1118 5620
5667 5620
1559 5620
306 5620
119 5620
6039 5621
4639 5621
6200 5621
884 5621
7362 5621
1057 5621
3379 5621
2828 5621
7147 5621
1045 5621
2315 5621
1051 5621
2548 5621
7842 5621
7479 5621
3623 5621
293 5622
6661 5622
3454 5622
6557 5622
1337 5622
4722 5622
3182 5622
4278 5622
7286 5622
581 5622
2008 5622
173 5622
4172 5622
5215 5622
1997 5622
6364 5622
712 5622
3414 5622
7492 5622
7531 5622
737 5623
6373 5623
2403 5623
2935 5623
6084 5623
2550 5623
5799 5623
5701 5623
4238 5623
7294 5623
5896 5623
5109 5623
2585 5623
825 5623
1056 5623
4114 5623
3929 5623
6620 5624
4427 5624
6705 5624
6226 5624
7448 5624
737 5624
1434 5624
7914 5624
3563 5624
6761 5624
4965 5624
8292 5624
7818 5624
156 5624
6152 5624
2384 5625
2813 5625
6382 5625
1390 5625
6261 5625
556 5625
7608 5625
1549 5625
2237 5625
6720 5625
633 5625
4505 5625
3721 5625
1594 5625
182 5625
7678 5625
5716 5625
3551 5626
3846 5626
4876 5626
2710 5626
3056 5626
3967 5626
5834 5626
4976 5626
2287 5626
2281 5626
2421 5626
3015 5626
3147 5626
2949 5626
4388 5627
5151 5627
829 5627
2833 5627
3128 5627
3435 5627
5935 5627
2869 5627
8129 5627
6911 5627
2822 5627
2952 5627
3953 5627
3636 5627
6220 5627
5190 5627
7469 5627
642 5628
2392 5628
915 5628
6163 5628
4617 5628
315 5628
2759 5628
3085 5628
2911 5628
7123 5628
1311 5628
7730 5628
1956 5628
6898 5628
1764 5628
4587 5629
3478 5629
7690 5629
1895 5629
8186 5629
4003 5629
6607 5629
6682 5629
3505 5630
8286 5630
6798 5630
4596 5630
7132 5630
5552 5630
5678 5630
4381 5630
5329 5630
1811 5630
7002 5630
2120 5630
507 5630
7332 5630
4145 5630
6122 5631
637 5631
4874 5631
1204 5631
7727 5631
5964 5631
5481 5631
7036 5631
5773 5631
6949 5631
1749 5631
5294 5631
5816 5631
880 5631
1540 5631
6961 5631
341 5632
6976 5632
7173 5632
1923 5632
7932 5632
1403 5632
4669 5632
3837 5632
3891 5632
6344 5632
4981 5632
2483 5632
5513 5632
5803 5632
8280 5632
2909 5632
1002 5632
7914 5632
1055 5632
4496 5632
6156 5633
7433 5633
4930 5633
5621 5633
4060 5633
6755 5633
6437 5633
1664 5633
3704 5633
3989 5633
7846 5633
4253 5633
4821 5633
4564 5634
1347 5634
1613 5634
4178 5634
3105 5634
7902 5634
2097 5634
3219 5634
5826 5634
1548 5634
2292 5634
5185 5634
3267 5634
2670 5634
6946 5634
3135 5634
4637 5634
4666 5634
4521 5634
1003 5634
3935 5635
6614 5635
714 5635
4589 5635
1725 5635
1784 5635
5884 5635
7202 5635
1362 5635
6268 5635
1723 5635
1887 5635
3099 5635
6426 5636
508 5636
11 5636
7219 5636
4268 5636
4428 5636
1842 5636
1921 5636
7147 5636
485 5636
5754 5636
57 5636
6376 5637
2962 5637
7296 5637
4661 5637
1613 5637
1379 5637
2361 5637
4087 5637
7813 5637
3183 5637
8034 5637
933 5637
5852 5637
7206 5637
6398 5637
3251 5637
2290 5638
5897 5638
5718 5638
4167 5638
6241 5638
3353 5638
3990 5638
4532 5638
3081 5638
6251 5638
3545 5638
4125 5638
4851 5638
7243 5638
6858 5638
7036 5638
5983 5638
5951 5639
953 5639
7973 5639
5254 5639
6773 5639
6319 5639
5349 5639
5684 5639
5012 5639
2646 5639
5103 5639
8139 5639
1656 5640
7369 5640
8284 5640
4615 5640
4362 5640
4660 5640
8121 5640
4382 5640
3924 5640
769 5640
7255 5640
3541 5640
285 5640
1074 5640
3544 5640
5393 5640
6371 5640
5919 5640
7596 5640
1449 5640
4712 5641
8180 5641
5320 5641
183 5641
5936 5641
7933 5641
3306 5641
448 5641
3492 5641
3867 5641
2054 5641
7464 5641
7597 5641
7391 5641
2502 5641
2600 5641
7181 5641
1264 5641
3828 5642
3284 5642
5009 5642
7591 5642
3098 5642
5349 5642
1906 5642
5692 5643
5722 5643
1338 5643
1932 5643
1487 5643
6202 5643
8028 5644
2283 5644
1207 5644
434 5644
7577 5644
217 5644
7183 5644
1052 5644
7738 5644
896 5644
5419 5644
5041 5644
1188 5644
3286 5644
6778 5644
5866 5645
1774 5645
6945 5645
980 5645
6437 5645
726 5645
7743 5645
269 5645
5033 5645
1882 5645
7588 5645
4779 5645
488 5645
2283 5645
7678 5645
7352 5645
8123 5645
6837 5645
827 5645
1856 5646
5646 5646
3845 5646
2815 5646
5375 5646
7018 5646
2217 5646
7004 5646
6414 5646
7058 5646
2542 5646
