4065 5646
4572 5646
515 5646
1495 5646
2441 5647
4995 5647
1365 5647
377 5647
5839 5647
1132 5647
4248 5647
2040 5647
7546 5647
521 5647
992 5647
4213 5647
6260 5647
3345 5647
7712 5647
178 5647
5822 5647
4516 5647
4569 5647
1724 5647
1903 5647
3670 5648
5194 5648
6241 5648
3200 5648
3101 5648
2272 5648
2940 5648
1535 5648
6326 5648
4737 5649
4611 5649
5951 5649
5341 5649
7741 5649
4072 5649
3810 5649
5365 5649
2451 5649
3917 5649
3251 5649
2157 5649
4172 5649
3056 5649
7630 5649
6493 5649
6968 5649
5591 5649
595 5649
7299 5649
8197 5650
8070 5650
3045 5650
8095 5650
1305 5650
1959 5650
1035 5650
4079 5650
3028 5650
3483 5650
3905 5650
3679 5651
2099 5651
7940 5651
3373 5651
1924 5651
6413 5651
5136 5651
3591 5651
726 5651
5261 5651
3251 5651
361 5651
7875 5651
8037 5651
4254 5651
2477 5652
7319 5652
6575 5652
4662 5652
2171 5652
6976 5652
803 5652
6427 5652
2512 5652
5565 5652
856 5652
1023 5652
5794 5652
3889 5652
3383 5652
3537 5652
7350 5653
6077 5653
7271 5653
378 5653
7480 5653
6312 5653
7589 5653
7199 5653
1002 5653
487 5653
7342 5653
4860 5653
8092 5653
3218 5653
2361 5653
6912 5653
2065 5653
1987 5653
2122 5654
3562 5654
3059 5654
1892 5654
5272 5654
7143 5654
398 5654
148 5654
6294 5654
837 5654
1721 5654
1811 5654
4695 5654
5551 5654
1483 5655
2666 5655
5655 5655
8291 5655
6111 5655
7269 5655
7690 5655
2512 5655
4301 5655
7514 5655
3288 5655
991 5655
7128 5655
6773 5655
727 5655
171 5655
8009 5655
3003 5655
6751 5655
5137 5655
3855 5655
3880 5655
4854 5656
464 5656
6676 5656
6761 5656
5122 5656
7625 5656
7718 5656
6682 5656
2809 5656
1779 5656
568 5656
1216 5656
5986 5656
3230 5656
7480 5656
5201 5656
3778 5656
1382 5656
4746 5656
7011 5657
4977 5657
6072 5657
6000 5657
3551 5657
2359 5657
5751 5657
2310 5657
4862 5657
1746 5657
4481 5657
5983 5657
5264 5657
7551 5657
6359 5657
7215 5657
3671 5657
7576 5657
1272 5657
2661 5657
5061 5657
2293 5657
2629 5657
6663 5658
7383 5658
2332 5658
7797 5658
5914 5658
2851 5658
8187 5658
3523 5658
2781 5658
7465 5658
792 5658
4209 5658
6744 5658
3134 5658
450 5659
3306 5659
7298 5659
2803 5659
6972 5659
1615 5659
749 5659
3438 5659
4349 5659
2053 5659
3621 5659
961 5659
2828 5659
6709 5659
164 5659
7741 5659
5931 5659
5572 5660
7275 5660
2987 5660
3583 5660
2344 5660
6453 5660
3934 5660
1855 5660
3817 5660
5443 5660
3763 5660
2055 5660
6559 5660
1282 5660
997 5660
5947 5660
5056 5661
7547 5661
6081 5661
2076 5661
4973 5661
6824 5661
686 5661
1486 5661
5042 5661
1031 5661
2773 5661
4036 5662
154 5662
4980 5662
4325 5662
3967 5662
6523 5662
8205 5662
5199 5662
3090 5662
4199 5662
4010 5662
4594 5662
7996 5662
1663 5663
641 5663
7825 5663
1986 5663
7678 5663
4287 5663
1482 5663
1055 5663
8029 5663
2404 5663
2103 5663
4837 5663
7103 5663
1516 5663
384 5663
496 5663
7597 5663
7571 5663
6003 5663
2755 5663
7829 5664
7438 5664
3673 5664
8079 5664
30 5664
3542 5664
278 5664
5084 5664
3859 5664
6591 5664
3127 5664
2569 5664
3442 5664
7905 5664
4319 5664
6601 5664
2212 5664
5317 5665
5006 5665
6861 5665
4339 5665
5010 5665
2216 5665
5947 5665
7399 5665
3169 5665
6079 5665
7754 5665
2957 5665
7390 5665
6661 5665
2858 5665
6420 5665
7543 5665
3552 5665
2375 5665
6048 5666
6212 5666
504 5666
4804 5666
2938 5666
7637 5666
1308 5666
5157 5666
7883 5666
7949 5666
6412 5666
1463 5666
1457 5666
6479 5666
32 5666
6993 5666
4589 5666
3836 5666
2594 5666
5494 5666
4591 5666
5644 5667
2169 5667
3460 5667
5142 5667
7220 5667
5866 5667
2540 5667
1681 5667
5009 5667
6128 5667
4467 5667
6616 5667
3113 5667
1407 5667
4144 5667
2895 5667
5211 5667
1049 5667
1339 5667
3708 5667
6230 5667
7564 5667
2221 5668
5075 5668
1331 5668
2732 5668
1434 5668
4005 5668
8210 5668
149 5668
4815 5668
7077 5668
1770 5668
3316 5668
1487 5668
3791 5668
1411 5669
3889 5669
7762 5669
6078 5669
2775 5669
1730 5669
5738 5669
408 5669
985 5669
5473 5669
4603 5669
2829 5669
3339 5669
7535 5669
2377 5669
4648 5669
7163 5669
6794 5669
3780 5670
997 5670
5715 5670
4336 5670
5585 5670
1291 5670
1386 5670
5614 5670
5672 5670
6620 5670
318 5670
2012 5670
3547 5670
821 5670
5313 5670
3879 5670
8259 5670
1832 5670
6099 5670
5671 5671
347 5671
7169 5671
1125 5671
1163 5671
6241 5671
6212 5671
2515 5671
1708 5671
4927 5671
3958 5671
5227 5671
2403 5671
6605 5671
4740 5671
202 5671
1873 5671
4018 5671
5353 5671
5102 5671
7094 5671
340 5671
5464 5671
7534 5672
4850 5672
3035 5672
2867 5672
7680 5672
3102 5672
1449 5672
4899 5672
7992 5672
4597 5672
4575 5672
5255 5672
6246 5672
2186 5672
3201 5672
757 5672
1337 5673
82 5673
7412 5673
1709 5673
305 5673
3586 5673
3036 5673
4762 5673
3281 5673
7364 5673
6797 5673
4062 5673
5550 5673
5168 5673
996 5673
1118 5673
3462 5673
5108 5674
1999 5674
2329 5674
7791 5674
4117 5674
6406 5674
5117 5674
7745 5674
6960 5674
1978 5674
6646 5674
3850 5674
4875 5674
2652 5674
3346 5675
5184 5675
1234 5675
3009 5675
6177 5675
3041 5675
2659 5675
3228 5675
8028 5675
7183 5675
5545 5675
999 5675
7122 5675
144 5675
1754 5675
2104 5675
2126 5676
2864 5676
5798 5676
7940 5676
375 5676
7607 5676
4682 5676
2740 5676
7251 5676
7258 5676
6246 5676
522 5676
7725 5676
3544 5676
1125 5676
5497 5676
6974 5676
2929 5676
4434 5676
3081 5676
5058 5677
5677 5677
499 5677
3201 5677
605 5677
5530 5677
2423 5677
4193 5677
5527 5677
3560 5677
7271 5677
3127 5677
5704 5677
1338 5677
7133 5677
7533 5678
1061 5678
3930 5678
6307 5678
8174 5678
6702 5678
5958 5678
6246 5678
7645 5678
5031 5678
897 5678
1949 5678
3327 5678
2903 5679
2780 5679
4843 5679
4766 5679
2957 5679
3861 5679
460 5679
8084 5679
7090 5679
938 5679
7300 5679
1889 5679
759 5679
933 5679
4190 5679
1546 5679
3431 5680
2734 5680
3126 5680
5108 5680
1055 5680
2761 5680
7286 5680
2567 5680
8028 5680
3154 5680
395 5680
2829 5680
4003 5680
7665 5680
2938 5680
634 5680
2198 5680
3281 5680
4524 5680
6551 5680
7944 5681
6216 5681
957 5681
4829 5681
3422 5681
4554 5681
4793 5681
6122 5681
824 5681
5358 5681
3912 5681
3958 5681
1165 5681
2328 5681
1305 5681
1968 5681
5400 5681
5470 5681
4178 5681
2465 5681
4747 5681
3073 5681
1614 5681
2486 5682
3760 5682
1387 5682
4753 5682
6375 5682
1049 5682
6994 5682
6273 5682
1524 5682
721 5682
4722 5682
5341 5682
2877 5682
802 5682
5426 5682
8217 5682
4447 5683
1740 5683
6756 5683
6718 5683
991 5683
3721 5683
5113 5683
2013 5683
5195 5683
1643 5683
137 5683
7647 5683
6866 5683
2841 5683
6686 5684
7275 5684
4766 5684
5511 5684
1695 5684
4741 5684
1174 5684
1322 5684
6325 5684
2057 5684
2361 5684
75 5684
308 5685
4335 5685
3697 5685
2619 5685
4948 5685
6181 5685
4234 5685
4706 5685
5527 5685
1054 5685
2480 5685
106 5685
2315 5685
4590 5685
5896 5685
3658 5685
562 5685
2875 5685
725 5685
1187 5685
7493 5685
6356 5686
5022 5686
1769 5686
3837 5686
140 5686
1459 5686
318 5686
2490 5686
5844 5686
4511 5686
1435 5686
6107 5686
136 5686
187 5686
4242 5686
4481 5686
2018 5686
5309 5686
4660 5687
2804 5687
1890 5687
6656 5687
3245 5687
3935 5687
387 5687
6243 5687
1731 5687
7595 5687
4772 5687
1276 5687
6738 5688
1209 5688
6759 5688
6753 5688
169 5688
4668 5688
3179 5688
4788 5688
5077 5688
2225 5688
4710 5688
2847 5688
3627 5688
3695 5688
1546 5688
744 5688
5127 5688
7403 5688
1887 5688
6828 5688
3975 5688
3330 5688
7020 5689
8116 5689
1387 5689
5619 5689
5447 5689
4466 5689
7617 5689
3683 5689
3044 5689
4264 5689
762 5689
2509 5689
5935 5689
7614 5689
2016 5689
5055 5689
1074 5689
4685 5689
416 5689
6364 5689
6158 5689
7719 5690
6863 5690
4668 5690
4909 5690
1972 5690
2532 5690
4785 5690
3453 5690
5109 5690
6690 5690
3069 5690
6226 5690
8160 5690
1744 5690
7160 5691
3648 5691
5130 5691
7368 5691
7705 5691
4874 5691
2785 5691
5751 5691
5878 5691
2137 5691
4104 5691
6801 5691
1823 5691
1036 5691
3056 5691
4301 5691
2885 5691
1870 5692
7966 5692
5273 5692
3639 5692
2378 5692
6894 5692
1871 5692
7716 5692
6474 5692
7820 5692
7892 5692
7551 5692
6588 5692
7121 5692
7166 5692
896 5692
708 5693
2533 5693
1379 5693
6643 5693
7690 5693
3096 5693
6616 5693
2813 5693
2483 5693
5518 5693
613 5693
1729 5693
4853 5693
5990 5693
1524 5693
8162 5693
2649 5694
1719 5694
7977 5694
5631 5694
4716 5694
7543 5694
1890 5694
4521 5694
3604 5694
2084 5694
5208 5694
3564 5695
5720 5695
636 5695
7974 5695
5194 5695
8105 5695
2785 5695
6383 5695
2201 5695
8028 5695
3912 5695
6547 5695
7274 5695
1517 5695
499 5695
6356 5695
6164 5695
8057 5695
6708 5696
6175 5696
1692 5696
2337 5696
4232 5696
2550 5696
6962 5696
4213 5696
3141 5696
1145 5696
6457 5696
3371 5696
634 5696
6154 5696
1858 5696
6302 5696
241 5696
4250 5696
5963 5697
5982 5697
256 5697
4225 5697
5242 5697
6600 5697
3314 5697
2111 5697
2040 5697
7408 5697
7331 5697
1082 5697
4093 5697
2217 5697
797 5697
5172 5697
3576 5697
315 5697
4553 5698
1483 5698
5807 5698
277 5698
7405 5698
852 5698
4561 5698
4961 5698
3346 5698
3968 5698
597 5698
6895 5698
5258 5698
2549 5698
89 5698
1910 5698
768 5698
6246 5698
3350 5699
4242 5699
3756 5699
4023 5699
2777 5699
5285 5699
3684 5699
3253 5699
1410 5699
3748 5699
4413 5699
2929 5699
7664 5699
6145 5699
938 5699
1171 5699
5682 5700
618 5700
5241 5700
8218 5700
3152 5700
5958 5700
6851 5700
5497 5700
5739 5700
119 5700
4895 5700
7592 5700
4353 5700
2973 5701
1527 5701
603 5701
2085 5701
2688 5701
310 5701
1889 5701
7382 5701
4175 5701
922 5701
3413 5701
2281 5701
942 5702
2409 5702
5752 5702
7743 5702
6085 5702
7770 5702
3950 5702
6124 5702
6614 5702
7849 5702
622 5702
2277 5702
6350 5702
5513 5702
2915 5702
3226 5702
5027 5703
2844 5703
8263 5703
2206 5703
895 5703
1551 5703
7649 5703
7680 5703
4407 5703
7463 5703
5263 5703
7845 5703
7742 5703
5472 5704
910 5704
36 5704
223 5704
5354 5704
4645 5704
6475 5704
462 5704
853 5704
6681 5704
122 5704
3670 5704
2294 5704
1552 5704
4318 5704
4804 5704
6193 5704
4590 5704
1458 5704
4735 5704
6841 5704
7243 5704
8253 5704
2061 5705
5272 5705
5792 5705
6360 5705
1367 5705
4698 5705
2658 5705
1494 5705
5936 5705
5675 5705
5890 5705
7991 5705
1900 5705
4654 5705
202 5705
5555 5705
3739 5706
1408 5706
4573 5706
4413 5706
5714 5706
2714 5706
2604 5706
4626 5706
5615 5706
1949 5706
4472 5706
2004 5706
3888 5706
4676 5707
4926 5707
5721 5707
4195 5707
8073 5707
7022 5707
5468 5707
1112 5707
118 5707
581 5707
5834 5707
4019 5707
4825 5707
5351 5707
1678 5707
376 5707
4050 5707
5300 5707
348 5707
2351 5707
3288 5708
960 5708
1695 5708
4060 5708
5032 5708
7020 5708
6833 5708
5944 5708
893 5708
357 5708
1609 5708
4467 5708
6140 5708
3925 5709
7692 5709
1549 5709
4266 5709
1935 5709
1128 5709
225 5709
7711 5709
3523 5709
1369 5709
571 5709
4467 5709
786 5709
7130 5709
3515 5709
4351 5709
2704 5709
3940 5709
1668 5709
7452 5709
3142 5709
6269 5710
3314 5710
5744 5710
3767 5710
3785 5710
7539 5710
2676 5710
1693 5710
5016 5710
7861 5710
640 5710
895 5710
3837 5710
3180 5710
7164 5710
1497 5710
205 5710
2875 5710
3698 5710
7951 5710
4245 5711
3154 5711
2283 5711
1298 5711
272 5711
6684 5711
340 5711
5811 5711
1135 5711
6690 5711
2422 5711
228 5711
1175 5711
6073 5712
7854 5712
5004 5712
5209 5712
4382 5712
3322 5712
1463 5712
6150 5712
6343 5712
1233 5712
6158 5712
3963 5712
3058 5712
84 5712
3541 5712
4822 5712
5207 5712
7017 5712
7269 5712
4423 5712
271 5712
4271 5712
2744 5713
3585 5713
3967 5713
4476 5713
613 5713
1207 5713
6770 5713
1025 5713
7141 5713
136 5713
6840 5713
4950 5713
8070 5713
1187 5713
898 5714
2315 5714
2753 5714
7018 5714
3522 5714
2851 5714
7775 5714
1713 5714
2081 5714
5694 5714
7818 5714
3437 5714
6271 5714
7712 5715
8265 5715
295 5715
2473 5715
4265 5715
4781 5715
4121 5715
6410 5715
903 5715
6359 5715
7202 5716
4075 5716
6803 5716
5008 5716
7833 5716
1441 5716
5370 5716
5738 5716
1073 5716
7238 5716
2370 5716
3936 5716
2474 5716
2210 5716
4292 5716
2545 5717
4848 5717
535 5717
6656 5717
7139 5717
2696 5717
7550 5717
7808 5717
6506 5717
2813 5717
7251 5717
7253 5717
1026 5717
852 5717
1381 5717
467 5717
3303 5717
7815 5717
4349 5717
5569 5717
7277 5717
519 5717
7190 5718
763 5718
4980 5718
2371 5718
2698 5718
4042 5718
4825 5718
5141 5718
6633 5718
6989 5718
6914 5718
4610 5718
4224 5718
4711 5718
2097 5718
5491 5718
5098 5718
6943 5718
2828 5718
1460 5718
1719 5719
3463 5719
5498 5719
5598 5719
8197 5719
1387 5719
1408 5719
1054 5719
3223 5719
5837 5719
4065 5719
3477 5719
903 5719
119 5719
7927 5719
481 5719
200 5719
7995 5719
4870 5719
6146 5719
3969 5719
645 5719
7731 5719
310 5719
7341 5719
733 5720
4080 5720
3717 5720
5242 5720
2714 5720
3548 5720
2233 5720
5950 5720
6014 5720
6110 5720
4422 5720
3488 5720
5647 5720
5262 5720
1206 5720
518 5720
4318 5721
2275 5721
2637 5721
2608 5721
1885 5721
1546 5721
3958 5721
6732 5721
6923 5721
3565 5721
431 5721
6013 5721
5121 5721
5517 5721
8224 5721
5745 5721
3725 5722
2787 5722
4109 5722
5127 5722
3404 5722
6186 5722
4084 5722
5027 5722
2746 5722
1442 5722
5320 5722
811 5722
1302 5722
4024 5722
1452 5723
6075 5723
1752 5723
3098 5723
5775 5723
6557 5723
1594 5723
6022 5723
3400 5724
5724 5724
5230 5724
28 5724
2829 5724
5210 5724
75 5724
1771 5724
7937 5724
600 5724
1000 5724
5626 5724
7357 5724
2606 5725
5459 5725
7901 5725
4413 5725
499 5725
7110 5725
2006 5725
2796 5725
586 5725
5940 5725
6985 5725
6187 5725
1805 5725
1534 5725
7478 5725
6334 5725
6417 5725
6899 5725
4158 5725
1353 5725
929 5725
2013 5726
4625 5726
5726 5726
5593 5726
4076 5726
1370 5726
1997 5726
343 5726
692 5726
3994 5726
8103 5726
4530 5726
7123 5726
6460 5726
8172 5726
3392 5726
659 5726
5755 5726
7986 5726
4233 5727
7415 5727
8106 5727
4770 5727
2208 5727
3235 5727
2632 5727
3867 5727
4533 5727
3331 5727
963 5727
6540 5727
2520 5727
370 5727
7494 5727
821 5727
6572 5727
3883 5727
7811 5728
6431 5728
4039 5728
3247 5728
5314 5728
2175 5728
3167 5728
2982 5728
3670 5728
8075 5728
4807 5728
2714 5728
935 5728
7766 5728
1336 5728
5236 5728
8079 5728
2749 5728
5443 5728
1685 5729
1276 5729
275 5729
5938 5729
4362 5729
6216 5729
8054 5729
7637 5729
8020 5729
7294 5729
6523 5729
2072 5729
2809 5729
1868 5729
7638 5729
5894 5729
3743 5729
2512 5729
6267 5729
8281 5729
4947 5729
4194 5729
7130 5729
7159 5730
7086 5730
1006 5730
3396 5730
3357 5730
5621 5730
6229 5730
4892 5730
3473 5730
3985 5730
4492 5730
6319 5730
6833 5730
3212 5730
4950 5731
1077 5731
6691 5731
3905 5731
2707 5731
1740 5731
7730 5731
5734 5731
8145 5731
1846 5731
6822 5731
8190 5731
5709 5731
2222 5731
6801 5731
4812 5732
2204 5732
5092 5732
6177 5732
1134 5732
896 5732
84 5732
2477 5732
4570 5732
2425 5732
1953 5732
4269 5732
5988 5732
6684 5732
315 5732
7607 5732
1676 5732
5817 5732
6376 5732
4984 5732
2941 5732
7233 5732
5498 5732
5919 5732
553 5733
6085 5733
1425 5733
1246 5733
4918 5733
4140 5733
5396 5733
7802 5733
2001 5733
7972 5733
4137 5733
2877 5733
3222 5733
4619 5733
1015 5733
5182 5733
7856 5734
730 5734
1080 5734
1364 5734
280 5734
764 5734
733 5734
2138 5734
6483 5734
2479 5734
7811 5734
866 5734
2034 5734
2605 5734
5077 5734
6620 5734
1391 5734
1282 5734
1555 5734
1795 5734
1097 5735
3052 5735
1278 5735
1087 5735
378 5735
4790 5735
745 5735
4434 5735
5033 5735
5116 5735
4358 5735
7224 5735
3525 5735
8125 5735
734 5735
799 5735
3554 5735
4942 5735
2262 5735
3261 5736
6545 5736
1178 5736
5521 5736
5619 5736
1906 5736
2643 5736
405 5736
4264 5736
5360 5736
1562 5736
4350 5736
5080 5736
7975 5736
2776 5736
7475 5737
1656 5737
658 5737
1193 5737
6763 5737
1357 5737
8090 5737
4494 5737
6767 5737
5511 5737
3188 5737
5379 5737
5498 5737
1007 5737
7244 5737
7882 5737
3130 5737
4648 5737
4104 5738
6055 5738
550 5738
422 5738
3543 5738
4431 5738
2864 5738
597 5738
1509 5738
919 5738
7974 5738
3230 5738
1315 5738
2068 5738
1973 5738
6380 5738
169 5738
6673 5738
2268 5738
7695 5738
1529 5738
3502 5738
6142 5738
7448 5738
1815 5738
4825 5738
6633 5739
3165 5739
4908 5739
1142 5739
6425 5739
5912 5739
4524 5739
5696 5739
7237 5739
6434 5739
2523 5739
5286 5739
5048 5739
7290 5739
3500 5739
449 5739
3 5739
4549 5739
5710 5740
2215 5740
1011 5740
6625 5740
521 5740
3705 5740
7937 5740
929 5740
3954 5740
7592 5740
6716 5740
5428 5740
2679 5740
181 5740
3060 5740
7145 5740
4265 5741
2401 5741
5718 5741
4189 5741
1939 5741
4591 5741
4434 5741
6923 5741
6794 5741
5756 5741
7281 5741
1190 5741
3636 5741
2810 5742
6850 5742
781 5742
1894 5742
7808 5742
7727 5742
1264 5742
4776 5742
1825 5742
4949 5742
1179 5742
7621 5742
4746 5742
5482 5742
5679 5743
2652 5743
4950 5743
1277 5743
2770 5743
2574 5743
3599 5743
6676 5743
3005 5743
3834 5743
4039 5743
6653 5743
3938 5743
4209 5743
1897 5743
5976 5743
4450 5744
905 5744
1233 5744
2370 5744
1378 5744
4049 5744
2235 5744
2421 5744
3281 5744
2809 5744
6730 5744
3574 5744
6156 5744
4521 5744
3869 5744
6901 5744
640 5744
4782 5744
5082 5745
889 5745
6441 5745
2392 5745
5388 5745
7456 5745
7431 5745
7833 5745
344 5745
6911 5745
904 5745
6706 5745
6084 5745
4049 5746
6029 5746
364 5746
1472 5746
2376 5746
185 5746
3547 5746
2067 5746
6200 5746
3991 5746
5348 5746
3182 5746
6466 5746
5752 5746
5805 5746
5747 5747
7097 5747
4765 5747
1635 5747
6368 5747
2633 5747
3770 5747
2990 5747
7180 5747
3885 5747
5470 5747
3026 5747
4704 5747
4081 5747
7997 5747
7568 5747
3051 5748
4615 5748
3739 5748
3842 5748
3068 5748
311 5748
5554 5748
4644 5748
3008 5748
2942 5748
1769 5748
7726 5748
3088 5748
5480 5748
2242 5748
1509 5748
452 5748
4562 5748
6258 5748
4290 5748
1207 5748
1498 5748
7308 5749
5749 5749
5319 5749
5233 5749
7512 5749
4138 5749
438 5749
7107 5749
6353 5749
5981 5749
6729 5749
3027 5749
6887 5749
1133 5749
963 5749
7240 5750
5935 5750
5182 5750
2574 5750
278 5750
1756 5750
2701 5750
5266 5750
2016 5750
7158 5750
4110 5750
2475 5750
2036 5750
2621 5750
3735 5750
267 5750
4336 5751
3056 5751
2718 5751
1107 5751
6331 5751
5250 5751
7742 5751
4238 5751
3963 5751
7632 5751
6744 5751
1434 5751
4254 5751
2203 5751
518 5751
5253 5751
5119 5751
2090 5751
2696 5751
5751 5751
7652 5751
5148 5751
280 5752
543 5752
7577 5752
2359 5752
1229 5752
3244 5752
7260 5752
499 5752
7832 5752
6389 5752
2893 5752
1204 5752
7745 5753
4861 5753
331 5753
3971 5753
1972 5753
7401 5753
7902 5753
202 5753
3671 5753
7525 5753
6271 5753
5483 5753
7130 5754
3169 5754
6723 5754
3148 5754
2385 5754
5842 5754
4747 5754
1747 5754
6989 5754
3074 5754
7802 5754
3339 5754
7856 5754
829 5754
3791 5754
8178 5754
6685 5754
1691 5754
3165 5754
7155 5754
2228 5754
2953 5755
1113 5755
7330 5755
1788 5755
4763 5755
5569 5755
5212 5755
280 5755
6368 5755
178 5755
2153 5755
762 5755
3791 5755
1449 5755
6271 5755
3365 5755
3122 5755
2587 5755
1209 5755
938 5755
438 5755
5501 5755
2696 5755
7765 5755
4194 5756
1444 5756
4262 5756
8293 5756
5372 5756
1621 5756
1243 5756
2281 5756
686 5756
5564 5756
4530 5756
3281 5756
5085 5756
3405 5756
5778 5757
2378 5757
4877 5757
5310 5757
7738 5757
4604 5757
1897 5757
7882 5757
3296 5757
1911 5757
2274 5757
836 5757
2808 5757
7731 5758
278 5758
2536 5758
3226 5758
3763 5758
2495 5758
4724 5758
3907 5758
8078 5758
524 5758
2637 5758
7950 5758
3219 5759
5317 5759
5690 5759
6679 5759
1802 5759
5155 5759
3541 5759
2076 5759
5990 5759
2885 5759
4352 5759
4454 5759
7997 5759
1679 5759
4120 5759
4251 5759
5687 5759
308 5759
1304 5759
615 5760
5586 5760
4162 5760
4265 5760
7364 5760
1745 5760
2002 5760
8105 5760
5801 5760
8078 5760
8095 5760
3633 5760
7166 5760
85 5761
2018 5761
887 5761
2808 5761
1558 5761
7730 5761
3036 5761
6842 5761
6992 5761
593 5761
1703 5761
1051 5761
1630 5761
6288 5761
5890 5761
605 5761
4893 5761
4076 5761
7287 5761
8067 5761
3612 5761
1405 5761
6810 5761
791 5761
6953 5761
5945 5761
3445 5762
4006 5762
2480 5762
196 5762
7665 5762
2447 5762
3426 5762
1130 5762
8224 5762
3580 5762
2780 5762
942 5762
2540 5762
2945 5762
3461 5762
974 5762
5614 5762
5830 5762
6377 5762
4278 5762
7763 5762
2541 5762
730 5762
774 5762
613 5762
598 5763
5402 5763
4978 5763
2290 5763
8004 5763
3413 5763
5748 5763
6994 5763
309 5763
4554 5763
6200 5763
5443 5763
3540 5763
491 5763
2607 5763
5283 5764
5300 5764
4890 5764
4931 5764
3857 5764
25 5764
5097 5764
7788 5765
