1986 5765
2830 5765
4054 5765
5602 5765
8226 5765
5550 5765
7806 5765
5779 5765
4747 5765
2411 5765
3791 5765
241 5765
2570 5765
4735 5765
937 5765
3082 5765
3960 5765
961 5765
405 5766
4716 5766
7245 5766
4104 5766
7386 5766
7866 5766
889 5766
668 5766
5831 5766
7594 5766
4289 5766
8162 5766
5469 5766
2502 5766
4165 5766
105 5766
6668 5766
2968 5766
7629 5766
5783 5766
3695 5767
89 5767
5843 5767
5569 5767
4498 5767
1376 5767
7149 5767
7160 5767
3806 5767
5649 5767
6506 5767
3498 5767
5418 5767
1803 5767
5266 5767
4384 5767
1746 5767
2683 5767
4381 5767
3365 5767
6996 5767
7020 5767
6819 5768
1744 5768
6659 5768
7057 5768
5743 5768
8237 5768
7709 5768
3543 5768
4391 5768
1216 5768
5769 5769
3478 5769
2783 5769
4637 5769
4778 5769
222 5769
1808 5769
2377 5769
394 5769
1971 5769
2837 5769
5224 5769
5394 5769
4774 5769
929 5769
5446 5769
4191 5769
1066 5769
3567 5769
6165 5769
1765 5769
7799 5769
4039 5769
6391 5769
2968 5769
739 5770
4351 5770
4528 5770
5737 5770
4603 5770
3415 5770
5945 5770
6059 5770
3083 5770
8206 5770
5761 5770
7369 5770
1997 5770
1589 5770
5631 5770
2077 5770
6901 5770
4731 5770
7517 5770
8127 5770
7355 5771
5555 5771
5402 5771
271 5771
1497 5771
5075 5771
5058 5771
2089 5771
6079 5771
3725 5771
2764 5771
2319 5771
7028 5771
8089 5771
7788 5771
207 5771
5685 5772
3219 5772
6856 5772
2034 5772
6839 5772
675 5772
1857 5772
681 5772
8193 5772
4441 5772
4158 5772
7866 5772
550 5772
3912 5772
1636 5772
2804 5772
5832 5772
7986 5772
996 5772
6100 5773
1555 5773
715 5773
1450 5773
5885 5773
2855 5773
4930 5773
5216 5773
2377 5773
1291 5773
7507 5773
6539 5773
4250 5773
3990 5774
3193 5774
1740 5774
7029 5774
1000 5774
5317 5774
322 5774
640 5774
1842 5774
4885 5774
7711 5774
144 5774
7319 5774
6266 5774
6816 5774
6089 5774
3486 5774
5078 5775
6810 5775
3883 5775
3938 5775
425 5775
306 5775
2066 5775
3614 5775
483 5775
7482 5775
6812 5775
5032 5775
863 5775
7081 5775
7990 5775
1080 5775
3040 5775
5631 5775
4710 5775
1179 5775
3798 5775
6910 5776
4696 5776
6740 5776
115 5776
171 5776
1040 5776
4998 5776
5444 5776
269 5776
563 5776
1558 5776
6649 5776
2253 5776
7135 5776
1311 5777
5506 5777
5550 5777
4071 5777
8098 5777
7768 5777
7366 5777
6339 5777
865 5777
4881 5777
2866 5777
7181 5777
716 5777
7465 5778
3031 5778
2786 5778
2306 5778
3054 5778
1144 5778
4706 5778
4246 5778
1257 5778
5986 5778
5537 5778
1413 5778
7127 5778
4014 5778
4604 5778
1550 5779
4989 5779
2348 5779
604 5779
7638 5779
5072 5779
3691 5779
5272 5779
1558 5779
6032 5779
2207 5779
8293 5779
6361 5779
4941 5779
7115 5779
5333 5779
5303 5779
7518 5779
7412 5780
7562 5780
2765 5780
7741 5780
750 5780
452 5780
4732 5780
7435 5780
2233 5780
7498 5780
6832 5780
6123 5780
3622 5781
2269 5781
1327 5781
5533 5781
549 5781
4902 5781
2989 5781
8145 5781
5317 5782
1509 5782
7338 5782
7335 5782
2985 5782
499 5782
7392 5782
5637 5782
8054 5782
855 5782
4411 5782
1846 5782
4237 5782
6340 5782
3741 5782
1841 5782
5306 5782
5560 5782
4958 5782
6877 5782
4333 5782
1843 5782
5168 5782
1895 5783
4836 5783
6237 5783
1612 5783
6849 5783
4525 5783
33 5783
3604 5783
1198 5783
6416 5783
1230 5783
6842 5783
6675 5783
2229 5784
4826 5784
3798 5784
1051 5784
323 5784
1186 5784
9 5784
7061 5784
4445 5784
4380 5784
6139 5784
2384 5784
5501 5784
2283 5784
1849 5784
4324 5784
7722 5784
5253 5784
5924 5784
2868 5785
2292 5785
3555 5785
4488 5785
4826 5785
1298 5785
5587 5785
2915 5785
1927 5785
3009 5785
3190 5785
1459 5785
3085 5785
4545 5785
2800 5785
1892 5785
5537 5785
1787 5786
1964 5786
8016 5786
4280 5786
137 5786
6559 5786
7976 5786
3119 5786
7614 5786
2153 5786
6511 5786
5125 5786
1756 5786
1089 5786
7465 5787
838 5787
1240 5787
7128 5787
5068 5787
7538 5787
4682 5787
6039 5787
963 5787
174 5787
4125 5787
6212 5787
3747 5787
5044 5787
1407 5787
5499 5788
4183 5788
5788 5788
7092 5788
2775 5788
6022 5788
4193 5788
5258 5788
6913 5788
1816 5788
2362 5788
978 5788
7394 5788
3930 5788
3819 5788
921 5788
2853 5788
7951 5788
5683 5789
7120 5789
1060 5789
6470 5789
6368 5789
5785 5789
1000 5789
5031 5789
4075 5789
7873 5789
5155 5789
7142 5789
5790 5790
1445 5790
7383 5790
1934 5790
536 5790
1819 5790
3159 5790
4252 5790
1715 5790
5402 5790
2384 5790
7241 5790
2977 5790
4274 5790
6751 5790
7440 5790
3954 5790
804 5790
3888 5791
7593 5791
2527 5791
1959 5791
3813 5791
815 5791
3976 5791
7381 5791
3099 5791
3251 5791
7009 5791
5108 5791
5294 5791
5397 5791
5254 5791
5696 5791
3422 5792
5932 5792
3872 5792
7887 5792
1964 5792
350 5792
221 5792
4751 5792
4091 5792
2005 5792
8087 5792
4516 5792
6260 5792
7861 5792
3166 5792
5793 5793
2119 5793
1301 5793
3814 5793
3768 5793
2216 5793
6900 5793
2215 5793
337 5793
49 5793
936 5793
683 5793
3632 5793
3226 5793
4203 5793
757 5794
4569 5794
419 5794
2187 5794
5333 5794
7138 5794
5283 5794
8028 5794
4943 5794
5908 5794
8237 5794
7687 5794
4280 5794
3485 5794
232 5795
6039 5795
6833 5795
6114 5795
525 5795
1148 5795
5108 5795
7441 5795
3378 5795
4272 5795
1284 5795
2731 5795
6410 5795
7381 5795
2354 5795
4609 5795
7898 5795
5021 5795
4093 5795
7073 5795
5248 5795
5065 5795
3676 5796
4684 5796
2570 5796
4747 5796
854 5796
7882 5796
40 5796
5225 5796
1957 5796
893 5796
3302 5796
6913 5796
6625 5796
6801 5796
7332 5796
4041 5796
4272 5796
250 5797
1027 5797
3711 5797
2119 5797
4640 5797
6524 5797
302 5797
757 5797
3504 5797
2053 5797
2450 5797
5100 5797
7013 5797
7460 5797
6595 5797
3409 5797
7123 5797
3939 5797
4439 5797
6235 5798
7330 5798
5693 5798
2263 5798
2244 5798
1648 5798
5795 5798
2977 5798
230 5798
2212 5798
5183 5798
6228 5798
5234 5798
4397 5799
2198 5799
6169 5799
5899 5799
8169 5799
1805 5799
2051 5799
4897 5799
4071 5799
5686 5799
5165 5799
494 5799
7860 5799
5780 5799
3998 5799
3002 5799
1429 5799
4000 5799
6188 5799
7576 5800
5154 5800
5800 5800
4104 5800
2262 5800
1882 5800
5678 5800
4665 5800
4213 5800
5355 5800
2548 5800
6204 5800
4082 5800
7335 5800
2523 5800
4482 5800
6173 5801
3584 5801
5334 5801
655 5801
3964 5801
5004 5801
7538 5801
3837 5801
4919 5801
1574 5801
2894 5801
2403 5801
1392 5801
1621 5801
7978 5801
154 5801
4376 5801
5499 5802
3445 5802
6355 5802
7822 5802
6056 5802
1319 5802
7997 5802
7262 5802
2252 5802
5684 5802
3562 5802
3424 5802
3070 5802
6773 5802
6361 5803
4671 5803
2707 5803
3456 5803
5512 5803
6294 5803
4511 5803
6637 5803
2769 5803
797 5803
5674 5803
2670 5803
3081 5804
100 5804
469 5804
6026 5804
1042 5804
7197 5804
4657 5804
4114 5804
3331 5804
7461 5805
6570 5805
3879 5805
75 5805
3713 5805
3081 5805
4233 5805
3354 5805
1182 5805
5049 5805
7815 5805
6740 5805
4040 5805
442 5805
5907 5805
5534 5805
1144 5806
7302 5806
1542 5806
1136 5806
1917 5806
6417 5806
2536 5806
172 5806
3090 5806
1881 5806
4690 5806
3955 5807
3735 5807
2536 5807
3714 5807
3027 5807
3567 5807
4497 5807
7607 5807
7603 5807
8054 5807
4217 5807
5910 5807
640 5807
4520 5807
4550 5807
2967 5807
310 5807
4542 5807
2561 5807
5808 5808
5211 5808
663 5808
6095 5808
495 5808
4990 5808
5518 5808
8074 5808
3159 5808
4249 5808
2434 5808
4530 5808
254 5808
660 5808
3143 5808
6937 5808
5161 5808
2915 5808
646 5808
7001 5808
8124 5808
4409 5808
7437 5809
2547 5809
715 5809
2815 5809
4610 5809
4097 5809
2285 5809
4358 5809
4990 5809
32 5809
985 5809
803 5809
6183 5809
2244 5809
465 5809
1195 5809
5923 5810
4196 5810
6277 5810
1726 5810
4769 5810
1341 5810
5045 5810
3786 5810
2726 5810
2206 5810
3975 5810
5957 5810
2692 5810
6717 5810
7040 5811
2391 5811
2934 5811
4853 5811
7129 5811
1371 5811
6272 5811
3038 5811
5872 5811
6805 5811
3437 5811
2334 5811
5252 5811
6565 5811
2272 5811
6425 5811
5522 5812
4604 5812
4065 5812
3851 5812
7121 5812
5787 5812
6107 5812
7085 5812
364 5812
4193 5812
1031 5812
4014 5812
6901 5813
6076 5813
1829 5813
2533 5813
591 5813
6929 5813
1537 5813
2119 5813
2403 5813
4155 5813
680 5813
5101 5813
4492 5813
5907 5813
6664 5813
3780 5813
4121 5813
6361 5813
4524 5814
5078 5814
348 5814
8078 5814
109 5814
6080 5814
7693 5814
5363 5814
6756 5814
4179 5814
7229 5814
856 5814
3770 5814
6125 5814
6068 5814
5740 5814
1909 5814
4800 5814
5605 5814
5449 5814
6601 5815
2330 5815
488 5815
780 5815
4376 5815
2663 5815
4339 5815
156 5815
5 5815
2497 5815
492 5816
7975 5816
5478 5816
1215 5816
981 5816
5087 5816
934 5816
5352 5816
4537 5816
1756 5816
3946 5816
6879 5816
2933 5816
2710 5816
4645 5816
1567 5816
7535 5816
6207 5816
595 5816
6234 5816
3295 5816
2467 5816
3194 5816
6621 5816
2282 5816
3800 5816
8125 5817
400 5817
5684 5817
296 5817
3717 5817
1045 5817
3170 5817
4317 5817
149 5817
610 5817
5867 5818
2780 5818
5767 5818
719 5818
4161 5818
7186 5818
5279 5818
426 5818
6565 5818
4185 5818
3891 5818
4979 5818
192 5818
6642 5818
8095 5818
4669 5818
3081 5818
2256 5819
2281 5819
4093 5819
1479 5819
3504 5819
7701 5819
7158 5819
7596 5819
2143 5819
3346 5820
3753 5820
5716 5820
4790 5820
2349 5820
855 5820
376 5820
3646 5820
6547 5820
2280 5820
6831 5820
6273 5820
1285 5821
402 5821
340 5821
1892 5821
5932 5821
7486 5821
2355 5821
7398 5821
1109 5821
6514 5821
6899 5821
68 5821
5252 5821
4769 5821
5459 5821
3922 5821
5736 5821
8186 5821
3154 5821
1723 5822
1626 5822
8105 5822
3984 5822
3882 5822
2875 5822
7357 5822
7914 5822
6327 5822
7629 5822
3513 5822
3478 5823
739 5823
7829 5823
6784 5823
331 5823
416 5823
6433 5823
7381 5823
3383 5823
8289 5823
3040 5823
5102 5823
6893 5823
6116 5823
5690 5823
6144 5823
5139 5823
8217 5823
3074 5823
5501 5823
659 5823
6048 5823
3003 5823
7172 5823
3814 5823
6354 5823
8257 5824
3492 5824
2288 5824
6680 5824
4233 5824
2403 5824
6080 5824
6856 5824
6611 5824
6575 5824
2514 5824
3930 5824
5824 5824
1784 5824
1857 5824
883 5824
5940 5824
6246 5825
1386 5825
1357 5825
7132 5825
2643 5825
3842 5825
1635 5825
4550 5825
4491 5825
7523 5825
4609 5825
3060 5825
8010 5825
2031 5825
319 5825
2815 5825
6909 5825
2423 5825
4104 5825
223 5825
8165 5825
6594 5825
5310 5826
7413 5826
1728 5826
3657 5826
815 5826
2409 5826
2410 5826
1913 5826
6013 5826
4610 5826
2814 5826
1681 5826
811 5826
1472 5826
4102 5826
956 5826
3515 5826
5827 5827
5045 5827
7271 5827
7415 5827
2893 5827
7193 5827
864 5827
381 5827
6059 5827
854 5827
1230 5827
6746 5827
3063 5827
4142 5828
6132 5828
3554 5828
2208 5828
5150 5828
5377 5828
2661 5828
2411 5828
3631 5828
2752 5828
982 5828
7613 5828
1382 5829
4029 5829
4558 5829
59 5829
7412 5829
2183 5829
4866 5829
3290 5829
2647 5829
6969 5829
1349 5829
5974 5829
5946 5829
8279 5830
2973 5830
2233 5830
4278 5830
7726 5830
5038 5830
5824 5830
7717 5830
1307 5830
6565 5830
900 5830
5108 5830
1822 5830
367 5830
2217 5830
2786 5830
5439 5830
3748 5830
3554 5830
5732 5830
622 5830
1293 5831
4521 5831
4397 5831
5265 5831
920 5831
4387 5831
4221 5831
6043 5831
4151 5831
7976 5831
2442 5831
5814 5831
2845 5831
4050 5832
4900 5832
1526 5832
216 5832
467 5832
5909 5832
450 5832
6916 5832
1474 5832
737 5832
7410 5832
3566 5832
5833 5833
1698 5833
1749 5833
6171 5833
4593 5833
722 5833
4561 5833
6984 5833
659 5833
5042 5833
7333 5833
3552 5833
1669 5833
3235 5833
3964 5833
2065 5833
6605 5833
6676 5833
149 5833
753 5833
7512 5833
364 5833
8263 5833
3052 5833
492 5833
1364 5833
833 5834
2680 5834
3383 5834
494 5834
3723 5834
7119 5834
1648 5835
7546 5835
4881 5835
777 5835
6969 5835
1319 5835
7342 5835
4064 5835
466 5835
8195 5835
4018 5835
5714 5835
2448 5835
2698 5835
2772 5835
2178 5835
2318 5835
953 5836
7860 5836
7192 5836
6971 5836
991 5836
1509 5836
5404 5836
3320 5836
4247 5836
3583 5836
2383 5836
3635 5836
5047 5836
3791 5836
1140 5836
2734 5836
7129 5837
5278 5837
841 5837
126 5837
2852 5837
3976 5837
2360 5837
4725 5837
8282 5837
2725 5837
3783 5837
4434 5837
2010 5837
1449 5837
3460 5837
8230 5838
2272 5838
294 5838
2135 5838
2915 5838
6429 5838
1994 5838
3436 5838
6538 5838
7753 5838
4727 5838
3406 5838
6625 5838
3222 5838
4847 5838
8046 5838
3673 5838
5716 5838
6361 5839
7343 5839
5026 5839
3723 5839
3858 5839
6702 5839
4145 5839
6158 5839
2308 5839
750 5839
274 5839
5744 5839
1462 5839
3396 5839
2399 5839
883 5839
3327 5839
5189 5840
618 5840
6224 5840
134 5840
5757 5840
3862 5840
2867 5840
3787 5840
2067 5840
4231 5840
4509 5840
2893 5840
7590 5840
1821 5840
2653 5840
347 5840
5787 5840
2962 5841
3922 5841
5411 5841
6467 5841
5583 5841
3047 5841
2332 5841
1997 5841
2148 5841
1561 5841
4505 5841
1563 5841
52 5841
4773 5841
8078 5841
5225 5842
4725 5842
825 5842
4963 5842
3445 5842
2206 5842
4778 5842
5925 5842
4357 5842
7634 5842
990 5842
4366 5842
1472 5842
7714 5842
1601 5842
7321 5842
6969 5842
3086 5842
7323 5842
4107 5842
149 5843
804 5843
6576 5843
5038 5843
7791 5843
5036 5843
5085 5843
6254 5843
6734 5844
2831 5844
2716 5844
2761 5844
4430 5844
7849 5844
7859 5844
2973 5844
4108 5844
5419 5844
1554 5844
3416 5844
5965 5844
8195 5844
3165 5844
8286 5845
7820 5845
2332 5845
5845 5845
2654 5845
4578 5845
1245 5845
718 5845
2670 5845
8174 5845
1300 5845
3638 5845
5682 5845
106 5845
5140 5845
2556 5845
5846 5846
5239 5846
2276 5846
704 5846
7754 5846
2451 5846
2746 5846
1063 5846
7578 5846
7538 5846
7237 5846
2828 5846
400 5846
3032 5846
8221 5846
8244 5846
7878 5846
4143 5846
2542 5846
568 5846
1413 5847
4604 5847
4835 5847
1816 5847
7649 5847
6687 5847
2888 5847
2532 5847
5554 5847
2401 5847
6457 5847
8017 5847
2831 5847
5044 5847
1148 5848
5119 5848
2109 5848
918 5848
7621 5848
302 5848
8100 5848
444 5848
5740 5848
6331 5848
3683 5848
347 5848
2447 5848
402 5848
3174 5848
6801 5848
6264 5848
4912 5848
718 5848
5221 5848
3949 5848
1870 5849
7478 5849
2324 5849
7646 5849
1762 5849
3980 5849
4619 5849
5852 5849
597 5849
1263 5849
4179 5849
1308 5849
3960 5849
7960 5849
5824 5849
5498 5849
3580 5849
8124 5850
8289 5850
4356 5850
4134 5850
3300 5850
6056 5850
8054 5850
3414 5850
6590 5850
5807 5850
7299 5850
4267 5850
905 5850
7819 5850
4013 5850
3397 5850
5851 5851
6594 5851
2536 5851
1974 5851
1521 5851
2814 5851
4274 5851
6627 5851
6545 5851
7040 5851
7586 5851
971 5852
6933 5852
21 5852
1338 5852
2163 5852
4225 5852
6615 5852
4498 5852
1387 5852
5131 5852
391 5852
3444 5852
5807 5853
4146 5853
6962 5853
2680 5853
1082 5853
5518 5853
5920 5853
833 5853
1175 5853
5890 5853
2036 5853
4245 5853
4918 5853
6104 5853
1678 5853
217 5854
4540 5854
967 5854
2611 5854
5704 5854
7341 5854
6333 5854
940 5854
5463 5854
7429 5854
5880 5854
4938 5854
7995 5854
1865 5854
322 5854
6647 5855
3293 5855
4727 5855
5366 5855
5415 5855
7864 5855
5285 5855
3104 5855
6549 5855
4950 5855
4212 5855
4844 5855
712 5855
5388 5855
403 5855
2451 5856
1113 5856
682 5856
6356 5856
82 5856
8220 5856
3031 5856
4064 5856
3877 5856
6718 5856
7447 5856
106 5856
5684 5857
1445 5857
6376 5857
2148 5857
5155 5857
4783 5857
8252 5857
856 5857
4395 5857
4340 5857
4388 5857
1947 5857
516 5857
7426 5857
4741 5857
2694 5857
734 5857
2140 5857
2963 5858
4454 5858
2868 5858
3333 5858
197 5858
6228 5858
5036 5858
4746 5858
6087 5858
3615 5858
5062 5858
605 5859
8124 5859
4356 5859
5404 5859
500 5859
1409 5859
4064 5859
7916 5859
1692 5859
8106 5859
6144 5859
533 5859
2672 5859
2133 5859
6769 5859
1843 5860
2744 5860
5469 5860
2489 5860
4989 5860
7011 5860
5214 5860
2647 5860
6824 5860
7277 5860
299 5860
8259 5860
1381 5860
5297 5860
4439 5860
1756 5860
4702 5861
4545 5861
2082 5861
4079 5861
2744 5861
7539 5861
4137 5861
3974 5861
2318 5861
241 5861
2183 5861
5117 5861
6087 5861
3432 5861
1041 5861
993 5861
3740 5861
5165 5861
4551 5861
3859 5861
4107 5861
1097 5861
7225 5861
1536 5861
1392 5861
7066 5861
4841 5862
1269 5862
144 5862
365 5862
7013 5862
3879 5862
4695 5862
7582 5862
1051 5862
2968 5862
3717 5863
1935 5863
5572 5863
1206 5863
5944 5863
4070 5863
5117 5863
7741 5863
4892 5863
6697 5863
1260 5863
8195 5863
4013 5863
7725 5863
343 5863
442 5863
1668 5863
1400 5863
935 5863
8115 5863
5131 5863
5367 5863
5576 5863
6903 5864
4375 5864
7866 5864
6146 5864
5945 5864
6701 5864
6803 5864
8045 5864
4956 5864
6187 5864
7651 5864
331 5864
5524 5864
5720 5864
3718 5864
6877 5864
5511 5864
918 5864
2203 5865
6735 5865
1657 5865
5925 5865
5446 5865
803 5865
4181 5865
2872 5865
3218 5865
1308 5865
7038 5865
3211 5865
2759 5865
2642 5865
1218 5865
1971 5865
2009 5866
5792 5866
3472 5866
2891 5866
479 5866
5569 5866
4563 5866
6909 5866
1005 5866
3092 5866
1915 5866
127 5866
5285 5866
5342 5866
1174 5866
5335 5866
4377 5866
7390 5866
5050 5866
7046 5866
377 5867
8291 5867
7727 5867
4669 5867
6108 5867
2548 5867
4039 5867
1760 5867
6331 5867
1601 5867
6156 5867
6078 5867
2844 5867
7428 5868
4247 5868
3741 5868
797 5868
4180 5868
1190 5868
3287 5868
98 5868
4042 5868
6780 5868
4835 5868
3999 5868
2067 5868
6696 5868
7914 5868
4850 5868
7247 5868
2150 5868
645 5868
1365 5868
172 5868
2963 5868
6357 5869
6699 5869
4627 5869
1550 5869
1806 5869
5154 5869
6430 5869
7593 5869
2879 5869
3400 5869
5621 5870
6150 5870
4883 5870
1341 5870
715 5870
3332 5870
7514 5870
1841 5870
2263 5870
5816 5870
3640 5870
5452 5870
4727 5870
3386 5870
3588 5870
6188 5870
4276 5870
3574 5871
4537 5871
2754 5871
5073 5871
3122 5871
3436 5871
5101 5871
4942 5871
7479 5871
7116 5871
636 5871
5973 5871
3903 5871
6719 5871
683 5871
3015 5871
5391 5871
3435 5871
1516 5872
6112 5872
7408 5872
5547 5872
780 5872
1184 5872
6662 5872
5027 5872
7669 5872
7916 5872
5873 5873
3551 5873
1691 5873
2222 5873
6264 5873
495 5873
2835 5873
4837 5873
6073 5873
7593 5873
3398 5873
2104 5873
3099 5873
6853 5873
3251 5873
3496 5874
3836 5874
2228 5874
8244 5874
6844 5874
6740 5874
7073 5874
5641 5874
4282 5874
5028 5874
269 5874
7396 5874
7387 5874
7143 5874
3048 5874
6994 5874
4694 5874
8132 5874
69 5874
6647 5874
4925 5874
3229 5874
3991 5874
2870 5874
5652 5874
1073 5874
2569 5874
5544 5874
7711 5874
3804 5875
1814 5875
7083 5875
5946 5875
3801 5875
1987 5875
1129 5875
1076 5875
3868 5875
6383 5875
6705 5875
8172 5875
7698 5875
2856 5875
1313 5875
1657 5875
1151 5876
289 5876
2967 5876
170 5876
2006 5876
8282 5876
6714 5876
8080 5876
4162 5876
7086 5876
6858 5876
5576 5876
5430 5876
2569 5876
5025 5876
4029 5877
540 5877
655 5877
3485 5877
4010 5877
39 5877
5389 5877
2113 5877
4237 5877
4236 5877
4313 5877
1662 5877
2910 5877
885 5877
3329 5877
5548 5877
5227 5877
7541 5877
956 5878
5347 5878
4012 5878
7573 5878
6661 5878
7716 5878
5781 5878
4360 5878
5885 5878
5792 5878
4104 5878
7287 5878
2222 5878
2373 5879
7827 5879
3240 5879
6621 5879
1463 5879
4119 5879
2475 5879
6364 5879
4179 5879
3289 5879
497 5879
1159 5879
2400 5879
5843 5879
1657 5879
6661 5879
1718 5879
4854 5879
4039 5879
7020 5879
1171 5880
8192 5880
5807 5880
802 5880
6803 5880
3912 5880
5155 5880
3256 5880
3180 5880
2718 5880
1479 5880
3513 5880
7183 5880
3413 5880
151 5880
7800 5880
2175 5880
1814 5881
3873 5881
551 5881
7224 5881
2391 5881
5133 5881
4836 5881
5314 5881
4100 5881
6552 5881
1825 5881
5908 5881
1175 5881
1489 5881
3571 5881
1749 5881
956 5881
6890 5882
449 5882
7163 5882
2306 5882
3565 5882
7177 5882
5765 5882
4315 5882
704 5882
6694 5882
434 5882
4694 5882
2891 5882
8067 5882
5720 5882
1797 5882
2470 5882
5161 5883
8072 5883
410 5883
2865 5883
7559 5883
7793 5883
3016 5883
8133 5884
1731 5884
6031 5884
6354 5884
5038 5884
8172 5884
1564 5884
6961 5884
2254 5884
2272 5884
8124 5884
2384 5884
3793 5884
2988 5884
4231 5884
7296 5884
370 5884
7920 5884
2225 5884
2932 5884
5679 5884
5126 5884
375 5884
5935 5884
6406 5884
2280 5884
6618 5885
5315 5885
2047 5885
3478 5885
1725 5885
905 5885
5978 5885
5636 5885
4690 5885
3082 5885
387 5885
8231 5885
5886 5886
3602 5886
7701 5886
5885 5886
478 5886
1534 5886
7682 5886
6820 5886
221 5886
8002 5886
2636 5886
2145 5886
1830 5886
1996 5886
3892 5886
1367 5886
241 5887
610 5887
7892 5887
2172 5887
6691 5887
1704 5887
1815 5887
3039 5887
7698 5887
4236 5887
3741 5887
389 5888
4718 5888
6689 5888
1939 5888
894 5888
4340 5888
7843 5888
4550 5888
2097 5888
189 5888
3825 5888
6641 5888
4711 5888
4948 5888
204 5888
3243 5888
343 5888
5281 5888
73 5888
4871 5888
6326 5888
7840 5889
