610 5889
7960 5889
1073 5889
6201 5889
1842 5889
7836 5889
3644 5889
2755 5889
343 5889
5766 5889
5217 5889
7580 5889
4408 5889
5338 5889
1461 5889
5685 5889
2400 5889
5636 5889
5006 5890
2550 5890
5670 5890
2239 5890
7950 5890
3237 5890
7448 5890
3547 5890
2240 5890
3814 5890
3383 5890
797 5890
306 5890
502 5890
50 5890
1340 5891
5596 5891
5891 5891
294 5891
5149 5891
6811 5891
1684 5891
6179 5891
5035 5891
3832 5891
1781 5891
2088 5891
5004 5891
1889 5892
3938 5892
8066 5892
1704 5892
7624 5892
5718 5892
5678 5892
2483 5892
5044 5892
3950 5892
7692 5892
7070 5892
5804 5892
6642 5892
1308 5892
6361 5892
487 5892
3464 5892
820 5892
5575 5892
1105 5893
5940 5893
2895 5893
731 5893
1132 5893
3651 5893
1830 5893
1999 5893
940 5893
7040 5893
7138 5893
6784 5893
7837 5893
5248 5893
5792 5893
4775 5893
2974 5893
3531 5893
3106 5893
2958 5893
5560 5894
4136 5894
3062 5894
3614 5894
1723 5894
7202 5894
3895 5894
779 5894
2618 5894
3487 5894
4141 5894
253 5894
4626 5894
2313 5894
3646 5895
1542 5895
6731 5895
1370 5895
8154 5895
4376 5895
4324 5895
974 5895
3052 5895
4877 5895
2283 5895
5155 5895
375 5895
7722 5895
6255 5895
3407 5895
340 5895
2013 5896
6106 5896
5410 5896
6060 5896
495 5896
6733 5896
1516 5896
450 5896
2711 5896
4041 5896
3929 5896
6962 5896
2900 5896
2328 5896
1835 5896
393 5896
8005 5896
7429 5896
6729 5897
8251 5897
425 5897
3234 5897
6744 5897
6945 5897
5924 5897
3499 5897
6156 5897
3235 5897
2062 5897
855 5897
7525 5897
5624 5897
1381 5897
4788 5897
2595 5898
2344 5898
822 5898
2852 5898
7260 5898
3296 5898
6937 5898
2911 5898
2004 5898
2637 5898
2890 5898
5688 5898
4274 5898
4082 5898
4604 5898
1263 5898
6238 5899
7343 5899
6650 5899
4358 5899
5801 5899
5778 5899
1630 5899
272 5899
6056 5899
6068 5899
1296 5899
3827 5899
659 5899
6550 5899
4525 5899
623 5899
1788 5899
4356 5899
5335 5900
3312 5900
2425 5900
1518 5900
500 5900
276 5900
6913 5900
7574 5900
5157 5900
2088 5900
1445 5900
4265 5900
2208 5900
7967 5900
4040 5900
377 5900
4586 5900
1133 5900
8258 5900
3732 5900
6822 5901
2760 5901
6473 5901
7033 5901
5974 5901
6715 5901
5632 5901
2423 5901
76 5901
8089 5901
7898 5901
3700 5901
3044 5901
894 5901
750 5901
6751 5901
7378 5902
3753 5902
2735 5902
5176 5902
5752 5902
5183 5902
6477 5902
4265 5902
7255 5902
4835 5902
2445 5902
2977 5902
213 5902
6124 5902
4890 5902
7343 5902
8291 5902
2333 5902
4775 5902
4708 5902
6682 5902
5452 5902
160 5902
30 5902
8133 5902
141 5902
1901 5902
6569 5903
7618 5903
2694 5903
5186 5903
6610 5903
480 5903
221 5903
2894 5903
6404 5903
1067 5903
5866 5903
7749 5903
7682 5903
2433 5903
4826 5903
2422 5903
7383 5903
5884 5903
7577 5903
6588 5903
4202 5903
455 5903
4167 5904
7384 5904
399 5904
5010 5904
717 5904
4282 5904
4735 5904
5283 5904
6403 5904
1240 5904
7904 5904
3548 5904
6962 5904
8086 5905
4929 5905
5263 5905
5737 5905
983 5905
4989 5905
3539 5905
2723 5905
6403 5905
6467 5905
2051 5905
1357 5905
2283 5905
4459 5906
6822 5906
4804 5906
3269 5906
5816 5906
3806 5906
6687 5906
2198 5906
5116 5906
5543 5906
7894 5906
7544 5906
7013 5907
452 5907
8210 5907
57 5907
3574 5907
270 5907
8180 5907
3828 5907
8120 5907
6003 5907
1542 5907
1108 5907
4837 5907
5992 5907
6058 5907
7355 5907
2161 5907
999 5908
8028 5908
3977 5908
1746 5908
6009 5908
7237 5908
7832 5908
420 5908
6501 5908
4857 5908
6574 5908
3129 5908
8044 5908
6803 5908
433 5908
1295 5908
915 5909
3998 5909
3748 5909
4450 5909
5917 5909
6359 5909
1184 5909
7176 5909
6579 5909
3486 5909
7357 5909
7736 5910
2861 5910
4665 5910
2736 5910
6397 5910
4309 5910
738 5910
5049 5910
2100 5910
7511 5910
2110 5910
3333 5910
6760 5910
3391 5910
1338 5910
7246 5910
3008 5910
1563 5911
4853 5911
1953 5911
2574 5911
4785 5911
3107 5911
3636 5911
5453 5911
7600 5911
4977 5911
8000 5911
7398 5911
5613 5911
601 5911
4582 5911
4790 5911
4458 5911
4791 5911
283 5911
2522 5911
4776 5911
7381 5912
7580 5912
3353 5912
793 5912
6794 5912
7695 5912
5156 5912
2885 5912
2365 5912
1263 5912
6360 5912
7943 5912
656 5912
3207 5912
3232 5912
769 5912
6650 5912
4785 5912
2436 5912
2413 5913
3882 5913
5044 5913
3651 5913
6465 5913
7213 5913
4731 5913
2853 5913
1140 5913
7155 5913
7435 5913
4525 5913
6284 5914
675 5914
6376 5914
2557 5914
4433 5914
5515 5914
266 5914
7294 5914
739 5914
3212 5914
7703 5914
7189 5914
7487 5914
825 5914
6664 5914
1455 5914
8251 5915
4822 5915
553 5915
2325 5915
2899 5915
6227 5915
3591 5915
1867 5915
2762 5915
1302 5915
2008 5915
1529 5915
5212 5915
154 5916
853 5916
5574 5916
6970 5916
722 5916
4324 5916
4167 5916
4558 5916
5587 5916
6410 5916
740 5916
629 5916
1828 5916
3616 5916
3580 5916
1939 5916
779 5917
2352 5917
665 5917
2580 5917
3052 5917
103 5917
6695 5917
1157 5917
1882 5917
7752 5917
7378 5917
3523 5917
7176 5917
2830 5917
6268 5917
2459 5918
3250 5918
5523 5918
500 5918
4173 5918
1221 5918
3034 5918
6858 5918
3099 5918
6912 5918
6035 5918
3742 5918
7531 5918
3948 5918
7668 5918
2481 5918
6615 5918
4447 5918
7359 5918
7678 5918
4877 5919
4247 5919
4587 5919
4404 5919
1567 5919
3584 5919
7061 5919
6844 5919
4151 5919
2723 5919
357 5919
2200 5919
7466 5919
2467 5919
6714 5919
3768 5919
6431 5919
2937 5919
3628 5919
7909 5919
4639 5920
4625 5920
6050 5920
2207 5920
4881 5920
592 5920
3742 5920
7379 5920
4114 5920
4713 5920
3113 5920
5449 5920
4491 5920
5689 5920
5990 5920
1792 5921
853 5921
4714 5921
4482 5921
4030 5921
1970 5921
6162 5921
563 5921
7352 5921
3472 5921
4943 5921
4311 5921
6258 5921
7842 5921
5704 5921
7096 5921
5137 5921
4604 5921
1699 5921
6778 5922
3792 5922
6098 5922
2683 5922
5315 5922
5614 5922
8142 5922
2707 5922
4859 5922
4358 5922
6609 5922
5959 5922
7910 5922
3506 5922
2786 5922
2764 5922
4156 5923
4386 5923
5151 5923
2467 5923
3353 5923
7720 5923
5931 5923
7852 5923
5799 5923
3537 5923
645 5923
4716 5923
1857 5923
1273 5923
4578 5923
7036 5923
1093 5923
2673 5923
7862 5923
4959 5923
8236 5923
3095 5924
6332 5924
5586 5924
6994 5924
6626 5924
2753 5924
920 5924
6833 5924
6574 5924
2385 5924
3424 5924
4745 5924
2047 5925
3868 5925
4521 5925
5739 5925
5440 5925
1580 5925
7894 5925
2325 5925
5980 5925
5776 5925
7286 5925
4423 5925
3475 5925
7389 5925
1291 5925
2314 5926
5926 5926
5830 5926
1493 5926
6594 5926
7275 5926
6614 5926
216 5926
6225 5926
5017 5926
3522 5926
5892 5926
7914 5926
3707 5926
152 5926
2344 5926
6684 5926
4090 5926
279 5926
2242 5927
2742 5927
1386 5927
3382 5927
5387 5927
2981 5927
6559 5927
549 5927
6979 5927
6335 5927
4975 5927
4676 5927
7628 5927
4636 5927
3036 5928
1703 5928
7389 5928
6294 5928
816 5928
6852 5928
8000 5928
6169 5928
3976 5928
7800 5928
3332 5928
5185 5928
7794 5928
4753 5929
6051 5929
579 5929
1806 5929
2390 5929
789 5929
4292 5929
973 5929
2813 5929
3801 5929
989 5929
1490 5929
192 5929
1953 5929
6424 5929
3787 5929
3037 5930
8220 5930
6633 5930
6217 5930
4684 5930
4439 5930
7914 5930
1049 5930
6485 5930
1077 5930
3431 5930
3149 5930
5764 5930
3803 5930
7589 5930
4672 5930
6784 5930
6043 5930
4636 5930
344 5930
7350 5930
8195 5931
6529 5931
2512 5931
3214 5931
5443 5931
2191 5931
7214 5931
4014 5931
6223 5931
6609 5931
3872 5931
1117 5931
62 5931
7236 5931
4282 5931
207 5931
897 5931
2595 5931
7256 5931
7974 5932
3226 5932
5008 5932
2287 5932
73 5932
4893 5932
5065 5932
5349 5932
7572 5932
4190 5932
1601 5932
7194 5932
769 5932
620 5932
5436 5932
3304 5933
6631 5933
305 5933
5421 5933
2653 5933
2731 5933
3290 5933
2524 5933
6011 5933
5193 5933
4231 5933
4120 5933
4732 5933
7554 5933
176 5933
4651 5933
7559 5933
6695 5933
1816 5934
7073 5934
256 5934
4748 5934
739 5934
4041 5934
1560 5934
6229 5934
1639 5934
5596 5934
2162 5934
5208 5935
341 5935
6261 5935
2126 5935
6523 5935
44 5935
6893 5935
3802 5935
7763 5935
4065 5935
4136 5935
5158 5935
745 5935
1060 5935
1923 5935
1107 5935
7517 5936
8066 5936
3441 5936
7744 5936
1528 5936
1547 5936
804 5936
5388 5936
7046 5936
5654 5936
164 5936
6326 5936
4388 5936
2445 5936
7561 5936
1381 5936
5959 5936
5704 5936
5053 5936
4472 5936
4352 5936
5163 5937
7818 5937
6609 5937
5689 5937
6011 5937
5207 5937
5240 5937
1289 5937
1943 5937
4237 5937
7020 5937
3707 5937
2237 5937
1477 5937
4919 5937
3211 5937
3883 5937
6802 5938
3843 5938
1902 5938
5474 5938
4698 5938
8240 5938
3027 5938
5980 5938
7469 5938
4490 5938
3444 5938
197 5938
5551 5938
898 5938
7365 5938
6154 5938
3277 5938
3415 5938
6022 5938
1400 5938
7424 5938
2715 5939
1293 5939
7822 5939
2479 5939
3305 5939
4075 5939
1045 5939
4316 5939
7233 5939
7608 5939
2109 5939
7512 5939
5314 5939
7574 5939
3693 5939
5885 5939
682 5939
5431 5939
5313 5939
1219 5940
7333 5940
5602 5940
1994 5940
3522 5940
4853 5940
2331 5940
7413 5940
4858 5940
3090 5940
937 5940
3780 5940
7164 5940
4203 5940
3615 5940
1444 5940
668 5940
6569 5940
5592 5940
6761 5940
5329 5941
4640 5941
3924 5941
3312 5941
7544 5941
2516 5941
595 5941
1718 5941
4913 5941
582 5941
1647 5941
7037 5941
4481 5941
3814 5941
1391 5941
7598 5941
3364 5941
1235 5942
7639 5942
3748 5942
1369 5942
3095 5942
2994 5942
3541 5942
2265 5942
7319 5942
8098 5942
8277 5943
7936 5943
4658 5943
4706 5943
223 5943
6852 5943
5309 5943
5984 5943
2836 5943
5402 5943
104 5943
7670 5943
7030 5943
4496 5943
5960 5943
4640 5943
2502 5943
638 5943
7029 5944
1481 5944
6647 5944
8135 5944
186 5944
4804 5944
2509 5944
4519 5944
918 5944
5252 5944
2650 5944
1151 5944
2376 5944
7234 5944
3330 5944
2795 5944
2725 5944
7551 5944
3321 5944
2983 5944
2085 5944
1786 5945
7202 5945
6505 5945
2279 5945
4515 5945
4762 5945
8153 5945
2554 5945
6653 5945
7217 5945
4358 5945
4170 5945
3045 5945
1003 5945
123 5946
2833 5946
8221 5946
2549 5946
3181 5946
2164 5946
8100 5946
7728 5946
5663 5946
3465 5946
6894 5946
1585 5946
6996 5946
5103 5946
8037 5946
2894 5946
6790 5946
6083 5946
552 5946
8265 5946
1900 5946
3583 5946
3693 5946
4029 5947
2670 5947
5897 5947
756 5947
1276 5947
2212 5947
5044 5947
3880 5947
1054 5947
4312 5947
7233 5947
5940 5947
1814 5947
7038 5948
5423 5948
8258 5948
5615 5948
593 5948
2120 5948
1304 5948
8088 5948
2435 5948
6068 5948
1353 5948
4724 5948
7613 5948
4335 5948
5182 5948
613 5948
7691 5948
6430 5948
4324 5948
4826 5948
420 5948
7901 5948
4586 5949
5022 5949
6021 5949
2424 5949
2488 5949
7330 5949
4112 5949
5267 5949
1061 5949
3950 5949
7197 5949
7651 5949
2855 5949
1122 5950
3287 5950
508 5950
6735 5950
8008 5950
7648 5950
5740 5950
5941 5950
1769 5950
938 5950
1906 5950
5286 5950
2933 5950
2216 5950
4445 5950
3209 5950
2515 5951
6794 5951
1346 5951
5654 5951
3547 5951
1151 5951
24 5951
3906 5951
1527 5951
3182 5951
3364 5951
1787 5951
579 5951
5010 5951
6540 5951
3862 5951
2719 5952
7246 5952
5952 5952
8171 5952
1303 5952
4529 5952
3512 5952
3752 5952
2191 5952
3891 5952
3843 5952
5190 5952
975 5952
1693 5952
3738 5952
7712 5952
1892 5952
3585 5952
562 5953
6145 5953
524 5953
2269 5953
6175 5953
1212 5953
6601 5953
3392 5953
4665 5953
2828 5953
1724 5953
8016 5953
6763 5953
2480 5953
8053 5954
7450 5954
5139 5954
8107 5954
3607 5954
3998 5954
364 5954
4158 5955
1694 5955
6292 5955
3287 5955
8240 5955
7466 5955
3143 5955
2494 5955
2919 5955
2663 5955
1163 5955
4576 5955
6110 5955
6198 5955
6180 5955
3983 5955
5121 5955
7364 5956
1960 5956
7703 5956
4947 5956
8137 5956
438 5956
3083 5956
665 5956
395 5956
2790 5956
8030 5956
6216 5956
6277 5956
3880 5956
5944 5956
3135 5956
1998 5957
7728 5957
2410 5957
2921 5957
1414 5957
4950 5957
990 5957
2583 5957
3823 5957
1140 5957
3832 5957
1181 5957
6225 5957
748 5957
5855 5957
1943 5957
3693 5957
5899 5957
4379 5957
5842 5957
950 5957
2514 5958
2311 5958
8084 5958
8277 5958
6227 5958
7052 5958
2973 5958
3488 5958
394 5958
5958 5958
495 5958
4091 5958
6924 5958
613 5959
1514 5959
4269 5959
8169 5959
5120 5959
6522 5959
4963 5959
639 5959
927 5959
941 5959
645 5960
866 5960
927 5960
4447 5960
201 5960
7492 5960
2735 5960
5062 5960
6279 5960
4338 5960
6226 5960
4631 5960
451 5960
5753 5960
7189 5960
3982 5960
3702 5960
6361 5961
3913 5961
263 5961
4573 5961
5140 5961
2945 5961
5640 5961
4266 5961
8037 5961
5754 5961
1254 5961
6911 5961
6395 5961
2485 5961
7457 5961
8101 5962
4379 5962
424 5962
6705 5962
2250 5962
8066 5962
1269 5962
5355 5962
3799 5962
2474 5962
6580 5962
2123 5962
5502 5962
6676 5962
1133 5962
4661 5963
5037 5963
174 5963
6433 5963
238 5963
2811 5963
7049 5963
1698 5963
8089 5963
938 5963
8075 5963
18 5963
6536 5963
2552 5963
7716 5963
973 5963
2905 5964
4114 5964
2792 5964
4501 5964
3055 5964
3211 5964
791 5964
7717 5964
7300 5964
2523 5964
3128 5964
4741 5964
1373 5964
4863 5964
1420 5964
6267 5965
3338 5965
8265 5965
2937 5965
4662 5965
3352 5965
7588 5965
5301 5965
6510 5965
141 5965
2242 5965
1429 5965
399 5965
1760 5965
4882 5965
2004 5966
3843 5966
1844 5966
1601 5966
5853 5966
7999 5966
4804 5966
4093 5966
8078 5966
4541 5966
3051 5966
4865 5966
6344 5966
2637 5966
3617 5966
4460 5966
6406 5966
1185 5966
127 5966
6210 5966
5691 5966
1846 5966
2986 5966
2244 5966
133 5966
455 5966
3286 5966
6035 5967
6637 5967
5402 5967
7014 5967
7330 5967
7995 5967
3772 5967
6932 5967
213 5967
2755 5967
3567 5967
104 5967
329 5967
7800 5967
442 5967
1895 5967
3540 5967
4146 5967
2470 5968
1782 5968
4381 5968
2489 5968
1341 5968
1192 5968
6055 5968
1229 5968
6437 5968
4458 5968
5282 5968
3305 5968
2718 5968
1058 5968
3272 5968
615 5968
1511 5968
1878 5968
6152 5968
5151 5969
6689 5969
311 5969
3481 5969
1525 5969
6277 5969
6739 5969
106 5969
8162 5969
2252 5969
1717 5969
61 5969
4070 5969
6877 5969
2057 5970
2828 5970
257 5970
1234 5970
4980 5970
6718 5970
1690 5970
4726 5970
1178 5970
1821 5970
8292 5970
2366 5971
7762 5971
3975 5971
6253 5971
5636 5971
5012 5971
8280 5971
3220 5971
4851 5971
1189 5971
8264 5971
6447 5971
6625 5971
3227 5971
2153 5971
3083 5972
5528 5972
5705 5972
6441 5972
2477 5972
851 5972
1264 5972
7970 5972
2547 5972
5536 5972
5233 5972
3683 5972
797 5972
4271 5972
5253 5972
2066 5972
4716 5972
4539 5972
1766 5972
971 5972
834 5972
1830 5973
357 5973
5785 5973
2814 5973
6918 5973
8295 5973
4458 5973
846 5973
3406 5973
4258 5973
1261 5973
3663 5973
1892 5973
1175 5973
7379 5973
6406 5973
1231 5973
8017 5973
1055 5973
690 5973
5184 5973
4793 5974
3300 5974
5273 5974
3615 5974
3949 5974
3562 5974
6837 5974
3325 5974
7431 5974
3165 5974
5925 5974
7224 5974
44 5974
8237 5974
6736 5974
742 5974
4706 5974
2478 5974
6356 5974
5817 5974
4092 5974
3756 5974
8135 5974
6260 5975
3019 5975
6025 5975
2925 5975
6644 5975
1673 5975
4316 5975
1854 5975
3531 5975
888 5975
3107 5975
4195 5975
6474 5975
4855 5975
4129 5975
2346 5975
4804 5975
4451 5975
4830 5975
3552 5975
7765 5976
6837 5976
7966 5976
5392 5976
2754 5976
1145 5976
410 5976
7799 5976
436 5976
5182 5976
2830 5976
6235 5976
5102 5976
8107 5976
667 5977
6389 5977
6320 5977
8145 5977
5366 5977
2004 5977
7867 5977
1447 5977
2391 5977
3668 5977
6615 5977
2581 5977
6539 5977
347 5977
5721 5977
2649 5977
3717 5977
7856 5977
3708 5977
4648 5977
1128 5977
1846 5977
1763 5978
1931 5978
4416 5978
1429 5978
249 5978
4049 5978
2679 5978
7401 5978
6743 5978
4609 5979
5852 5979
2145 5979
1704 5979
4715 5979
7518 5979
6272 5979
6891 5979
5988 5979
900 5979
3599 5979
7433 5979
5308 5979
278 5979
7539 5979
525 5979
129 5979
3351 5980
1856 5980
1967 5980
2097 5980
5457 5980
7880 5980
5159 5980
3069 5980
6305 5980
6198 5980
3976 5980
8078 5980
7037 5980
5003 5980
4392 5980
440 5980
2010 5980
350 5980
5522 5981
6015 5981
7381 5981
4672 5981
1032 5981
4253 5981
51 5981
6229 5981
5692 5981
3824 5981
3209 5981
6376 5981
8297 5981
1834 5981
126 5981
5134 5981
6605 5981
2436 5981
319 5981
5738 5981
4357 5981
3975 5981
2706 5981
4311 5982
7727 5982
2170 5982
5780 5982
4435 5982
140 5982
7085 5982
4576 5982
3908 5982
6313 5982
1313 5982
1282 5982
4353 5982
6711 5982
866 5982
3940 5983
2071 5983
7847 5983
4550 5983
2758 5983
8205 5983
2246 5983
5176 5983
5636 5983
2675 5983
7237 5983
3973 5983
6755 5983
5500 5983
119 5983
2315 5983
747 5983
5065 5983
2592 5983
3763 5983
3907 5984
6211 5984
7946 5984
3958 5984
4965 5984
4988 5984
1224 5984
4948 5984
2704 5984
2599 5984
7457 5984
6879 5984
4175 5984
7562 5984
4665 5984
4962 5984
7601 5984
1179 5984
1803 5985
1757 5985
2556 5985
1235 5985
5737 5985
2890 5985
6573 5985
640 5985
3545 5985
3527 5985
6480 5985
7654 5985
6050 5985
8244 5986
9 5986
7843 5986
1641 5986
5436 5986
3847 5986
4108 5986
548 5986
1408 5986
5985 5986
5236 5986
7469 5986
7652 5986
3176 5986
1133 5986
3167 5986
5041 5986
2732 5986
7997 5986
2182 5986
461 5986
6187 5986
5108 5986
3767 5986
5310 5987
500 5987
7765 5987
3859 5987
4984 5987
4871 5987
3997 5987
5530 5987
4662 5987
6441 5987
2312 5987
2337 5987
7895 5987
4851 5987
742 5987
4085 5987
1830 5988
327 5988
4338 5988
3548 5988
8088 5988
2371 5988
791 5988
8272 5988
7519 5988
168 5988
5336 5988
7586 5988
4655 5988
6353 5988
2807 5988
3539 5989
8220 5989
6649 5989
1405 5989
4871 5989
8169 5989
54 5989
4400 5989
7601 5989
1676 5989
7894 5989
649 5989
1269 5989
603 5989
4092 5989
8280 5989
4749 5989
7196 5990
1479 5990
4514 5990
3824 5990
2053 5990
5640 5990
1257 5990
2031 5990
7646 5990
5591 5990
2204 5990
7718 5990
1088 5990
6003 5990
839 5990
383 5990
2771 5991
322 5991
1732 5991
1084 5991
3642 5991
3022 5991
5935 5991
4738 5991
6547 5991
560 5991
4501 5991
2197 5991
7909 5991
438 5991
1332 5991
1796 5991
106 5992
592 5992
2078 5992
2913 5992
4274 5992
5038 5992
309 5992
5539 5992
6909 5992
8010 5992
6380 5992
6620 5992
6625 5992
3245 5992
283 5992
7386 5993
5025 5993
4167 5993
8036 5993
3271 5993
7827 5993
5499 5993
6923 5993
4362 5993
6630 5993
3346 5993
4716 5993
893 5993
7965 5993
4427 5994
5068 5994
3699 5994
176 5994
6740 5994
6611 5994
7344 5994
6284 5994
434 5994
2829 5994
3426 5994
2118 5994
6567 5994
5371 5994
7716 5994
4853 5994
1401 5995
89 5995
8084 5995
2019 5995
3325 5995
7864 5995
3293 5995
1692 5995
1248 5995
717 5995
1093 5996
5203 5996
5996 5996
5637 5996
864 5996
4802 5996
5434 5996
5667 5996
6524 5996
3007 5996
6494 5996
5565 5996
781 5996
1778 5996
4894 5996
5300 5996
6835 5996
89 5996
5126 5996
2082 5996
2806 5997
447 5997
6805 5997
4454 5997
5210 5997
1391 5997
1708 5997
3006 5997
2527 5997
4555 5997
57 5997
2532 5997
2361 5997
5426 5998
5998 5998
5182 5998
6106 5998
8080 5998
5022 5998
2982 5998
5941 5998
232 5998
7936 5998
4668 5998
6207 5998
2508 5998
4007 5998
3869 5998
5703 5998
3833 5998
5026 5998
911 5998
4447 5998
3488 5998
405 5998
7597 5998
2162 5999
2367 5999
3799 5999
309 5999
138 5999
5322 5999
7532 5999
3167 5999
5186 5999
690 5999
7999 5999
1040 5999
345 5999
7473 5999
3964 5999
6441 5999
6828 6000
3932 6000
3969 6000
6126 6000
2875 6000
8137 6000
3010 6000
3038 6000
5925 6000
3435 6000
8271 6000
3479 6000
4213 6000
121 6000
5536 6000
8253 6000
7880 6001
6001 6001
2870 6001
4120 6001
519 6001
478 6001
6024 6001
1183 6001
553 6001
5439 6001
2587 6001
4751 6001
2924 6001
7311 6001
2725 6001
704 6001
2405 6002
6002 6002
1052 6002
7077 6002
7211 6002
7408 6002
3627 6002
6831 6002
1719 6002
2202 6002
5539 6002
7461 6002
3212 6002
5468 6002
2584 6002
2281 6003
5351 6003
4191 6003
8005 6003
7531 6003
5925 6003
6612 6003
6795 6003
170 6003
7398 6003
6808 6003
3287 6003
254 6003
4003 6003
1442 6004
1187 6004
6342 6004
2806 6004
2365 6004
908 6004
7391 6004
4191 6004
5695 6004
885 6004
2733 6004
7843 6004
7794 6004
5958 6004
2910 6004
1527 6004
6076 6004
2191 6004
6005 6005
3738 6005
7519 6005
7597 6005
2169 6005
2082 6005
2868 6005
4203 6005
5294 6005
1672 6005
4918 6005
703 6005
7505 6005
2334 6005
1461 6005
5348 6005
5168 6005
6470 6005
2792 6005
5306 6005
2847 6005
358 6005
2731 6006
6043 6006
4282 6006
5550 6006
6756 6006
7649 6006
7558 6006
7904 6006
3750 6006
2676 6006
6679 6006
2919 6006
6354 6006
275 6006
2498 6006
7634 6006
6232 6007
7682 6007
6873 6007
2626 6007
1846 6007
2638 6007
5193 6007
3074 6007
1284 6007
4486 6007
3391 6007
3406 6007
1440 6007
1783 6007
7960 6007
3346 6007
4661 6007
3791 6007
133 6008
230 6008
7271 6008
7637 6008
5309 6008
