889 6008
8028 6008
1223 6008
6895 6008
4607 6008
1438 6008
7558 6008
3102 6008
3422 6008
5236 6008
2679 6008
6720 6008
1174 6008
3226 6008
2068 6009
4145 6009
6249 6009
3605 6009
6165 6009
5587 6009
4731 6009
281 6009
7217 6009
7189 6009
4180 6009
4856 6009
7936 6009
1408 6009
7065 6009
4727 6010
3870 6010
5406 6010
7800 6010
3145 6010
6912 6010
3709 6010
6420 6010
2292 6010
4731 6010
1914 6010
6768 6010
7452 6010
632 6010
4179 6010
173 6011
7813 6011
5348 6011
3511 6011
6844 6011
196 6011
7941 6011
4950 6011
3644 6011
937 6011
7672 6011
7520 6011
1494 6011
1482 6011
2170 6011
5789 6011
6610 6011
4153 6011
8245 6011
4661 6011
753 6011
6879 6012
3007 6012
165 6012
1887 6012
3029 6012
5715 6012
4452 6012
3832 6012
8070 6012
4189 6012
1547 6012
8267 6012
1224 6012
4977 6012
135 6012
7571 6012
4335 6012
1116 6012
2572 6012
381 6012
3916 6012
3534 6013
2006 6013
1547 6013
5599 6013
7291 6013
7958 6013
705 6013
6019 6013
4040 6013
3585 6013
2854 6013
7935 6013
6242 6013
6081 6013
5110 6014
222 6014
582 6014
763 6014
4779 6014
8004 6014
3048 6014
5516 6014
7302 6014
3220 6014
2984 6014
3582 6015
4030 6015
7390 6015
3955 6015
4768 6015
2233 6015
383 6015
2443 6015
3367 6015
8270 6015
3892 6015
1060 6015
4143 6015
7842 6015
3505 6016
7242 6016
2679 6016
4184 6016
4107 6016
1390 6016
3436 6016
275 6016
7299 6016
7512 6016
4826 6017
6819 6017
4897 6017
467 6017
3029 6017
2481 6017
2872 6017
3573 6017
6615 6017
2498 6017
5355 6017
7464 6017
7045 6017
5412 6017
4718 6017
8159 6017
5787 6017
6231 6018
3754 6018
1216 6018
7426 6018
7610 6018
5355 6018
3137 6018
6467 6018
1902 6018
5703 6018
7573 6018
1481 6018
3047 6018
2704 6018
6884 6018
6479 6018
7277 6018
5008 6018
878 6019
2841 6019
6801 6019
809 6019
2647 6019
1333 6019
241 6019
5803 6019
5172 6019
5960 6019
5495 6019
4181 6019
4549 6019
5758 6019
6020 6020
821 6020
7034 6020
3464 6020
5453 6020
1873 6020
3872 6020
1473 6020
8271 6020
7382 6020
7330 6020
1528 6020
3792 6020
3220 6020
6554 6020
2183 6020
559 6020
2169 6020
6565 6021
2577 6021
3998 6021
2392 6021
2443 6021
680 6021
357 6021
7653 6021
4569 6021
4138 6021
3380 6021
8174 6021
3554 6021
6171 6021
2302 6021
1669 6021
4986 6021
1896 6021
585 6021
1046 6021
675 6021
4254 6022
7328 6022
7236 6022
73 6022
6759 6022
3656 6022
6368 6022
2424 6022
4072 6022
794 6022
5910 6022
2508 6022
4799 6022
1063 6022
7873 6022
4185 6022
7159 6022
5461 6022
247 6023
1647 6023
1089 6023
6715 6023
371 6023
8098 6023
113 6023
6824 6023
4738 6023
2150 6023
5230 6023
2749 6023
4000 6024
6460 6024
774 6024
3123 6024
4942 6024
4570 6024
2769 6024
5591 6024
3806 6024
2606 6024
3781 6024
940 6024
4609 6024
2234 6024
231 6024
5168 6024
5557 6024
6622 6024
2712 6024
4372 6024
7480 6024
3776 6024
7815 6024
765 6025
3679 6025
5697 6025
7086 6025
3638 6025
1698 6025
5428 6025
3378 6025
7820 6025
3058 6025
6919 6025
2198 6026
5703 6026
543 6026
1483 6026
548 6026
5596 6026
6031 6026
1161 6026
1165 6026
7719 6026
2663 6026
3621 6026
1690 6026
6587 6026
5366 6026
6360 6027
1179 6027
6739 6027
7827 6027
6722 6027
2419 6027
5234 6027
3863 6027
7398 6027
8174 6027
665 6027
302 6027
6206 6027
2754 6027
309 6027
896 6027
852 6027
8293 6027
5084 6027
1481 6027
268 6027
1261 6028
3663 6028
3444 6028
6457 6028
7860 6028
6208 6028
715 6028
7792 6028
6551 6028
7237 6028
4880 6029
2306 6029
5098 6029
3470 6029
7293 6029
4553 6029
7448 6029
7282 6029
5149 6029
3172 6029
1341 6029
7340 6029
5599 6029
2950 6029
991 6029
4287 6029
1387 6029
1779 6029
7573 6029
6188 6030
4364 6030
3741 6030
8077 6030
1450 6030
2380 6030
8145 6030
4242 6030
4312 6030
6509 6030
7601 6030
6313 6030
4460 6030
2227 6030
2852 6030
2384 6030
3799 6030
8193 6030
4619 6030
6467 6031
1704 6031
1908 6031
1973 6031
3034 6031
3933 6031
6015 6031
7180 6031
7849 6031
7184 6031
3924 6031
258 6031
7863 6031
5645 6031
2195 6032
6116 6032
1846 6032
323 6032
2122 6032
3329 6032
2133 6032
1752 6032
5570 6032
3002 6032
3707 6032
5936 6032
6615 6033
4394 6033
4229 6033
898 6033
5917 6033
4877 6033
7891 6033
5070 6033
166 6033
485 6033
6783 6033
6053 6033
1255 6033
1244 6033
327 6033
1709 6033
352 6033
5491 6033
3692 6033
6738 6034
4883 6034
637 6034
6380 6034
2126 6034
1015 6034
7962 6034
4112 6034
5196 6034
2912 6034
4134 6034
742 6034
1269 6034
3300 6034
5301 6034
7621 6034
6131 6034
7383 6035
6675 6035
7799 6035
3201 6035
6330 6035
4981 6035
4591 6035
7832 6035
2709 6035
8026 6035
4088 6035
3247 6035
6136 6035
3945 6035
4488 6035
7889 6035
2115 6035
2809 6035
4658 6035
5398 6036
5914 6036
1372 6036
6901 6036
7314 6036
5151 6036
5294 6036
3794 6036
5238 6036
2760 6036
2365 6036
1125 6036
1609 6036
6932 6037
2908 6037
6680 6037
4612 6037
3680 6037
3572 6037
3455 6037
3644 6037
4386 6037
1972 6037
2653 6037
7546 6037
8142 6037
3275 6037
3151 6037
2376 6037
4363 6037
270 6038
4773 6038
3563 6038
3296 6038
6188 6038
3642 6038
373 6038
5809 6038
3936 6038
568 6038
8220 6038
4065 6038
1361 6038
593 6039
5737 6039
8219 6039
2772 6039
1526 6039
4516 6039
922 6039
731 6039
5489 6039
6549 6039
2710 6039
221 6039
4710 6039
7037 6039
4705 6040
6705 6040
5854 6040
6822 6040
1746 6040
3085 6040
6748 6040
719 6040
2417 6040
6557 6040
2088 6040
2314 6040
7904 6040
6249 6040
1721 6040
2198 6040
4835 6040
7341 6040
1238 6040
3842 6040
3806 6040
3718 6040
1027 6040
3496 6041
2127 6041
1107 6041
1610 6041
5265 6041
4791 6041
6554 6041
1549 6041
3237 6041
6959 6041
2010 6041
4540 6042
7969 6042
7860 6042
5402 6042
8267 6042
4536 6042
6129 6042
1187 6042
1150 6042
513 6042
656 6042
4013 6042
3904 6042
4748 6042
443 6042
502 6042
2345 6042
5322 6043
2111 6043
7004 6043
2227 6043
6054 6043
3075 6043
1855 6043
6628 6043
5213 6043
3152 6043
4673 6043
4533 6043
7990 6043
52 6043
6449 6044
1832 6044
6173 6044
3130 6044
3331 6044
4051 6044
2577 6044
7018 6044
1449 6044
6962 6044
3519 6044
108 6044
3050 6044
257 6044
5193 6044
8279 6044
3704 6044
1709 6044
2254 6045
996 6045
1122 6045
1548 6045
1231 6045
7535 6045
5386 6045
4334 6045
2518 6045
367 6045
2868 6045
6700 6045
5514 6045
6221 6045
3207 6045
3888 6045
3329 6045
4867 6046
6615 6046
6732 6046
6429 6046
5958 6046
7637 6046
6264 6046
7708 6046
1086 6046
3245 6046
1868 6046
6523 6046
1771 6046
6182 6046
4335 6046
4071 6046
1719 6046
7558 6046
2057 6046
4753 6046
3752 6046
3030 6046
5815 6046
5718 6046
6832 6046
3083 6046
6649 6046
1319 6046
3371 6046
6819 6046
4188 6047
4648 6047
4093 6047
331 6047
5895 6047
3927 6047
2278 6047
7077 6047
2030 6047
7824 6047
5695 6047
447 6047
6483 6048
3739 6048
7293 6048
7094 6048
4592 6048
3269 6048
621 6048
5468 6048
7237 6048
48 6048
1245 6048
6031 6048
3458 6049
6984 6049
2777 6049
195 6049
2683 6049
2203 6049
7902 6049
3718 6049
4245 6049
6049 6049
1140 6049
6327 6049
6879 6049
3882 6049
2522 6049
5549 6049
7081 6050
5070 6050
178 6050
7523 6050
6578 6050
106 6050
4666 6050
7297 6050
4672 6050
7115 6050
8002 6050
7413 6050
7357 6050
2178 6050
649 6050
7192 6051
5357 6051
1145 6051
4042 6051
3194 6051
1342 6051
3737 6051
4597 6051
433 6051
4808 6051
4682 6051
1632 6051
4549 6052
4488 6052
7460 6052
6892 6052
1108 6052
2398 6052
7845 6052
4416 6052
2234 6052
2401 6052
6342 6052
2905 6052
7199 6052
4467 6052
1790 6052
5412 6052
420 6052
2175 6052
4384 6052
2265 6052
115 6052
3675 6052
646 6052
5624 6053
2043 6053
7754 6053
4861 6053
3260 6053
3154 6053
634 6053
8024 6053
548 6053
4314 6053
884 6053
7991 6053
1463 6053
4468 6053
7962 6053
1463 6054
119 6054
6935 6054
6154 6054
1089 6054
1045 6054
1957 6054
1188 6054
6124 6054
4481 6054
7533 6054
1461 6054
4949 6054
5330 6054
7108 6055
4542 6055
4846 6055
5446 6055
5392 6055
1366 6055
4804 6055
2881 6055
913 6055
7929 6055
2864 6055
3008 6055
5008 6056
2212 6056
7944 6056
7674 6056
4975 6056
3498 6056
4735 6056
1378 6056
3936 6056
1999 6056
2250 6056
3580 6056
3740 6056
2010 6057
8154 6057
8081 6057
8072 6057
122 6057
3227 6057
4826 6057
3436 6057
391 6057
5637 6057
2758 6057
1436 6057
7720 6057
1973 6057
5818 6057
1518 6058
3174 6058
1161 6058
5272 6058
4863 6058
6980 6058
4938 6058
530 6058
6549 6058
6164 6058
6239 6058
5696 6058
6336 6058
4253 6058
4658 6058
5043 6058
7194 6058
6156 6058
3736 6058
1203 6058
2835 6058
7509 6058
1425 6059
4193 6059
6410 6059
8137 6059
5989 6059
7559 6059
2327 6059
7639 6059
2099 6059
4283 6059
6919 6059
2800 6059
4524 6059
1486 6059
4525 6059
7388 6059
7675 6059
7159 6059
3615 6059
4045 6059
2633 6060
2867 6060
3190 6060
5300 6060
7262 6060
1444 6060
1511 6060
682 6060
1868 6060
2731 6060
4948 6060
7824 6060
1088 6060
7255 6060
2893 6060
7837 6060
6026 6061
2002 6061
2852 6061
4010 6061
5057 6061
3214 6061
222 6061
4579 6061
72 6061
7285 6061
6624 6061
5436 6061
7600 6061
7813 6061
5500 6061
3325 6061
1528 6061
706 6061
7622 6062
5748 6062
2807 6062
1775 6062
4790 6062
2669 6062
2103 6062
2577 6062
5652 6062
4594 6062
961 6062
426 6062
6817 6062
3309 6062
207 6062
1032 6062
4878 6062
4197 6062
3233 6062
5301 6063
6347 6063
6677 6063
7936 6063
6923 6063
1524 6063
3139 6063
7852 6063
4018 6063
316 6063
2061 6063
3967 6063
5899 6063
4358 6063
7632 6064
663 6064
4184 6064
1315 6064
4325 6064
8196 6064
3063 6064
4428 6064
2367 6064
527 6064
1224 6064
2374 6064
2039 6064
682 6064
7451 6064
7053 6064
2636 6064
1209 6064
6022 6064
4537 6064
7831 6065
3379 6065
7783 6065
5439 6065
2741 6065
118 6065
3077 6065
7374 6065
5498 6065
838 6065
6394 6065
3329 6065
6234 6065
2951 6065
5536 6065
8016 6065
4286 6065
205 6065
4809 6065
2165 6065
2004 6065
3505 6065
4363 6066
6744 6066
6781 6066
1489 6066
4314 6066
5688 6066
6737 6066
4768 6066
4604 6066
2994 6066
6425 6066
2646 6066
4112 6066
1806 6066
2344 6066
1780 6066
7622 6066
3888 6066
6767 6067
1664 6067
6509 6067
5532 6067
5333 6067
8059 6067
2604 6067
7415 6067
5012 6067
7719 6067
6220 6067
1302 6067
5618 6067
2595 6068
6431 6068
7708 6068
249 6068
7271 6068
5645 6068
2804 6068
3939 6068
1112 6068
5136 6068
7734 6068
4827 6068
6899 6068
7139 6068
8080 6068
3277 6068
1414 6069
543 6069
6572 6069
1765 6069
6453 6069
1079 6069
5360 6069
4264 6069
664 6069
7793 6069
4395 6069
6307 6069
1673 6069
6070 6070
6083 6070
5261 6070
7169 6070
2225 6070
1009 6070
6951 6070
5157 6070
5452 6070
1691 6070
5464 6070
5405 6070
7201 6070
4774 6071
4581 6071
3483 6071
181 6071
5918 6071
8177 6071
744 6071
1182 6071
1986 6071
5263 6071
3704 6071
7725 6071
1269 6071
7860 6071
7972 6071
1181 6071
7027 6071
3267 6071
2599 6071
3498 6071
5696 6071
8277 6071
2835 6071
3497 6071
834 6072
6947 6072
3638 6072
485 6072
7053 6072
4232 6072
1725 6072
6795 6072
6650 6072
5021 6072
3275 6072
59 6072
5994 6072
4582 6073
6489 6073
7031 6073
5135 6073
8196 6073
2698 6073
3548 6073
601 6073
6951 6073
3058 6073
1681 6073
774 6073
4379 6073
3897 6073
4815 6073
6131 6073
7435 6073
2599 6073
7862 6073
1997 6073
7770 6073
471 6073
3819 6074
5195 6074
4076 6074
5314 6074
4844 6074
910 6074
1820 6074
3345 6074
164 6074
5420 6074
6355 6074
390 6074
5561 6074
1135 6074
7925 6074
8072 6074
3378 6074
5135 6074
2160 6074
3068 6075
2199 6075
6347 6075
3563 6075
7978 6075
4724 6075
6169 6075
4772 6075
2718 6075
6946 6075
250 6075
1387 6075
504 6075
7692 6075
387 6075
2311 6075
8155 6076
4675 6076
1744 6076
4539 6076
2405 6076
2492 6076
2592 6076
3366 6076
1549 6076
5409 6076
1097 6076
6950 6076
6358 6076
3314 6076
6444 6076
89 6076
3019 6076
6531 6076
4247 6076
5174 6076
4871 6076
5867 6076
1079 6076
4637 6077
30 6077
1390 6077
1661 6077
4546 6077
2133 6077
8017 6077
2749 6077
6555 6077
4254 6077
2712 6077
7135 6077
5299 6077
62 6077
5628 6077
1877 6077
7214 6077
3560 6077
1460 6077
2988 6077
5702 6078
7234 6078
3540 6078
8102 6078
2652 6078
6224 6078
1939 6078
2335 6078
7583 6078
1882 6078
822 6078
5434 6078
4335 6078
1214 6078
4175 6078
4054 6078
2171 6079
4438 6079
4846 6079
4611 6079
4528 6079
7045 6079
7028 6079
5315 6079
2983 6079
2151 6079
5880 6079
888 6079
6577 6079
5089 6079
1353 6079
3988 6079
5396 6080
467 6080
835 6080
5695 6080
5021 6080
7095 6080
7786 6080
1015 6080
1779 6080
2018 6080
3977 6080
1625 6080
7243 6080
1959 6080
3931 6081
3972 6081
3783 6081
4899 6081
3127 6081
5474 6081
913 6081
2556 6081
4995 6081
4569 6081
2574 6081
3209 6081
5141 6081
3883 6081
469 6081
274 6081
2852 6081
3523 6081
14 6082
8070 6082
393 6082
6304 6082
7896 6082
1452 6082
4545 6082
824 6082
7391 6082
2563 6082
3465 6082
1915 6082
4549 6082
6898 6082
686 6082
3659 6082
2311 6082
1451 6082
3642 6082
4658 6083
2162 6083
4350 6083
7205 6083
2661 6083
6426 6083
3296 6083
6146 6083
5753 6083
611 6083
2744 6083
3975 6083
3641 6083
1823 6083
4438 6083
4909 6083
6495 6083
5487 6083
1101 6083
232 6083
8296 6083
1179 6083
925 6083
5039 6084
2257 6084
6444 6084
4353 6084
3983 6084
4994 6084
2587 6084
7561 6084
6275 6085
6675 6085
7654 6085
5919 6085
513 6085
5502 6085
3001 6085
7185 6085
1745 6085
1918 6085
2512 6085
6893 6085
6232 6085
999 6085
7464 6085
3760 6085
6769 6085
4978 6085
5900 6085
4774 6085
7143 6085
24 6085
3630 6085
6294 6085
597 6085
4286 6085
4435 6085
4008 6085
5670 6086
4574 6086
6182 6086
3251 6086
4362 6086
2776 6086
2311 6086
3235 6086
3683 6086
357 6086
249 6086
3583 6086
7982 6086
3454 6086
2066 6086
3842 6086
7146 6086
50 6087
7928 6087
274 6087
2688 6087
5734 6087
6761 6087
8072 6087
69 6087
6317 6087
2783 6087
6088 6088
7270 6088
7133 6088
1680 6088
1334 6088
1964 6088
1540 6088
226 6088
6916 6088
1313 6088
420 6088
4561 6088
1653 6088
2576 6088
1305 6088
5776 6088
7399 6088
6797 6088
2181 6089
3007 6089
7605 6089
1457 6089
3415 6089
3028 6089
1076 6089
5241 6089
1752 6089
655 6089
3958 6089
5326 6089
5503 6089
3332 6090
7075 6090
2585 6090
619 6090
1803 6090
1177 6090
1414 6090
4812 6090
7883 6090
3296 6090
7403 6090
5814 6090
8000 6090
3687 6090
5551 6090
5513 6090
1886 6090
4609 6090
2203 6090
6354 6091
6597 6091
5098 6091
7393 6091
3708 6091
5831 6091
2278 6091
7811 6091
3142 6091
6642 6091
1846 6091
550 6091
6068 6092
5506 6092
1348 6092
3127 6092
1089 6092
2931 6092
3047 6092
3837 6092
6319 6092
7405 6092
2986 6092
3752 6092
3090 6092
3035 6093
4170 6093
5489 6093
6441 6093
7120 6093
6502 6093
1031 6093
4428 6094
1070 6094
7022 6094
1970 6094
7319 6094
5752 6094
5205 6094
7509 6094
2536 6094
4378 6094
1262 6094
7960 6094
4676 6094
337 6094
8190 6094
1089 6094
3676 6094
1279 6094
4765 6094
183 6094
2727 6095
7990 6095
140 6095
7782 6095
6013 6095
1379 6095
5826 6095
689 6095
5591 6095
7996 6095
4855 6095
6608 6095
4123 6095
5548 6095
1583 6095
5693 6095
469 6095
4686 6095
6714 6095
2206 6095
4183 6095
1685 6095
7241 6096
3284 6096
3456 6096
6217 6096
6866 6096
1373 6096
829 6096
7020 6096
4776 6096
7438 6096
6428 6096
5050 6096
5537 6096
3784 6096
6343 6096
6371 6096
896 6096
1472 6096
1392 6097
7078 6097
6858 6097
8221 6097
2707 6097
7329 6097
5630 6097
6776 6097
4120 6097
7103 6097
1157 6097
5110 6097
5585 6097
1886 6097
3479 6097
5765 6097
7569 6097
2065 6098
2475 6098
2253 6098
6741 6098
2552 6098
8009 6098
1233 6098
1360 6098
6288 6098
3235 6098
967 6098
4170 6098
3973 6098
7639 6099
5291 6099
3837 6099
1203 6099
6357 6099
1260 6099
7797 6099
2070 6099
465 6099
3572 6099
451 6099
2867 6099
1037 6099
5477 6099
3438 6099
5242 6099
1806 6099
2012 6100
8195 6100
7022 6100
894 6100
7962 6100
353 6100
11 6100
5231 6100
6833 6100
7293 6100
5777 6100
7532 6100
1308 6100
4233 6100
7401 6100
7382 6100
5400 6100
1757 6100
3307 6101
2749 6101
7438 6101
5237 6101
1668 6101
2919 6101
7916 6101
1639 6101
3130 6101
1075 6101
5576 6101
4880 6101
263 6102
2816 6102
4607 6102
3972 6102
2313 6102
1454 6102
7170 6102
5461 6102
5282 6102
5872 6102
7680 6102
6059 6102
1336 6102
49 6102
3783 6102
957 6102
4024 6103
6794 6103
1450 6103
109 6103
7521 6103
5895 6103
6111 6103
6828 6103
6489 6103
170 6103
4114 6103
1740 6103
6339 6103
6319 6103
6209 6103
6229 6103
8103 6104
5293 6104
6783 6104
1182 6104
159 6104
5241 6104
7576 6104
5947 6104
671 6104
3924 6105
1829 6105
622 6105
6115 6105
5354 6105
773 6105
1655 6105
4562 6105
7889 6105
6734 6105
608 6105
2291 6105
3787 6105
2832 6105
6123 6105
2777 6105
6638 6105
4777 6106
59 6106
5273 6106
3171 6106
7977 6106
7563 6106
1108 6106
269 6106
3931 6106
6295 6106
6536 6106
98 6106
1356 6106
2420 6107
4005 6107
121 6107
2105 6107
6237 6107
7201 6107
5544 6107
1474 6107
57 6107
7833 6107
1165 6107
1645 6107
7775 6107
1504 6107
3784 6107
4512 6107
1746 6108
3537 6108
6181 6108
5430 6108
8206 6108
3767 6108
3754 6108
887 6108
4676 6108
3800 6108
1763 6108
6923 6108
3005 6108
4775 6108
1595 6108
1920 6108
7602 6108
2109 6108
7192 6108
5708 6109
2174 6109
6397 6109
6711 6109
770 6109
7083 6109
4856 6109
1428 6109
773 6109
6424 6109
7004 6109
5548 6109
6107 6109
6729 6109
6892 6110
6808 6110
3706 6110
3770 6110
456 6110
4669 6110
5315 6110
5518 6110
1956 6110
5187 6110
2643 6110
5482 6110
4501 6110
5566 6110
5078 6110
8175 6111
4880 6111
1135 6111
6858 6111
2319 6111
4775 6111
153 6111
2834 6111
2551 6111
520 6111
4488 6111
777 6111
5895 6111
1514 6111
6601 6111
3607 6111
7806 6111
4627 6112
2395 6112
6156 6112
641 6112
2572 6112
7712 6112
1535 6112
999 6112
3780 6112
1870 6112
28 6112
410 6112
3305 6112
5981 6112
2269 6112
3983 6113
6614 6113
917 6113
865 6113
166 6113
8206 6113
4861 6113
633 6113
3691 6113
3918 6113
383 6113
997 6113
6373 6113
4224 6113
7976 6113
7053 6113
4180 6113
1859 6114
7463 6114
6234 6114
8266 6114
1342 6114
6541 6114
5838 6114
5016 6114
656 6114
2941 6114
1095 6114
6758 6114
4143 6114
3306 6114
3036 6114
2988 6115
3958 6115
5563 6115
3559 6115
5632 6115
4867 6115
6425 6115
3095 6115
5779 6115
5214 6115
1333 6115
6919 6115
5463 6115
3106 6115
6231 6115
7379 6115
1752 6115
4553 6116
615 6116
2720 6116
1213 6116
3908 6116
1641 6116
8107 6116
7340 6116
4514 6116
2899 6116
5549 6116
2841 6116
1076 6117
738 6117
2047 6117
4108 6117
6686 6117
5526 6117
3030 6117
6355 6117
6913 6117
7338 6117
4714 6117
6579 6117
1731 6117
2596 6117
6954 6117
2122 6117
7082 6117
2113 6117
4663 6117
72 6117
5923 6117
3709 6117
7680 6118
4447 6118
1365 6118
4518 6118
1217 6118
6275 6118
1769 6118
3804 6118
6827 6118
5085 6118
7929 6118
4087 6118
4071 6118
3591 6118
4080 6118
7423 6118
779 6118
919 6118
1561 6118
1971 6118
2017 6119
2210 6119
518 6119
7333 6119
3105 6119
5319 6119
4746 6119
7248 6119
2733 6119
1672 6119
7002 6119
6464 6119
2585 6119
8027 6119
4529 6119
2629 6119
6003 6119
768 6120
5792 6120
5565 6120
6313 6120
6763 6120
640 6120
3667 6120
6550 6120
3882 6120
112 6120
425 6120
2278 6120
1285 6120
7467 6120
2385 6120
1499 6120
1322 6121
2252 6121
4611 6121
318 6121
8043 6121
3481 6121
2404 6121
6831 6121
2915 6121
8230 6121
1993 6121
4529 6121
6538 6121
6578 6121
1536 6121
1595 6121
6918 6121
2926 6122
4716 6122
7856 6122
409 6122
3780 6122
6656 6122
7359 6122
2135 6122
7367 6122
1525 6122
661 6122
6833 6122
8032 6122
345 6122
7748 6123
7532 6123
7196 6123
6735 6123
2165 6123
6622 6123
7766 6123
1285 6123
2040 6123
5215 6123
7300 6123
2435 6123
6779 6124
6970 6124
7720 6124
4101 6124
2007 6124
2356 6124
3456 6124
5965 6124
4199 6124
3997 6124
4655 6124
897 6125
727 6125
5861 6125
1217 6125
8217 6125
7074 6125
2123 6125
4404 6125
7189 6125
2043 6125
3870 6125
7646 6125
2680 6125
4412 6125
5236 6125
3342 6126
3505 6126
5177 6126
2495 6126
2406 6126
24 6126
6459 6126
2260 6126
3455 6126
7861 6126
6557 6126
6410 6126
4387 6126
6277 6126
789 6126
6746 6126
5058 6126
3817 6126
3504 6126
457 6126
7565 6126
4274 6126
4176 6126
5866 6126
6658 6127
2150 6127
7791 6127
6127 6127
4589 6127
4194 6127
6235 6127
764 6127
4858 6127
721 6127
2810 6127
996 6127
5501 6127
5755 6127
6007 6127
692 6127
4400 6127
1821 6127
795 6128
2250 6128
5291 6128
7995 6128
97 6128
1571 6128
4714 6128
1479 6128
1150 6128
1075 6128
919 6128
3851 6128
89 6128
2395 6128
5239 6129
4919 6129
7031 6129
5233 6129
5522 6129
5945 6129
1077 6129
3370 6129
3934 6129
1419 6129
2763 6129
6966 6130
3270 6130
6622 6130
172 6130
5694 6130
3879 6130
2204 6130
6673 6130
3408 6130
7520 6130
6132 6130
5778 6130
199 6130
729 6130
