536 618
2713 618
2643 618
908 618
2067 618
2620 618
4061 618
2960 618
722 618
8125 618
2659 618
918 619
1678 619
480 619
3819 619
1230 619
7958 619
7756 619
4311 619
2214 619
3977 619
1542 619
3774 619
2315 619
2726 620
824 620
3783 620
4805 620
3174 620
4041 620
1261 620
6727 620
1364 620
6740 620
2 620
4139 620
4198 620
3382 620
3584 620
2235 620
5641 620
3704 620
7712 620
2646 621
706 621
5142 621
322 621
6717 621
6201 621
2150 621
2123 621
40 621
6373 621
314 621
6962 621
5225 621
2071 621
3182 621
6814 622
3543 622
7651 622
2987 622
1302 622
3081 622
5805 622
5650 622
3867 622
1257 622
7192 622
4603 622
5744 622
5465 622
3770 622
170 622
2549 623
3349 623
7695 623
7541 623
5785 623
4121 623
1213 623
1567 623
2763 623
8289 623
2165 623
2569 623
3904 623
2960 623
7094 624
5477 624
7456 624
7944 624
2650 624
8168 624
2606 624
8086 624
6643 624
4466 624
5006 624
511 624
3964 624
2620 625
5696 625
2522 625
7158 625
4706 625
2290 625
6055 625
8282 625
3924 625
4566 625
222 625
2903 625
5007 625
2065 625
4496 625
5946 625
1074 625
5968 625
6677 625
2246 625
5597 626
134 626
6949 626
1461 626
3552 626
7797 626
7119 626
5440 626
827 626
5141 626
5511 626
3264 626
370 626
1913 626
1679 626
4406 626
733 626
951 626
5548 626
7802 626
2202 626
4175 626
6115 626
4069 627
1218 627
5157 627
6309 627
6864 627
721 627
130 627
1178 627
2104 627
30 627
1478 627
7343 627
7465 627
3304 628
4875 628
1139 628
6417 628
5155 628
3462 628
2277 628
7320 628
908 628
7962 628
1410 628
4505 628
7282 628
7639 628
1392 628
1762 628
7946 628
7297 628
7435 628
6377 628
6719 628
1583 628
7049 629
2968 629
3537 629
6685 629
7710 629
467 629
2031 629
7777 629
3982 629
4978 629
5941 629
5695 629
5025 629
2481 630
7634 630
3269 630
630 630
3683 630
347 630
3405 630
485 630
319 630
3606 630
7361 630
6710 630
7901 630
5309 630
5686 630
7182 630
4039 630
7438 630
5614 630
1467 630
5994 630
6140 630
7255 630
6763 630
5046 630
8203 631
2972 631
7525 631
5289 631
3955 631
5272 631
2680 631
2909 631
3006 631
6858 631
7475 631
4899 631
3789 631
3743 631
7377 631
3120 631
4174 632
1564 632
2248 632
2653 632
3572 632
4529 632
3673 632
1650 632
2494 632
2269 632
6569 632
3300 632
6953 632
5615 632
2879 632
1357 632
7604 632
6131 632
5003 633
3972 633
3638 633
292 633
7675 633
4374 633
4030 633
11 633
7073 633
353 633
6753 633
725 633
5138 633
337 634
6208 634
3352 634
5543 634
2527 634
7457 634
4327 634
5582 634
231 634
49 634
556 634
3953 634
5005 634
2607 634
5991 634
308 634
3702 634
4776 634
1563 634
3218 634
4121 634
3019 634
2278 635
6076 635
3462 635
1685 635
3671 635
6292 635
485 635
8257 635
1668 635
5794 635
8129 635
2746 635
164 635
4312 635
3409 635
1150 635
5446 636
1149 636
7630 636
5357 636
5061 636
3383 636
6122 636
6966 636
1055 636
7508 636
4972 636
982 636
5944 636
523 636
2230 636
3092 636
2963 636
4871 636
1724 636
1322 636
2140 636
5816 637
5142 637
5997 637
161 637
889 637
2973 637
311 637
4429 637
2899 637
2050 637
2537 637
6066 638
5286 638
3772 638
5815 638
2843 638
5927 638
398 638
8297 638
4228 638
4870 638
7878 638
3676 639
975 639
6727 639
4266 639
4505 639
3248 639
7423 639
5683 639
1448 639
1198 639
4938 639
3960 640
5110 640
762 640
7224 640
2705 640
583 640
7986 640
2225 640
4943 640
1808 640
2448 640
5185 640
6211 640
7802 640
7629 640
2741 641
2899 641
3859 641
1703 641
634 641
5980 641
6641 641
6029 641
1732 641
6253 641
1255 641
2356 641
4963 641
3750 641
7730 641
1609 641
704 641
3982 641
6208 641
7837 641
3280 642
2265 642
6467 642
2048 642
154 642
1700 642
7803 642
212 642
1049 642
7578 642
377 642
3706 642
5082 642
7837 643
7539 643
1887 643
5924 643
1081 643
2919 643
2162 643
4061 643
967 643
4411 643
4454 643
3770 643
6353 643
1890 643
1719 643
2513 643
1960 643
7940 643
1910 643
1248 643
7367 644
7959 644
5674 644
5053 644
5261 644
6856 644
7487 644
1101 644
3702 644
4453 644
1690 644
6649 645
5419 645
7071 645
109 645
609 645
5944 645
2728 645
3192 645
4727 645
5190 645
2968 645
5798 645
1348 645
6523 645
4561 645
5057 645
2479 645
7850 645
4742 645
3070 645
5216 646
974 646
7758 646
7203 646
3046 646
3223 646
4512 646
8280 646
5565 646
7374 646
7225 646
2960 646
4591 646
4579 646
4161 646
5533 646
281 646
4596 647
4012 647
7352 647
1704 647
7832 647
5153 647
5896 647
8152 647
7504 647
835 647
4556 647
6331 647
1612 647
648 648
4384 648
836 648
734 648
6932 648
5075 648
5654 648
2775 648
4110 648
5047 648
1497 648
3343 648
6632 648
2736 648
4896 649
7753 649
811 649
6908 649
1763 649
8231 649
7217 649
7592 649
6467 649
2935 649
687 649
2209 649
6557 649
2795 649
8244 649
3470 649
1858 649
7457 649
2647 649
3075 649
1440 649
2735 649
4378 650
6782 650
4387 650
1708 650
6537 650
5648 650
6684 650
4125 650
7625 650
7894 650
6118 650
1282 650
6355 650
7333 651
1560 651
1407 651
2292 651
1690 651
652 652
3080 652
1546 652
1003 652
3307 652
4388 652
6313 652
5338 652
198 652
7607 652
6 652
6732 652
5252 652
1894 653
571 653
2230 653
4801 653
3892 653
5875 653
8075 653
69 653
4014 653
7086 653
2233 653
2313 653
3568 653
3067 653
2239 653
7217 653
3371 653
8092 653
3171 654
553 654
1500 654
1901 654
5410 654
5781 654
4069 654
8269 654
1023 654
3327 654
4962 654
1374 654
619 654
6755 654
6007 654
7113 654
7591 655
6506 655
2481 655
6000 655
2316 655
6651 655
2719 655
3510 655
6985 655
60 655
4931 655
7482 655
5259 655
7302 655
2139 655
2128 656
7127 656
5421 656
5112 656
437 656
6388 656
2999 656
2306 656
358 656
3277 656
4820 656
1373 656
611 656
399 656
6030 656
1460 656
1388 657
898 657
508 657
660 657
1133 657
513 657
1792 657
7078 657
4501 657
1459 657
5955 657
4684 657
7234 657
7227 657
2709 657
592 657
2366 657
3122 657
637 658
3102 658
4127 658
3786 658
6136 658
6605 658
4274 658
7727 658
1081 658
5370 658
3746 659
2421 659
3122 659
4859 659
6179 659
5314 659
2758 659
3072 659
5448 659
3365 659
1551 659
145 659
7431 659
3711 659
5149 659
869 660
2822 660
980 660
7523 660
4162 660
3408 660
8004 660
3322 660
3032 660
4977 660
2239 660
1532 661
4545 661
6002 661
5982 661
3331 661
6319 661
645 661
2005 661
2932 661
4977 661
8032 661
5663 661
7452 661
6030 661
4076 661
6894 661
1859 661
5357 661
1509 662
6545 662
3846 662
6260 662
2192 662
2425 662
6060 662
1949 662
4520 662
4997 662
2803 662
2478 662
3832 662
6905 662
1870 663
7160 663
6457 663
2048 663
6628 663
1500 663
2427 663
4238 663
4454 663
5452 663
4065 664
4554 664
3632 664
1744 664
7912 664
222 664
5215 664
4658 664
6850 664
299 664
6108 664
4368 664
4725 664
1524 664
6844 665
2650 665
1710 665
4232 665
6898 665
507 665
1023 665
3634 665
7277 665
5621 666
90 666
2276 666
4220 666
5088 666
7842 666
7528 666
288 666
6909 666
4574 666
4439 666
7763 666
5148 666
7960 666
7310 666
6229 666
6691 666
4912 666
2585 666
2328 666
4662 666
2427 666
1782 666
8198 666
7430 666
4496 666
5615 666
6912 667
5169 667
6536 667
664 667
3810 667
5941 667
3706 667
5795 667
789 667
2031 667
5319 667
7227 667
1610 667
7887 667
3900 667
5061 667
2765 667
365 667
2841 668
6837 668
4290 668
3475 668
1855 668
7447 668
6706 668
2252 668
6627 668
1615 668
5149 668
2301 668
1779 668
3811 668
7283 668
4458 668
6676 669
1145 669
4558 669
3093 669
2987 669
283 669
3099 669
7017 669
7173 669
4030 669
4769 669
25 669
7255 669
2277 669
7738 669
3154 669
2909 669
3547 669
3116 669
6363 669
3789 669
4631 669
1339 670
8155 670
4271 670
7925 670
1867 670
6003 670
1968 670
7392 670
5161 670
4562 670
7958 670
2197 670
1264 670
7253 670
1889 670
4870 670
5388 670
3811 670
6098 670
2807 670
7105 670
305 670
3523 671
2753 671
3034 671
2786 671
6201 671
478 671
5258 671
2836 671
1413 671
3147 671
2764 671
2139 671
5896 672
4823 672
7065 672
420 672
3101 672
6594 672
6727 672
5605 672
7511 672
6695 672
1391 672
733 672
73 672
4109 672
3781 672
8168 672
781 672
5461 673
6063 673
5667 673
2171 673
3227 673
2196 673
2492 673
7215 673
3659 673
7614 673
2036 673
1927 673
629 673
6366 673
2537 673
497 673
2257 673
3908 673
3609 673
3577 673
4766 674
8120 674
3424 674
7161 674
6576 674
5672 674
6520 674
3868 674
232 674
5039 674
4592 674
3123 674
1195 675
3373 675
716 675
4669 675
1205 675
4640 675
5344 675
5752 675
5438 676
1231 676
1139 676
2401 676
7258 676
3010 676
966 676
4102 676
1315 676
4403 676
2479 676
3905 676
1989 676
2637 676
7944 676
1808 676
1765 676
4856 676
3152 676
1562 676
3113 677
2580 677
5357 677
7639 677
5742 677
646 677
6575 677
5077 677
3445 677
2574 677
7505 677
2122 677
6343 677
2397 677
1497 677
6163 677
2252 678
678 678
3479 678
2468 678
7246 678
3281 678
2894 678
4899 678
5434 678
7115 678
1886 678
1903 678
664 678
3437 678
3622 678
7359 678
3147 678
7281 678
2474 678
278 678
2930 678
7389 678
2608 679
4235 679
1371 679
6228 679
3251 679
6466 679
2508 679
980 679
3761 679
5610 679
1135 679
240 679
1563 679
8192 679
3084 680
3289 680
4734 680
829 680
1182 680
4966 680
6970 680
625 680
5867 680
5108 680
389 680
7532 680
2735 680
3016 680
611 680
3555 680
197 680
2599 680
5193 680
2527 680
993 680
8011 681
1163 681
7946 681
7705 681
5536 681
883 681
1947 681
5248 681
1458 681
2207 681
3456 681
2741 681
6397 681
5208 681
4663 681
1483 681
60 681
2108 681
7758 681
2693 681
3040 681
8289 681
6668 681
2595 681
1458 682
6538 682
6417 682
6246 682
6332 682
7927 682
6180 682
3580 682
6601 682
895 682
5063 682
6984 682
3197 682
7299 682
560 682
5593 682
7591 682
3517 682
433 683
3975 683
2145 683
322 683
1042 683
548 683
7630 683
5358 683
4815 683
1668 683
1078 683
3249 683
3086 683
7213 684
7911 684
684 684
2463 684
2715 684
7861 684
3999 684
2841 684
1999 684
4452 684
5533 684
3192 684
2005 684
2277 685
6179 685
5093 685
3676 685
7366 685
377 685
7867 685
2395 685
2311 685
7466 685
3249 685
4844 685
2649 685
7644 685
7132 685
5333 685
6406 685
3037 685
32 685
8145 685
4529 686
4114 686
4925 686
5182 686
5134 686
540 686
1077 686
3861 686
897 686
1894 686
320 686
5459 686
5087 686
6424 686
2110 686
7021 686
3855 686
2940 686
7873 686
1478 686
1087 686
7270 687
2720 687
267 687
3727 687
3264 687
6397 687
3545 687
4144 687
5566 687
1672 687
8072 687
808 687
1441 687
6188 687
5007 687
4888 687
6493 687
8237 687
992 687
2795 687
5545 687
6405 688
803 688
2650 688
4155 688
6831 688
3657 688
175 688
2070 688
4107 688
7384 688
4050 688
2861 688
1881 689
688 689
4059 689
5574 689
3759 689
4311 689
1441 689
1405 689
1401 689
7432 689
7634 689
4648 689
7405 689
2531 689
7382 689
7430 689
8026 689
2629 689
7973 689
4080 689
2325 689
200 689
1665 689
603 690
8024 690
5415 690
3005 690
293 690
8279 690
686 690
3416 690
2549 690
4356 690
6489 690
5225 690
525 690
753 690
6763 690
7969 690
3763 690
691 691
2607 691
3980 691
8180 691
6716 691
3136 691
1758 691
2084 691
5960 691
3645 691
1209 691
7488 691
8166 691
7576 691
3891 691
3950 692
5440 692
5006 692
5489 692
5697 692
5007 692
1046 692
4362 692
199 692
4769 692
4888 692
6509 692
1051 692
5121 692
1634 692
6004 692
693 693
3974 693
685 693
4397 693
5057 693
2479 693
2358 693
6947 693
5789 693
436 693
362 693
6529 693
2375 693
7282 693
6277 693
7246 693
6276 693
515 693
1452 694
37 694
8072 694
5909 694
1707 694
3354 694
2324 694
6333 694
6467 694
3742 694
1371 694
2972 694
2762 694
4857 694
5978 694
1332 694
560 694
7849 694
2351 694
6221 694
4586 695
5336 695
5549 695
987 695
4537 695
6650 695
125 695
8135 695
1567 695
7139 695
4022 695
5599 695
4792 695
4283 695
197 696
1031 696
2791 696
1892 696
165 696
6405 696
1501 696
3853 696
3026 696
5936 696
7069 696
3555 696
5550 696
6516 696
4003 696
2237 697
1280 697
2734 697
6226 697
144 697
3651 697
3137 697
1104 697
5409 697
3638 697
3153 697
7691 697
1704 697
772 697
2217 697
4146 697
271 697
3104 697
5278 698
410 698
3602 698
8034 698
5489 698
5266 698
1400 698
6842 698
126 698
2419 698
4641 698
6117 698
46 698
6715 699
5779 699
2099 699
1669 699
2116 699
742 699
7825 699
7521 699
2990 699
8271 699
7943 699
30 699
5234 699
1708 699
4515 699
1917 699
6716 699
1135 699
3783 699
5258 700
1428 700
8116 700
624 700
7399 700
2844 700
470 700
5636 700
3527 700
6767 700
4008 700
5166 700
606 700
5194 700
7725 700
4416 700
614 700
2772 700
6540 700
5474 701
1198 701
715 701
5919 701
7861 701
5613 701
898 701
4206 701
664 701
2795 701
6867 701
6320 701
3019 701
2265 701
5656 701
5626 702
7365 702
5264 702
2148 702
4327 702
5512 702
2397 702
1078 702
219 702
6709 702
4376 702
7701 702
364 702
779 702
3209 702
4855 702
7629 702
7227 702
4160 703
1979 703
5184 703
622 703
6460 703
5176 703
3353 703
1645 703
3756 703
5087 703
364 703
4086 703
4862 703
6475 703
7274 704
1188 704
7716 704
5560 704
6496 704
4685 704
156 704
8152 704
2557 704
2917 704
685 704
321 704
4125 704
5443 704
7629 704
2727 704
7236 704
1348 704
4604 704
7307 705
3836 705
4794 705
5068 705
3549 705
967 705
7029 705
195 705
2439 705
2675 705
2557 705
4673 705
2099 705
4668 705
3083 705
72 705
4837 705
6813 705
7786 706
6587 706
1101 706
7075 706
6696 706
8229 706
2738 706
6947 706
2600 706
950 706
1639 706
829 706
3958 707
3286 707
2577 707
5157 707
618 707
6466 707
1277 707
2250 707
7283 707
5527 707
1305 707
2439 707
6888 707
4005 707
667 707
1554 707
730 707
4416 707
1473 707
1760 708
4414 708
2774 708
7070 708
3083 708
7142 708
6413 708
7701 708
437 708
7822 708
6865 708
6610 708
5743 708
5114 708
4732 708
4381 709
941 709
3742 709
4540 709
3710 709
5776 709
3631 709
846 709
717 709
6844 709
4750 710
8110 710
2421 710
1376 710
2498 710
6208 710
6768 710
3648 710
1017 710
1963 710
927 710
7352 711
100 711
1186 711
4464 711
4636 711
5449 711
8254 711
5832 711
2269 711
3687 711
6275 711
1844 711
2140 711
167 711
5838 711
4632 711
5043 712
7115 712
5597 712
199 712
5753 712
1720 712
7211 712
500 712
4225 712
4201 712
1562 712
3980 712
3675 712
5801 712
5691 712
165 712
7997 713
3166 713
3445 713
565 713
438 713
3609 713
6733 713
2654 713
3802 713
704 713
4423 713
5453 713
4464 713
4704 714
6510 714
5719 714
6229 714
5033 714
5686 714
6661 714
4357 714
882 714
3870 714
5955 714
8088 715
4722 715
906 715
6959 715
1323 715
5806 715
1728 715
3357 715
76 715
1914 715
6947 715
5078 715
5830 715
4575 715
5596 715
5618 715
3612 715
4570 715
5771 715
1858 715
6248 715
2582 715
6924 716
7000 716
1339 716
2691 716
4290 716
4480 716
7487 716
3019 716
5215 716
7933 716
4753 716
4942 716
5423 716
5910 716
4907 716
1280 716
3101 716
1472 716
1594 716
465 716
3246 717
5936 717
6989 717
1475 717
3680 717
4273 717
4633 717
96 717
442 717
5068 717
1870 717
1681 717
5232 717
2405 717
4271 717
6317 717
4427 717
4730 717
7920 717
1523 717
6144 718
3304 718
748 718
6650 718
3183 718
3974 718
5545 718
2641 718
6342 718
4112 718
1046 718
2066 718
6827 718
7539 718
6916 718
4673 718
2441 718
6177 718
7562 719
4097 719
2352 719
1797 719
4772 719
4075 719
7738 719
3863 719
1255 719
4191 719
5049 719
357 719
5654 720
6681 720
7384 720
525 720
5003 720
7020 720
5835 720
4258 720
6237 720
126 720
1521 720
1390 720
182 720
6776 720
5868 721
8138 721
7850 721
5421 721
1330 721
8154 721
2929 721
2565 721
5524 721
4931 721
7835 721
2999 721
908 721
995 722
2913 722
6305 722
4235 722
6828 722
7533 722
4708 722
1613 722
7021 722
3464 723
7357 723
2053 723
3693 723
3542 723
5792 723
7340 723
1881 723
5169 723
4497 723
2512 723
6681 723
6485 723
4780 723
270 723
5951 723
1058 723
6773 723
3113 723
2207 724
4179 724
1517 724
6225 724
4327 724
4858 724
4139 724
6687 724
3439 724
2166 724
2693 724
681 725
7373 725
5940 725
2965 725
4242 725
7038 725
2459 725
4254 725
5255 725
1278 725
3002 725
4747 725
4651 725
5055 725
3371 725
4575 726
4713 726
7456 726
4446 726
1963 726
5447 726
1730 726
5624 726
3809 726
7714 726
6837 726
5804 726
183 726
82 726
3338 726
4655 726
7282 726
1055 726
3637 726
6090 726
2400 726
6683 727
2831 727
4502 727
882 727
7147 727
936 727
1105 727
5775 727
4949 727
7870 727
2565 727
381 727
3680 727
1442 727
7486 727
7862 727
4045 728
5185 728
285 728
5641 728
6359 728
3406 728
7505 728
6239 728
278 728
7978 728
1923 728
1240 728
6772 728
7580 728
2233 728
7400 728
3034 728
7940 728
4488 728
481 728
2008 728
716 728
1918 729
6661 729
305 729
5428 729
7531 729
6783 729
893 729
8115 729
6026 729
2260 729
7438 729
5258 729
3485 729
7925 729
1200 729
1870 729
6431 729
5037 729
1356 729
345 730
5654 730
174 730
3177 730
2377 730
1372 730
4356 730
5656 730
2439 730
7722 730
6948 730
7371 730
6368 730
3688 730
5789 730
597 730
7033 730
6406 730
4780 731
5116 731
6892 731
3641 731
661 731
6691 731
1787 731
5539 731
2585 731
2294 731
8284 731
3976 731
5082 731
6094 731
1454 731
4237 731
4531 731
7224 731
7556 731
7245 731
5801 731
5927 731
5624 731
4195 731
732 732
3954 732
5976 732
7646 732
598 732
1474 732
4070 732
7742 732
5899 732
706 732
5007 732
2758 732
5097 732
839 732
3684 732
5732 732
6656 732
4654 732
4107 733
2415 733
2008 733
7323 733
8295 733
7678 733
5781 733
2310 733
6529 733
8103 733
2436 733
5736 733
2443 733
2071 733
1594 733
7231 733
3442 733
864 734
7255 734
8160 734
6472 734
7173 734
5448 734
556 734
1224 734
3793 734
5109 734
3927 734
7957 734
2507 734
8139 734
2378 734
3575 734
2749 734
3858 734
5173 734
2909 734
5397 734
7852 735
5118 735
5866 735
7192 735
6250 735
5048 735
1536 735
903 735
4742 735
21 735
1310 735
721 735
7782 735
7804 736
1890 736
7330 736
6840 736
4158 736
479 736
2450 736
2200 736
6625 736
4866 736
1475 736
5575 736
1551 736
4041 736
4232 736
7621 737
846 737
4555 737
4977 737
7053 737
6756 737
597 737
7296 737
137 737
5703 737
3856 737
8295 737
7927 737
8255 737
5832 737
3005 737
5149 737
5278 737
565 737
2072 737
5574 737
1750 737
5092 737
7967 738
3955 738
3026 738
2300 738
2036 738
6171 738
5150 738
4509 738
4360 738
4478 738
7491 739
1940 739
6360 739
1527 739
2549 739
6463 739
4047 739
6428 739
5514 739
3243 739
7469 739
4885 739
2570 739
1007 739
3551 740
4340 740
609 740
866 740
642 740
8205 740
3562 740
2543 740
2287 740
4581 740
1341 740
4763 740
5957 740
7983 740
593 740
7608 740
741 741
