6704 6130
6268 6130
5881 6130
5491 6130
806 6130
6909 6130
2625 6130
7323 6130
8137 6130
279 6131
3167 6131
2574 6131
3329 6131
1615 6131
6689 6131
2832 6131
5127 6131
327 6131
3870 6131
4151 6131
3129 6131
2513 6131
5017 6131
5438 6131
774 6131
3147 6131
4608 6131
7991 6131
6429 6132
3563 6132
8139 6132
609 6132
1549 6132
6687 6132
440 6132
7238 6132
3761 6132
1749 6132
3683 6132
3851 6132
5745 6133
5134 6133
7361 6133
1641 6133
4324 6133
4082 6133
1972 6133
258 6133
1725 6133
8114 6133
4525 6133
4204 6133
4201 6133
2987 6133
7711 6133
7348 6133
7033 6133
5100 6133
1794 6133
5990 6133
7929 6134
5021 6134
3325 6134
3927 6134
3612 6134
7085 6134
7113 6134
4001 6134
3124 6134
5049 6134
6246 6134
4321 6134
7393 6134
856 6134
3810 6134
247 6134
3575 6134
5659 6134
2424 6135
724 6135
5649 6135
5907 6135
7310 6135
3015 6135
2777 6135
6000 6135
4895 6135
1269 6135
3700 6135
6646 6135
3407 6135
759 6135
2018 6135
7867 6135
6962 6136
5137 6136
6364 6136
5152 6136
4379 6136
4280 6136
3235 6136
1483 6136
4000 6136
2128 6136
1620 6136
5228 6136
7396 6136
735 6136
2982 6136
4929 6136
1405 6136
4461 6136
3022 6136
7710 6136
2869 6136
1839 6136
929 6136
6775 6136
5410 6136
3343 6137
1599 6137
6802 6137
4545 6137
1972 6137
1379 6137
5719 6137
5189 6137
7796 6137
94 6137
5243 6137
136 6137
3935 6137
3992 6137
5654 6137
6658 6137
7841 6137
3863 6137
4309 6137
6733 6137
3128 6138
6714 6138
4356 6138
3969 6138
6513 6138
8166 6138
7550 6138
7907 6138
7480 6138
938 6138
4799 6138
6430 6138
7377 6138
1993 6138
7725 6138
771 6138
1889 6138
6711 6139
48 6139
5389 6139
5175 6139
550 6139
2949 6139
1378 6139
7357 6139
5524 6139
5466 6139
3344 6139
2922 6140
1029 6140
5315 6140
649 6140
1632 6140
3654 6140
7129 6140
8075 6140
6090 6140
5311 6140
7716 6140
7264 6140
1464 6140
5 6140
97 6141
5618 6141
1993 6141
2455 6141
3741 6141
3142 6141
7582 6141
3836 6141
138 6141
4049 6141
434 6141
893 6141
5377 6141
6064 6141
4790 6141
8267 6141
4933 6141
2585 6141
4640 6141
7247 6141
900 6141
5917 6141
1261 6141
6013 6142
2 6142
5549 6142
4879 6142
980 6142
6971 6142
5960 6142
1726 6142
4708 6142
4427 6142
3606 6142
867 6142
2229 6142
2924 6143
3858 6143
1494 6143
3147 6143
7632 6143
292 6143
5301 6143
6937 6143
1489 6143
5263 6143
1015 6143
5884 6143
1921 6143
6274 6143
2168 6143
7084 6143
2498 6143
6610 6143
1865 6143
6628 6143
2547 6143
1407 6144
8017 6144
5950 6144
8286 6144
2645 6144
5837 6144
3037 6144
7399 6144
2292 6144
2321 6144
2131 6144
7563 6144
1973 6144
935 6144
786 6144
6881 6144
3157 6144
867 6144
3432 6144
7589 6144
4079 6145
250 6145
5207 6145
1700 6145
4464 6145
5172 6145
2306 6145
7228 6145
6704 6145
5289 6145
2486 6145
4519 6145
3 6145
2443 6145
5212 6145
6304 6146
6472 6146
7847 6146
1632 6146
4262 6146
5538 6146
4791 6146
5119 6146
3823 6146
3181 6146
1323 6146
1467 6146
434 6146
8162 6146
7478 6146
6637 6146
4467 6147
8016 6147
181 6147
364 6147
5894 6147
984 6147
2893 6147
2732 6147
4085 6147
8254 6147
7758 6147
3414 6147
7447 6147
6024 6147
7894 6147
4198 6147
4779 6147
7936 6147
355 6147
6557 6147
2012 6147
7087 6148
2988 6148
3029 6148
5087 6148
3166 6148
5101 6148
6406 6148
4259 6148
5938 6148
832 6148
1355 6148
3445 6148
460 6148
1690 6148
7286 6148
8236 6148
7569 6148
6420 6148
6592 6148
4492 6148
2709 6148
6146 6148
6646 6148
553 6149
1632 6149
5806 6149
1639 6149
8162 6149
6513 6149
4076 6149
4137 6149
7443 6149
7654 6149
457 6149
7173 6149
3181 6149
5973 6149
1673 6149
5154 6149
1161 6149
2981 6150
1332 6150
6220 6150
5950 6150
4204 6150
637 6150
4250 6150
2545 6150
9 6150
5102 6150
525 6150
7245 6150
6813 6150
4375 6150
6580 6150
6702 6150
4506 6150
4079 6151
5745 6151
855 6151
3453 6151
2242 6151
6019 6151
7291 6151
2829 6151
2282 6151
6729 6151
1873 6151
1595 6151
7497 6151
4916 6152
3506 6152
3120 6152
5990 6152
6261 6152
863 6152
5548 6152
1224 6152
6554 6152
7277 6152
1304 6152
2705 6152
8178 6153
4309 6153
3659 6153
529 6153
2935 6153
5301 6153
6828 6153
84 6153
1289 6153
392 6153
6228 6153
6772 6153
4283 6153
2262 6153
637 6154
1275 6154
2365 6154
6375 6154
2122 6154
4791 6154
7293 6154
3201 6154
7151 6154
8030 6154
7870 6154
2768 6154
5404 6154
7201 6154
4801 6154
5163 6154
6909 6154
1428 6154
7386 6155
5700 6155
3202 6155
1082 6155
3882 6155
2831 6155
636 6155
3630 6155
568 6155
72 6155
633 6155
4621 6156
4212 6156
6398 6156
4521 6156
5451 6156
7008 6156
4859 6156
5214 6156
5138 6156
7428 6156
269 6156
3797 6156
7905 6156
6157 6157
1788 6157
3641 6157
3314 6157
3102 6157
5927 6157
904 6157
1707 6157
4684 6157
5357 6157
6953 6157
6864 6157
7824 6157
384 6157
1295 6157
57 6157
1005 6157
4995 6157
5715 6157
2749 6157
135 6158
8032 6158
4294 6158
2267 6158
7833 6158
486 6158
2536 6158
4802 6158
5972 6158
6523 6158
937 6158
7452 6158
7590 6158
4317 6158
3088 6159
7079 6159
6000 6159
5243 6159
7211 6159
3373 6159
6580 6159
6587 6159
7691 6159
5626 6159
2945 6159
2495 6159
2814 6159
6250 6159
1374 6159
5683 6159
6246 6159
5770 6159
7030 6159
661 6159
5884 6159
2345 6159
3857 6159
2234 6159
8000 6159
4526 6159
7786 6159
224 6160
6811 6160
1790 6160
5125 6160
3796 6160
620 6160
3590 6160
668 6160
1061 6160
824 6160
3867 6160
3924 6160
5291 6160
1708 6160
1396 6160
2898 6161
5057 6161
1246 6161
6773 6161
1715 6161
6502 6162
7697 6162
2329 6162
7794 6162
3551 6162
7036 6162
7716 6162
4670 6162
6531 6162
6340 6162
768 6162
5001 6162
1372 6162
249 6162
7850 6162
685 6162
3302 6162
965 6162
8157 6162
7364 6162
5109 6163
5119 6163
4947 6163
1528 6163
1263 6163
3963 6163
7675 6163
6098 6163
4975 6163
5176 6163
7161 6163
5101 6163
7815 6163
585 6163
991 6163
4252 6163
3092 6163
7036 6163
387 6163
827 6164
28 6164
5961 6164
469 6164
7160 6164
2842 6164
6628 6164
5482 6164
1238 6164
6279 6164
2956 6164
7952 6164
6737 6164
7791 6164
8139 6164
5714 6164
48 6164
6964 6164
6735 6164
5324 6164
3802 6164
7260 6164
5252 6164
2924 6164
6730 6164
3438 6164
1171 6164
7310 6165
8201 6165
4117 6165
8277 6165
4750 6165
6700 6165
4004 6165
620 6165
1157 6165
2785 6165
2774 6165
3597 6165
1029 6166
6249 6166
3680 6166
7675 6166
2157 6166
7431 6166
6024 6166
963 6166
6696 6166
2805 6166
6403 6166
1760 6166
137 6166
4901 6166
4642 6166
5718 6166
268 6167
7551 6167
7066 6167
1323 6167
3119 6167
4287 6167
2349 6167
1857 6167
6563 6167
7771 6167
7270 6167
2594 6167
2012 6167
6858 6167
4520 6168
1683 6168
7017 6168
4724 6168
3229 6168
5593 6168
5625 6168
3400 6168
1248 6168
8290 6168
499 6168
4950 6168
2508 6168
4617 6168
6576 6168
2778 6168
3408 6168
3250 6168
33 6168
4130 6169
3405 6169
525 6169
2261 6169
3932 6169
3420 6169
1492 6169
4562 6169
2076 6169
2138 6169
8016 6169
7965 6170
5076 6170
6732 6170
3371 6170
5386 6170
7310 6170
8132 6170
7582 6170
3059 6170
2072 6170
2874 6170
864 6170
7514 6170
7565 6170
5390 6170
1895 6170
3527 6170
5242 6170
7976 6170
337 6170
1120 6170
4100 6171
7274 6171
2060 6171
7762 6171
2732 6171
127 6171
5234 6171
1365 6171
3453 6171
5201 6171
7525 6171
1322 6171
6258 6171
4677 6171
8296 6171
2047 6171
6573 6172
2726 6172
6211 6172
6531 6172
2318 6172
5153 6172
8127 6172
288 6172
3804 6172
3438 6172
2398 6172
7996 6172
3675 6172
3487 6173
5777 6173
2715 6173
638 6173
5613 6173
7269 6173
105 6173
3517 6173
3642 6173
4570 6173
2217 6173
6156 6173
3089 6173
7976 6173
846 6173
2811 6173
1911 6174
3907 6174
6668 6174
176 6174
4798 6174
5625 6174
5377 6174
3789 6174
6705 6174
7601 6174
2795 6174
5830 6174
836 6175
2321 6175
7981 6175
7234 6175
7737 6175
5113 6175
4545 6175
122 6175
6656 6175
5136 6175
937 6175
4909 6175
7836 6175
6453 6175
2334 6175
1096 6175
5914 6175
4220 6175
3867 6175
3563 6175
2324 6175
713 6175
7518 6176
1734 6176
7082 6176
5224 6176
4274 6176
2981 6176
1479 6176
1355 6176
1615 6176
3021 6176
4411 6176
4804 6176
2231 6176
90 6176
8013 6176
839 6176
6886 6176
288 6176
6809 6177
1458 6177
4730 6177
4272 6177
3016 6177
5481 6177
6710 6177
6716 6177
6757 6177
2072 6177
3958 6177
1088 6177
275 6177
6770 6177
2630 6177
834 6177
4140 6177
72 6177
7236 6177
6563 6178
904 6178
5781 6178
5654 6178
2740 6178
559 6178
1587 6178
7443 6178
2893 6178
4866 6178
2866 6178
6417 6178
4550 6178
2785 6178
3329 6178
1349 6178
606 6178
6131 6178
7463 6179
7046 6179
4536 6179
4768 6179
2110 6179
991 6179
4440 6179
3977 6179
2704 6179
8137 6179
2600 6179
3867 6179
6169 6179
966 6179
1767 6179
4748 6180
2888 6180
3307 6180
3284 6180
2676 6180
2008 6180
764 6180
8253 6180
6919 6180
1574 6180
4856 6180
2557 6180
5145 6180
3735 6180
933 6181
6773 6181
2787 6181
6457 6181
3763 6181
6469 6181
7944 6181
2230 6181
2365 6181
773 6181
1185 6181
2290 6181
5209 6181
3596 6181
3688 6181
2080 6181
5547 6181
1914 6182
1369 6182
5866 6182
5834 6182
1366 6182
7430 6182
2443 6182
7029 6182
5393 6182
2017 6182
6171 6182
5109 6182
7937 6182
1051 6182
4092 6182
2655 6182
3735 6182
6555 6182
4249 6182
7456 6182
1835 6182
4348 6183
3288 6183
8037 6183
4007 6183
3132 6183
7199 6183
3322 6183
2254 6183
6713 6183
2268 6183
3234 6183
315 6183
2048 6183
5775 6183
4590 6183
5221 6183
3985 6184
1376 6184
6516 6184
4047 6184
3799 6184
6992 6184
672 6184
257 6184
6435 6184
821 6184
2377 6184
7941 6184
533 6185
6185 6185
2063 6185
1268 6185
2174 6185
1781 6185
130 6185
895 6185
148 6185
3998 6185
3364 6185
7568 6185
6550 6185
989 6185
1537 6185
322 6185
8257 6185
828 6185
6191 6186
5149 6186
4123 6186
6213 6186
2841 6186
6342 6186
182 6186
2655 6186
917 6186
7744 6186
7097 6186
6520 6186
4523 6186
6886 6186
2912 6187
6210 6187
1230 6187
1811 6187
4857 6187
523 6187
3182 6187
3934 6187
3154 6187
3873 6187
5631 6187
3245 6187
30 6187
519 6187
7981 6187
5084 6187
2269 6187
2989 6187
2666 6187
6621 6187
3900 6187
186 6188
5593 6188
2762 6188
7176 6188
7601 6188
1356 6188
5941 6188
7708 6188
7561 6188
5498 6188
6809 6188
1026 6188
566 6188
113 6188
5085 6188
1918 6188
1610 6188
4777 6188
6262 6189
145 6189
7614 6189
5803 6189
3803 6189
906 6189
5016 6189
3631 6189
6286 6189
7137 6189
6910 6189
1188 6189
950 6189
8292 6189
1791 6189
348 6189
4406 6189
1752 6189
6190 6190
6849 6190
889 6190
4174 6190
1007 6190
991 6190
2108 6190
1814 6190
3144 6190
7028 6190
120 6190
1498 6190
5855 6190
6067 6190
6695 6190
266 6190
5478 6190
6951 6190
4447 6190
6720 6190
4459 6190
3777 6190
4716 6190
562 6191
6342 6191
961 6191
7090 6191
3209 6191
5897 6191
999 6191
1027 6191
226 6191
371 6191
6600 6191
5758 6191
6695 6191
4594 6191
5246 6191
6985 6192
6241 6192
6943 6192
7359 6192
7311 6192
3982 6192
1326 6192
605 6192
5681 6192
4035 6192
2485 6192
199 6192
6600 6192
3725 6192
739 6192
1472 6193
4870 6193
4174 6193
6029 6193
5480 6193
283 6193
1815 6193
5120 6193
996 6193
8115 6193
7962 6193
2809 6193
1665 6193
3197 6194
5435 6194
584 6194
4017 6194
2752 6194
6356 6194
5518 6194
6696 6194
5183 6194
2415 6194
2710 6194
4723 6194
3396 6194
1097 6194
4348 6194
6740 6194
5527 6194
2512 6194
1103 6194
1964 6195
5294 6195
4533 6195
7293 6195
64 6195
7654 6195
4319 6195
7576 6195
5303 6195
7916 6195
1420 6196
7599 6196
497 6196
5203 6196
7347 6196
983 6196
841 6196
4797 6196
4582 6196
6779 6196
492 6196
7108 6196
7564 6196
4000 6196
2550 6196
7538 6196
6197 6197
2499 6197
7804 6197
5890 6197
3478 6197
6579 6197
5645 6197
3445 6197
1209 6197
5534 6197
5854 6197
1405 6197
6982 6197
133 6198
480 6198
1330 6198
2868 6198
3758 6198
3700 6198
5943 6198
1924 6198
4699 6198
6658 6198
7243 6198
1401 6198
3802 6198
1095 6198
3623 6199
6759 6199
5291 6199
1455 6199
2749 6199
885 6199
2509 6199
1108 6199
153 6199
896 6199
7634 6199
6842 6199
4621 6199
383 6199
7560 6199
790 6199
5690 6199
6592 6199
7493 6199
645 6200
6128 6200
4984 6200
5076 6200
2180 6200
2971 6200
2277 6200
2173 6200
6844 6200
3482 6200
8281 6200
6832 6200
4858 6200
2349 6200
7758 6201
1822 6201
4645 6201
8004 6201
5321 6201
713 6201
2550 6201
983 6201
7524 6201
6743 6201
6083 6201
7932 6201
6650 6202
4064 6202
6009 6202
6255 6202
5149 6202
5462 6202
7507 6202
1558 6202
1032 6202
7861 6202
882 6202
2139 6202
1273 6202
8210 6202
7519 6202
2365 6203
1792 6203
8077 6203
7465 6203
2413 6203
1495 6203
4403 6203
8072 6203
3095 6203
1056 6203
1005 6203
7390 6203
3147 6203
8124 6203
3908 6204
1452 6204
6800 6204
2282 6204
7121 6204
8034 6204
910 6204
345 6204
2410 6204
2516 6204
2247 6204
8175 6204
17 6204
1069 6204
4776 6204
7734 6204
650 6204
248 6204
6607 6204
2527 6204
2707 6205
3332 6205
3420 6205
471 6205
1732 6205
3657 6205
23 6205
7601 6205
7044 6205
6426 6205
3674 6205
7977 6205
3275 6205
6487 6205
8290 6205
1243 6205
3141 6205
4821 6206
7982 6206
5158 6206
4061 6206
3079 6206
742 6206
1458 6206
1676 6206
4160 6206
6772 6206
3419 6206
4212 6206
1145 6206
5586 6206
4024 6207
5049 6207
6198 6207
6713 6207
2958 6207
492 6207
3130 6207
6547 6207
5469 6207
3825 6207
5355 6207
2814 6207
1086 6207
2711 6207
582 6207
4541 6207
6989 6207
7770 6207
7970 6207
7116 6208
5297 6208
4880 6208
4340 6208
7505 6208
7799 6208
8041 6208
6133 6208
4801 6208
7164 6208
5088 6208
6072 6208
1870 6208
7469 6208
7293 6208
854 6208
2499 6208
6849 6208
2366 6209
1390 6209
6416 6209
2697 6209
3181 6209
381 6209
5143 6209
3621 6209
597 6209
5647 6209
122 6209
6414 6209
5872 6210
1921 6210
4313 6210
4760 6210
6606 6210
809 6210
2183 6210
853 6210
2395 6210
7396 6210
6410 6210
2263 6210
7829 6210
1526 6210
1757 6210
6063 6210
1497 6210
1414 6210
5102 6210
2736 6210
7348 6210
6550 6211
6094 6211
2246 6211
2974 6211
4706 6211
5892 6211
6691 6211
1691 6211
935 6211
3504 6211
2203 6211
1802 6211
7386 6211
6024 6211
3718 6211
4903 6211
2088 6211
6221 6211
6363 6211
113 6211
3974 6211
2567 6211
6229 6212
5332 6212
2152 6212
706 6212
6446 6212
2600 6212
5981 6212
1218 6212
2201 6212
5010 6212
7711 6212
8129 6212
2384 6212
5659 6212
6643 6212
2352 6213
5043 6213
1017 6213
8138 6213
7492 6213
1641 6213
7539 6213
6309 6213
5478 6213
4447 6213
675 6213
2233 6213
1734 6213
7731 6213
3157 6213
6647 6213
6866 6213
7231 6213
6667 6213
7488 6214
4667 6214
8170 6214
4155 6214
107 6214
3180 6214
1920 6214
4597 6214
94 6214
7202 6214
2492 6214
7205 6214
7397 6214
2425 6214
7986 6214
7129 6214
828 6214
6940 6214
4774 6214
6237 6214
2594 6214
2276 6214
5855 6215
221 6215
1284 6215
2885 6215
3246 6215
668 6215
561 6215
6358 6215
5026 6215
1293 6215
7215 6215
1901 6215
4995 6215
1972 6215
2900 6215
4768 6215
4394 6215
1149 6216
3652 6216
7397 6216
1058 6216
3836 6216
27 6216
2938 6216
8035 6216
5560 6216
6262 6216
5043 6216
1442 6216
5801 6216
2611 6216
6253 6216
4866 6216
97 6216
7911 6216
2891 6216
1461 6216
3540 6216
6676 6216
597 6216
4670 6216
4836 6216
3406 6216
5506 6217
2716 6217
7982 6217
7807 6217
4748 6217
2009 6217
5512 6217
1808 6217
6308 6217
3098 6217
2888 6217
1157 6217
2474 6217
6985 6217
3767 6217
2911 6217
5145 6217
2006 6218
2666 6218
7262 6218
1134 6218
7777 6218
6210 6218
5893 6218
4003 6218
23 6218
1890 6218
936 6218
5405 6218
3144 6219
4591 6219
2413 6219
2791 6219
3676 6219
6050 6219
3047 6219
3397 6219
7057 6219
4085 6219
1655 6219
5255 6219
5644 6219
5818 6219
2306 6219
1026 6219
309 6220
7040 6220
1096 6220
692 6220
4212 6220
3537 6220
3789 6220
8159 6220
6128 6220
3953 6221
3754 6221
6961 6221
3205 6221
7388 6221
1882 6221
4287 6221
1676 6221
485 6221
7245 6221
3147 6221
1104 6221
94 6221
3583 6221
7504 6222
7033 6222
4258 6222
5195 6222
361 6222
4888 6222
3437 6222
1717 6222
6131 6222
2490 6222
3789 6222
5010 6222
2417 6222
7214 6222
1896 6222
3031 6222
3408 6222
23 6222
2354 6222
4072 6222
450 6222
1250 6222
2692 6222
1500 6222
6996 6222
5222 6222
4251 6223
7290 6223
179 6223
327 6223
6638 6223
8224 6223
7020 6223
4277 6223
107 6223
2594 6223
634 6223
4581 6223
7845 6223
5021 6223
1006 6223
5410 6223
6340 6223
4995 6223
2524 6224
5614 6224
3398 6224
983 6224
6383 6224
6479 6224
7075 6224
5516 6224
8208 6224
3032 6224
7275 6224
5822 6224
725 6224
4805 6224
4217 6224
7870 6224
4314 6224
4112 6224
7139 6224
2675 6224
323 6224
6288 6224
1148 6224
5631 6224
6364 6224
3743 6224
7413 6225
3415 6225
1336 6225
1291 6225
3900 6225
7135 6225
1049 6225
5985 6225
1450 6225
2760 6225
7883 6226
2078 6226
4574 6226
1372 6226
5293 6226
3093 6226
2242 6226
6580 6226
7669 6226
329 6226
7930 6226
5572 6226
1894 6226
5046 6227
638 6227
2804 6227
5521 6227
6735 6227
4190 6227
1333 6227
5497 6227
7540 6227
7600 6227
3891 6227
1187 6228
4069 6228
3045 6228
2514 6228
737 6228
1524 6228
5324 6228
6937 6228
6150 6228
641 6228
566 6228
7400 6228
1536 6228
283 6228
5710 6228
293 6228
431 6228
4738 6228
4494 6228
1420 6228
3096 6228
7863 6228
4536 6229
3144 6229
3635 6229
2237 6229
362 6229
1583 6229
5254 6229
8095 6229
7564 6229
1859 6229
1923 6229
6309 6229
1200 6229
7682 6229
6696 6229
846 6229
1194 6229
79 6229
1962 6229
3209 6230
4024 6230
1308 6230
1514 6230
6116 6230
7251 6230
8154 6230
637 6230
6356 6230
4670 6230
2455 6230
7776 6230
3227 6230
3960 6230
1867 6230
5182 6230
7607 6230
1075 6230
96 6230
4229 6230
2465 6230
3371 6230
7737 6230
6516 6231
7644 6231
6227 6231
1388 6231
96 6231
2791 6231
4228 6231
7533 6231
7556 6231
5720 6231
5495 6231
5615 6232
4637 6232
3169 6232
7595 6232
3989 6232
1667 6232
5273 6232
6227 6232
3783 6232
4143 6232
2628 6232
7202 6232
3583 6232
3032 6233
2075 6233
7186 6233
5241 6233
153 6233
1901 6233
3542 6233
7126 6233
1046 6233
7714 6233
2810 6233
5985 6233
5497 6233
6731 6233
1198 6233
2160 6233
200 6233
3202 6233
1276 6234
5300 6234
1502 6234
3673 6234
1245 6234
7281 6234
1243 6234
2057 6234
7953 6234
6701 6234
1525 6234
6250 6234
2216 6234
6839 6234
375 6234
5985 6234
5480 6234
3745 6234
3706 6234
5511 6234
2225 6234
1857 6234
1026 6234
3157 6234
1459 6234
6892 6234
3763 6235
5336 6235
6101 6235
5675 6235
7836 6235
6453 6235
4926 6236
4334 6236
3254 6236
792 6236
7501 6236
7710 6236
6483 6236
4990 6236
437 6236
7381 6236
6516 6236
1816 6236
2812 6236
3936 6236
7665 6236
3636 6236
2367 6237
431 6237
37 6237
584 6237
721 6237
4037 6237
2599 6237
4997 6237
739 6237
7367 6237
6371 6237
6376 6237
7443 6237
4165 6237
2982 6237
167 6237
7236 6237
5988 6237
2197 6238
1229 6238
3692 6238
3120 6238
5776 6238
3209 6238
4253 6238
5974 6238
119 6238
5587 6238
7403 6238
6081 6238
3504 6238
1035 6238
7440 6239
3026 6239
3941 6239
1756 6239
1669 6239
5140 6239
4985 6239
5133 6239
5414 6239
7436 6239
3946 6239
2419 6239
5783 6239
7189 6240
2906 6240
2570 6240
161 6240
2527 6240
6072 6240
6993 6240
2771 6240
3247 6240
953 6240
7577 6240
1007 6240
4638 6240
8080 6240
4161 6240
4887 6240
1187 6240
321 6240
5055 6240
174 6241
1396 6241
5109 6241
7234 6241
3541 6241
8282 6241
5681 6241
4358 6241
8102 6241
1900 6241
6531 6241
1554 6241
2401 6241
5575 6241
5266 6241
8244 6241
3789 6241
7552 6241
4651 6241
4364 6241
7645 6242
2761 6242
3383 6242
2245 6242
3674 6242
6032 6242
5773 6242
4792 6242
665 6242
5822 6242
4084 6242
5007 6242
2888 6242
222 6242
1037 6242
3456 6242
4956 6242
2921 6242
1756 6242
2547 6242
647 6242
6094 6242
1782 6242
2310 6242
5233 6242
2318 6243
7969 6243
4109 6243
5477 6243
3281 6243
1524 6243
5692 6243
7837 6243
4887 6243
7497 6243
2168 6243
4742 6244
5776 6244
358 6244
381 6244
1846 6244
5386 6244
2126 6244
7849 6244
3180 6244
5961 6244
7804 6244
4515 6244
5028 6244
6343 6244
5878 6244
553 6244
3892 6244
6734 6244
5967 6245
2261 6245
1887 6245
7439 6245
4042 6245
3991 6245
8041 6245
348 6245
3878 6245
2712 6245
934 6245
36 6245
337 6245
3825 6245
2548 6245
5215 6245
2593 6245
2371 6246
1710 6246
174 6246
6591 6246
257 6246
7394 6246
2518 6246
179 6246
524 6246
2009 6246
7624 6247
3250 6247
2403 6247
6646 6247
8037 6247
3405 6247
4024 6247
4182 6247
2301 6247
816 6247
8088 6247
5778 6247
5436 6247
7765 6247
6227 6247
6890 6247
4430 6248
5976 6248
3180 6248
4891 6248
8026 6248
6084 6248
3181 6248
6769 6248
6134 6248
4894 6248
6412 6248
7460 6248
5697 6248
3927 6248
7585 6248
1724 6248
3774 6248
1625 6248
2273 6248
3406 6248
1301 6249
5278 6249
6065 6249
4759 6249
7013 6249
3793 6249
3244 6249
8260 6249
3251 6249
2837 6249
790 6249
5968 6249
3829 6250
