5764 6250
4343 6250
6295 6250
7799 6250
3184 6250
3995 6250
4568 6250
1035 6250
5986 6250
8258 6250
689 6250
3322 6250
2688 6250
6803 6250
497 6250
6319 6250
4666 6250
2012 6250
4913 6250
4892 6250
3753 6250
5702 6250
1589 6251
4530 6251
2981 6251
5875 6251
5406 6251
6937 6251
3051 6251
4976 6251
4563 6251
6638 6251
7920 6251
5514 6251
8025 6251
3576 6251
1073 6251
3772 6251
2994 6252
3955 6252
1387 6252
5319 6252
1718 6252
5313 6252
7379 6252
6144 6252
8244 6252
3129 6252
1462 6252
7674 6252
2202 6252
2814 6252
3616 6252
1031 6252
1550 6252
1846 6253
223 6253
7514 6253
3770 6253
6580 6253
5389 6253
686 6253
5301 6253
5426 6253
8292 6253
906 6253
5434 6253
5837 6253
1120 6253
4084 6253
7396 6253
7270 6254
3583 6254
7705 6254
7806 6254
1924 6254
4405 6254
4000 6254
6164 6254
7608 6254
5764 6254
2956 6254
5866 6254
4190 6254
1947 6254
7069 6254
7058 6255
4881 6255
5164 6255
4134 6255
5330 6255
680 6255
6505 6255
3041 6255
3486 6255
8277 6255
2643 6255
3426 6255
7393 6255
3968 6255
3414 6255
2509 6255
1052 6255
5468 6255
4120 6255
5016 6256
3721 6256
1962 6256
3918 6256
3196 6256
5946 6256
4309 6256
1709 6256
2312 6256
6772 6256
212 6256
989 6256
1830 6256
5817 6256
1133 6257
859 6257
5057 6257
6580 6257
5045 6257
7393 6257
811 6257
592 6257
1495 6257
8159 6257
3015 6257
23 6257
2854 6257
1390 6258
8017 6258
6737 6258
1832 6258
4799 6258
6431 6258
4805 6258
1684 6258
808 6258
1392 6258
7929 6258
7670 6258
982 6258
4618 6258
7947 6259
213 6259
4711 6259
937 6259
7094 6259
5254 6259
4412 6259
1139 6259
1890 6259
3692 6259
1481 6259
3245 6259
562 6259
820 6259
5473 6259
1869 6259
4170 6259
3975 6260
2209 6260
5 6260
7251 6260
1084 6260
2160 6260
1849 6260
1009 6260
5286 6260
6230 6260
4321 6260
2899 6260
2732 6260
7163 6260
2705 6260
474 6260
7842 6260
5459 6261
4366 6261
1379 6261
4120 6261
2758 6261
600 6261
4235 6261
5563 6261
1295 6261
85 6261
4026 6261
2346 6261
1411 6261
8086 6261
5554 6261
911 6261
2401 6261
4005 6261
2325 6261
1060 6261
2999 6261
4434 6261
4468 6262
6773 6262
6273 6262
3748 6262
2298 6262
3991 6262
1594 6262
887 6262
6612 6262
344 6262
5697 6262
5037 6262
6552 6262
3511 6262
6910 6262
1754 6262
51 6263
2442 6263
7951 6263
3554 6263
5374 6263
175 6263
641 6263
2057 6263
1842 6263
4505 6263
7967 6263
1877 6263
3445 6263
606 6263
2315 6263
4672 6263
7263 6264
7730 6264
2160 6264
2729 6264
4460 6264
1058 6264
320 6264
2448 6264
3843 6264
7960 6264
1911 6264
1105 6264
4666 6264
308 6264
4827 6264
6133 6264
5076 6264
656 6264
3634 6264
456 6264
4039 6264
6431 6265
3663 6265
2669 6265
1396 6265
6407 6265
3084 6265
2425 6265
5738 6265
5675 6265
3458 6265
1999 6265
3862 6265
6550 6265
6972 6265
7905 6265
375 6265
1344 6265
7723 6265
2115 6265
1071 6265
2809 6265
1166 6265
417 6265
2438 6265
7290 6265
884 6266
3809 6266
7108 6266
2922 6266
4789 6266
7718 6266
3473 6266
880 6266
7809 6266
4458 6266
1108 6266
2490 6266
5751 6266
3441 6266
3673 6267
5076 6267
3518 6267
270 6267
7786 6267
288 6267
276 6267
2705 6267
2403 6267
7059 6267
1159 6267
3876 6267
3217 6267
8155 6267
3958 6268
3344 6268
4265 6268
5605 6268
770 6268
3984 6268
34 6268
6234 6268
973 6268
1084 6268
6642 6268
6133 6268
7782 6268
1448 6268
3196 6268
6960 6268
82 6268
7132 6268
5431 6268
1190 6268
7863 6268
221 6269
1774 6269
5985 6269
4705 6269
5967 6269
2008 6269
1756 6269
279 6269
568 6269
5868 6269
4532 6269
6497 6269
1974 6269
6567 6269
7873 6269
823 6269
4713 6269
49 6269
5722 6269
8165 6270
6591 6270
5512 6270
1313 6270
7192 6270
6685 6270
1502 6270
3985 6270
370 6270
6295 6270
2913 6270
5754 6270
6430 6270
2867 6270
7836 6270
1401 6270
3311 6270
4041 6270
6850 6270
6739 6271
4730 6271
3931 6271
824 6271
7976 6271
5166 6271
1766 6271
374 6271
2647 6271
5462 6271
6687 6271
4010 6271
3950 6271
6017 6271
5518 6272
2057 6272
7780 6272
4387 6272
6274 6272
3684 6272
2898 6272
5414 6272
7433 6272
5824 6272
1661 6272
4746 6272
3305 6272
3294 6272
5253 6272
4947 6272
7531 6272
5389 6273
2587 6273
7113 6273
3568 6273
8172 6273
7038 6273
1462 6273
595 6273
5227 6273
2409 6273
2378 6273
4619 6273
3406 6273
1296 6274
5585 6274
3069 6274
5599 6274
8264 6274
894 6274
2038 6274
7932 6274
4797 6274
2334 6274
982 6274
6509 6274
6697 6274
2492 6274
4850 6274
7695 6274
978 6274
1414 6275
3223 6275
7110 6275
4947 6275
1695 6275
1712 6275
6313 6275
7710 6275
5259 6275
68 6275
4959 6275
2097 6275
6002 6275
1745 6275
6606 6275
5370 6275
2984 6276
5709 6276
1730 6276
5734 6276
3989 6276
4749 6276
3740 6276
4777 6276
5296 6276
7825 6276
7605 6276
6359 6276
3909 6276
371 6276
6803 6276
6710 6276
7412 6277
7601 6277
669 6277
1095 6277
5008 6277
1240 6277
1003 6277
4441 6277
5231 6277
3949 6277
2726 6277
5190 6277
1970 6277
7290 6277
6160 6277
5004 6277
3193 6277
7248 6277
3975 6278
6278 6278
2989 6278
5783 6278
6477 6278
305 6278
5523 6278
8294 6278
556 6278
2537 6278
3674 6278
2607 6278
3123 6278
7829 6278
5990 6278
864 6278
4742 6278
154 6278
6319 6278
3200 6279
2084 6279
8226 6279
553 6279
1120 6279
7940 6279
7310 6279
1859 6279
6605 6279
2762 6279
5480 6279
2332 6279
5583 6279
7496 6279
7831 6279
772 6279
7121 6279
6294 6279
5475 6279
4854 6280
3051 6280
6717 6280
11 6280
7653 6280
3273 6280
7123 6280
8139 6280
4446 6280
6440 6280
6646 6280
7730 6280
1962 6280
6213 6280
5351 6281
3370 6281
2181 6281
3333 6281
1528 6281
230 6281
2274 6281
5406 6281
4008 6281
6394 6281
3378 6281
4413 6281
1374 6282
5127 6282
3883 6282
4780 6282
5596 6282
7597 6282
4994 6282
5552 6282
6244 6282
5177 6282
6756 6282
6874 6282
4558 6282
2960 6282
4975 6282
5984 6282
1572 6282
7610 6282
7359 6282
1387 6282
7965 6282
7225 6282
3684 6282
5096 6283
6898 6283
3601 6283
1352 6283
1250 6283
671 6283
593 6283
1729 6283
2892 6283
3918 6283
5022 6283
6121 6283
4738 6283
7786 6283
6226 6283
4975 6283
4379 6283
5201 6283
1540 6283
1728 6283
629 6284
7126 6284
7079 6284
4759 6284
5468 6284
6863 6284
3445 6284
2755 6284
6344 6284
7448 6284
2768 6284
450 6284
929 6284
4896 6284
2709 6284
1444 6284
1447 6284
2470 6284
2273 6284
6681 6284
6783 6284
2951 6284
6723 6284
3608 6284
4242 6284
326 6284
1841 6284
3505 6284
6225 6285
6231 6285
6124 6285
5370 6285
7413 6285
809 6285
8254 6285
2332 6285
4142 6285
7498 6285
5555 6285
1339 6286
5838 6286
4294 6286
6761 6286
4851 6286
5844 6286
6334 6286
1348 6286
7393 6286
7535 6286
4539 6286
4018 6286
2502 6286
1986 6286
2195 6286
7277 6286
8229 6286
6948 6286
7224 6286
1757 6287
2910 6287
7170 6287
8263 6287
7645 6287
5502 6287
3906 6287
7410 6287
6056 6287
5767 6287
3806 6287
784 6288
4910 6288
1782 6288
1865 6288
6343 6288
1656 6288
2888 6288
4789 6288
1390 6288
5670 6288
3396 6288
1097 6288
5564 6288
3767 6288
2225 6288
3763 6288
3060 6288
4528 6289
1855 6289
1031 6289
3871 6289
3922 6289
5748 6289
4829 6289
661 6289
3288 6289
6356 6289
4336 6289
6628 6289
267 6289
2545 6289
7253 6290
3314 6290
7901 6290
8195 6290
6369 6290
5209 6290
7450 6290
856 6290
2265 6290
5397 6290
5572 6290
3179 6291
3756 6291
1387 6291
4422 6291
8006 6291
4176 6291
6078 6291
4321 6291
7451 6291
5131 6291
2110 6291
2201 6291
1716 6291
2654 6291
8263 6291
2430 6291
1492 6292
4465 6292
2480 6292
7992 6292
936 6292
6594 6292
4045 6292
90 6292
395 6292
6335 6292
7722 6292
4193 6292
6545 6292
4790 6292
2043 6292
7136 6292
6850 6292
4099 6292
4597 6292
7604 6292
7167 6292
828 6292
3182 6292
5 6293
2733 6293
2715 6293
1774 6293
1837 6293
4321 6293
6735 6293
4229 6293
5549 6293
2380 6293
349 6293
5569 6293
6294 6293
3096 6293
5123 6293
2740 6293
7277 6293
3934 6293
4456 6293
6356 6293
2424 6293
521 6293
395 6293
781 6294
59 6294
7703 6294
3737 6294
1972 6294
4395 6294
2327 6294
37 6294
192 6294
4327 6294
1340 6294
7031 6294
5075 6294
2240 6294
5700 6294
3523 6294
7693 6294
4651 6294
8291 6294
3878 6295
28 6295
3718 6295
5186 6295
3793 6295
4677 6295
1553 6295
1024 6295
7452 6295
6644 6295
416 6295
6737 6296
6296 6296
2150 6296
672 6296
721 6296
1849 6296
6736 6296
4827 6296
7329 6296
4587 6296
7594 6296
2033 6296
640 6296
3839 6297
1315 6297
2252 6297
1796 6297
5006 6297
1896 6297
5534 6297
381 6297
2298 6297
4660 6297
1061 6297
785 6297
3878 6297
4512 6297
96 6297
6429 6297
2257 6298
7679 6298
2865 6298
4061 6298
3590 6298
6464 6298
5093 6298
5783 6298
8176 6298
1443 6298
5700 6299
108 6299
5429 6299
833 6299
7293 6299
1963 6299
7622 6299
4790 6299
7004 6299
3825 6299
533 6299
2370 6299
7311 6299
4079 6299
5439 6300
495 6300
7559 6300
7693 6300
4404 6300
5035 6300
3485 6300
7018 6300
3226 6300
2455 6300
310 6300
2932 6300
4829 6300
79 6300
3948 6300
4718 6300
806 6300
5046 6300
6970 6300
5469 6301
6301 6301
2874 6301
407 6301
179 6301
2260 6301
6642 6301
7247 6301
3034 6301
5371 6301
7275 6301
7133 6301
5739 6301
2542 6301
4190 6301
941 6301
7086 6301
6969 6301
3740 6301
7745 6301
1940 6301
7594 6301
1563 6301
6389 6301
4702 6302
2178 6302
5130 6302
5801 6302
398 6302
3540 6302
3010 6302
6469 6302
7248 6302
7402 6302
4817 6302
7030 6302
5189 6302
2442 6302
8169 6302
4291 6302
4984 6302
4958 6302
3486 6303
5127 6303
2932 6303
2934 6303
6664 6303
2714 6303
3513 6303
3343 6303
7822 6303
6217 6303
8251 6303
7148 6303
3803 6303
3264 6303
5379 6303
4080 6303
1269 6303
5448 6303
6163 6304
1454 6304
2115 6304
4438 6304
2356 6304
7166 6304
7807 6304
2957 6304
3543 6304
4763 6304
4136 6304
3563 6304
5199 6304
3234 6304
6090 6304
7452 6304
4520 6304
6129 6304
6313 6304
5035 6305
1935 6305
4762 6305
197 6305
1764 6305
4036 6305
6353 6305
7486 6305
6313 6305
2105 6305
1536 6305
527 6305
7413 6305
1861 6306
2932 6306
3010 6306
8115 6306
2085 6306
3171 6306
8080 6306
1052 6306
1720 6306
3242 6306
6474 6306
3853 6306
148 6306
6071 6307
7624 6307
1245 6307
8108 6307
7402 6307
7450 6307
1522 6307
8174 6307
276 6307
7754 6307
5967 6307
4173 6307
1614 6307
158 6307
513 6307
1080 6307
1444 6307
3226 6307
2048 6308
5114 6308
5475 6308
5737 6308
6289 6308
4460 6308
2473 6308
1319 6308
281 6308
5194 6308
2676 6308
5250 6308
1718 6308
3698 6308
1655 6309
5663 6309
7860 6309
5253 6309
7302 6309
427 6309
2581 6309
3994 6309
6615 6309
5140 6309
614 6309
869 6309
6441 6309
5001 6310
5155 6310
6679 6310
7670 6310
5932 6310
8255 6310
7107 6310
3424 6310
6949 6310
2360 6310
4045 6310
4019 6310
6663 6310
3595 6310
5608 6310
4962 6310
8231 6311
6576 6311
2620 6311
5997 6311
4597 6311
7270 6311
6003 6311
3237 6311
4840 6311
3948 6311
1991 6311
6769 6311
1900 6311
2248 6311
2762 6311
6510 6311
8057 6311
2355 6311
455 6311
3932 6311
7600 6311
6974 6311
1281 6311
2133 6312
5730 6312
5138 6312
7869 6312
2359 6312
3914 6312
1683 6312
293 6312
5462 6312
1912 6312
7139 6312
3873 6312
7889 6312
5708 6312
5265 6312
3045 6312
7095 6313
5602 6313
456 6313
7167 6313
1122 6313
6740 6313
69 6313
1036 6313
4406 6313
2076 6313
7628 6313
2378 6313
4562 6313
5586 6314
528 6314
3077 6314
4672 6314
1056 6314
7650 6314
1834 6314
2666 6314
6400 6314
2118 6314
3832 6314
6035 6314
3825 6315
6315 6315
1257 6315
496 6315
4496 6315
7716 6315
6465 6315
1093 6315
8070 6315
3190 6315
3995 6315
5803 6315
1242 6315
3580 6315
3039 6315
7199 6315
1902 6315
1674 6315
8208 6315
6229 6315
2138 6315
4523 6315
8238 6316
6470 6316
6 6316
3147 6316
6970 6316
4895 6316
6078 6316
4071 6316
6789 6316
4760 6316
5532 6316
426 6316
7932 6316
4082 6316
5783 6316
1287 6316
5410 6316
7564 6316
7912 6316
1889 6317
480 6317
7605 6317
5199 6317
5526 6317
5125 6317
5431 6317
2237 6317
6960 6317
1236 6317
8010 6317
1321 6317
8155 6317
1560 6317
4570 6317
1374 6317
7679 6317
1523 6317
3166 6318
1405 6318
6642 6318
7011 6318
353 6318
3466 6318
4862 6318
1575 6318
8152 6318
137 6318
6313 6318
4830 6318
2139 6318
7259 6318
5039 6318
4254 6319
6213 6319
6908 6319
4636 6319
2770 6319
1932 6319
3518 6319
5784 6319
4459 6319
753 6319
985 6320
4710 6320
6740 6320
7511 6320
1120 6320
7388 6320
5177 6320
4039 6320
4091 6320
8221 6320
2422 6320
4759 6321
115 6321
548 6321
5644 6321
5279 6321
7506 6321
3293 6321
1843 6321
2875 6321
5743 6321
6363 6321
7494 6321
5199 6321
782 6321
5972 6321
2333 6321
1409 6321
7152 6322
7598 6322
3096 6322
4549 6322
6145 6322
1959 6322
5174 6322
4258 6322
2594 6322
6405 6322
990 6322
1250 6322
7597 6322
5281 6322
971 6322
5812 6322
1290 6323
6369 6323
6017 6323
619 6323
7605 6323
4985 6323
2447 6323
376 6323
6412 6323
2275 6323
835 6323
3475 6323
225 6323
136 6323
2630 6323
192 6323
2785 6323
3040 6323
6324 6324
5148 6324
2174 6324
6111 6324
4903 6324
7738 6324
8107 6324
1924 6324
1122 6324
7345 6324
2303 6324
275 6324
6590 6324
2260 6324
2036 6324
7709 6325
3968 6325
7944 6325
5025 6325
2698 6325
1305 6325
6295 6325
3439 6325
5723 6325
50 6325
522 6325
6495 6325
3764 6325
8178 6325
2373 6326
2989 6326
7738 6326
5481 6326
2277 6326
7621 6326
7241 6326
2870 6326
5182 6326
2721 6326
7242 6326
6798 6326
3877 6326
1310 6326
5056 6326
6344 6326
6805 6326
2313 6326
2245 6326
319 6326
2138 6326
661 6326
450 6326
4710 6326
5237 6326
1295 6326
8238 6326
3195 6327
1253 6327
6273 6327
892 6327
6079 6327
2785 6327
6355 6327
4994 6327
4467 6327
4395 6327
4415 6327
1774 6327
3343 6327
7543 6327
1094 6327
7620 6327
3405 6327
997 6328
744 6328
5539 6328
8273 6328
448 6328
7492 6328
4315 6328
5056 6328
440 6328
1313 6328
2773 6328
4956 6328
6873 6328
1348 6328
5101 6329
7398 6329
4664 6329
1726 6329
1117 6329
897 6329
4397 6329
2395 6329
2314 6329
4793 6329
381 6329
4412 6329
2530 6329
5640 6329
6395 6329
3041 6329
5409 6329
5001 6329
7227 6329
5398 6329
3102 6330
7638 6330
7236 6330
1524 6330
556 6330
658 6330
1458 6330
3825 6330
3442 6330
5628 6330
3994 6330
170 6330
7712 6330
6441 6330
6095 6330
1250 6330
176 6330
4878 6330
5250 6330
7133 6330
5367 6330
439 6330
5798 6330
2809 6330
2888 6330
6121 6330
460 6330
1727 6331
7311 6331
2148 6331
2508 6331
1307 6331
804 6331
4734 6331
4717 6331
374 6331
4496 6331
4039 6331
863 6331
14 6332
7733 6332
4411 6332
3544 6332
6690 6332
5789 6332
4672 6332
1782 6332
122 6332
6223 6332
1284 6332
5294 6332
4047 6332
4847 6332
4655 6332
853 6332
2665 6333
8087 6333
623 6333
5803 6333
4566 6333
4530 6333
1900 6333
3047 6333
7603 6333
4109 6333
1555 6333
5184 6333
2988 6334
742 6334
3485 6334
971 6334
5310 6334
6827 6334
1457 6334
3539 6334
6810 6334
4041 6334
3432 6334
1901 6334
241 6334
4368 6334
826 6334
8095 6334
8 6334
738 6334
1775 6335
7438 6335
3491 6335
1376 6335
5140 6335
5289 6335
898 6335
6641 6335
1264 6335
7744 6335
4794 6335
6773 6335
4800 6335
4228 6335
7426 6335
1970 6335
4006 6335
3460 6336
3639 6336
6844 6336
3789 6336
2709 6336
6453 6336
452 6336
5764 6336
2334 6336
44 6336
1564 6336
2933 6336
2420 6336
3539 6336
2694 6336
3995 6336
7552 6337
5371 6337
4188 6337
3880 6337
6104 6337
7563 6337
2531 6337
8041 6337
2239 6337
7374 6337
4104 6337
3680 6337
2203 6337
4490 6337
6032 6337
6200 6337
2337 6337
1710 6338
614 6338
7205 6338
6683 6338
1742 6338
3544 6338
3946 6338
4747 6338
3052 6338
3205 6338
1484 6338
3498 6338
3671 6338
2071 6338
1758 6338
5351 6338
534 6338
1932 6338
5279 6338
7595 6339
4809 6339
3415 6339
4965 6339
3828 6339
8251 6339
5186 6339
3031 6339
7806 6339
4866 6339
7367 6339
2386 6339
6551 6339
5384 6339
6479 6339
5264 6340
5435 6340
1843 6340
1538 6340
1580 6340
2786 6340
374 6340
3179 6340
6651 6340
7085 6340
7538 6340
1903 6340
6108 6340
4907 6340
455 6340
6945 6340
5807 6340
716 6340
799 6340
2425 6340
6398 6340
6294 6341
8070 6341
3748 6341
5780 6341
3439 6341
6929 6341
3147 6341
5895 6341
4151 6341
3606 6341
3843 6341
3145 6341
4273 6341
2962 6341
3311 6341
5631 6341
3939 6341
7741 6341
3416 6341
5355 6341
296 6341
6369 6342
7877 6342
5032 6342
5419 6342
1046 6342
2445 6342
3753 6342
308 6342
7428 6342
5333 6342
4935 6342
4278 6342
7679 6342
5920 6342
1130 6342
6066 6342
5166 6342
1347 6342
5988 6342
7415 6342
2209 6343
1774 6343
5293 6343
7547 6343
5351 6343
3222 6343
4672 6343
3342 6343
3234 6343
6595 6343
8281 6343
3244 6344
891 6344
4387 6344
2492 6344
1994 6344
5046 6344
5057 6344
4730 6344
2999 6344
1605 6344
3446 6344
3551 6345
1692 6345
1326 6345
1935 6345
7665 6345
7592 6345
5459 6345
4414 6345
7192 6345
7730 6345
8142 6345
7622 6345
289 6345
2515 6345
2285 6345
8269 6346
3030 6346
4274 6346
389 6346
424 6346
2693 6346
4708 6346
3700 6346
2349 6346
2145 6346
5273 6346
7397 6346
7342 6346
6459 6346
3787 6346
4579 6346
6974 6346
7085 6346
1362 6346
5984 6346
1082 6346
3333 6346
4948 6347
3068 6347
5012 6347
146 6347
5174 6347
8245 6347
6606 6347
4072 6347
1097 6347
708 6347
7429 6347
7539 6347
1528 6347
3974 6347
4943 6348
4412 6348
1234 6348
6547 6348
6774 6348
7177 6348
6746 6348
804 6348
6913 6348
8183 6348
6523 6348
7777 6348
5224 6348
6994 6348
2587 6348
3426 6348
4486 6348
714 6348
1313 6348
7130 6348
2569 6348
991 6348
675 6348
160 6349
59 6349
1084 6349
3357 6349
6054 6349
7071 6349
2389 6349
4182 6349
3021 6349
1501 6349
8210 6349
7861 6349
4170 6349
7713 6349
4844 6350
3352 6350
4745 6350
3932 6350
7611 6350
1089 6350
2411 6350
2410 6350
8000 6350
7094 6350
4997 6350
5465 6350
4695 6350
5168 6350
4459 6350
6187 6350
1742 6350
2653 6350
1051 6350
7319 6350
7078 6351
4082 6351
1307 6351
4801 6351
2492 6351
2473 6351
6477 6351
7540 6351
6352 6352
8120 6352
2244 6352
4434 6352
2899 6352
1063 6352
1150 6352
6393 6352
1370 6352
295 6352
2377 6352
6208 6352
868 6353
4874 6353
1653 6353
5909 6353
6446 6353
6331 6353
3652 6353
6440 6353
5963 6353
1715 6353
3271 6354
5988 6354
7349 6354
4404 6354
5509 6354
4279 6354
2105 6354
478 6354
2204 6354
1708 6354
4138 6354
1489 6354
1002 6354
5010 6354
4775 6354
5811 6354
5685 6354
2377 6355
6376 6355
5208 6355
7369 6355
7367 6355
2346 6355
6412 6355
2582 6355
1458 6355
3847 6355
528 6356
5405 6356
7864 6356
6414 6356
3101 6356
950 6356
2277 6356
815 6356
6039 6356
7155 6356
6969 6356
3219 6356
3924 6356
1654 6356
1233 6356
789 6356
481 6356
3946 6356
7565 6356
6434 6357
4403 6357
4358 6357
6701 6357
7008 6357
1745 6357
8282 6357
4519 6357
2545 6357
6473 6357
982 6357
6776 6357
2791 6357
3333 6357
1246 6357
1571 6357
2565 6357
3510 6357
7138 6357
5945 6357
1684 6358
5347 6358
5098 6358
4871 6358
2231 6358
2049 6358
854 6358
1124 6358
2075 6358
6865 6358
2957 6358
6861 6358
4835 6358
337 6358
11 6358
4590 6358
5360 6358
4622 6358
1701 6358
3746 6359
815 6359
3027 6359
3242 6359
3679 6359
3882 6359
682 6359
5483 6359
2652 6359
7523 6359
2265 6359
5666 6359
5894 6360
439 6360
7182 6360
4525 6360
1740 6360
6242 6360
7572 6360
7602 6360
5113 6360
383 6360
5177 6360
3888 6360
7192 6360
8240 6360
6710 6360
5189 6361
7713 6361
4640 6361
3047 6361
4006 6361
8249 6361
3930 6361
4041 6361
2803 6361
3676 6361
4425 6361
6468 6361
2463 6361
7113 6361
3465 6361
7754 6361
5203 6361
723 6361
8205 6361
1532 6361
1683 6362
4099 6362
4836 6362
7394 6362
6813 6362
1178 6362
5265 6362
7053 6362
1285 6362
888 6362
7189 6362
6195 6362
1947 6362
1031 6362
5173 6362
1001 6362
2103 6362
442 6363
5734 6363
5597 6363
5231 6363
2764 6363
5718 6363
7084 6363
1089 6363
6779 6363
94 6363
6017 6363
3073 6363
5534 6363
5317 6363
7716 6363
5261 6363
6839 6363
5406 6363
5768 6363
5751 6364
3858 6364
4880 6364
1729 6364
5945 6364
2966 6364
3907 6364
1936 6364
2447 6364
5413 6364
1169 6364
2244 6364
3060 6364
3670 6364
4584 6364
8165 6364
6994 6364
4701 6364
8020 6364
7433 6364
7307 6364
4491 6364
5202 6365
6007 6365
2242 6365
1767 6365
4668 6365
768 6365
6756 6365
33 6365
2038 6365
4662 6365
720 6365
1664 6365
2808 6365
5658 6365
1701 6366
3513 6366
4544 6366
2628 6366
3518 6366
5297 6366
6856 6366
4488 6366
7594 6366
4097 6366
7014 6366
6618 6366
4783 6366
6467 6366
1943 6366
4130 6366
6274 6366
6932 6366
4963 6366
4523 6366
598 6366
6206 6366
3804 6366
6367 6367
6295 6367
2361 6367
1621 6367
6376 6367
5582 6367
7936 6367
2906 6367
2587 6367
1388 6367
2893 6367
1614 6367
3943 6367
1691 6367
6715 6367
4706 6367
5009 6368
3607 6368
5288 6368
4362 6368
6776 6368
7027 6368
1867 6368
6075 6368
5137 6368
247 6368
353 6368
7246 6368
1978 6368
6890 6368
837 6368
1605 6368
4851 6368
159 6368
2228 6368
7022 6368
6735 6369
8084 6369
553 6369
