7787 6369
3709 6369
5085 6369
6474 6369
7573 6369
125 6369
6734 6369
1344 6369
7020 6369
3179 6369
5371 6370
4520 6370
4617 6370
4496 6370
1300 6370
1178 6370
1825 6370
7841 6370
3908 6370
3969 6370
322 6370
2594 6371
7193 6371
2518 6371
5046 6371
3354 6371
5587 6371
4252 6371
4620 6371
7298 6371
4037 6371
5182 6371
6007 6371
2683 6371
2837 6371
3549 6372
6566 6372
8260 6372
2874 6372
449 6372
6164 6372
4143 6372
3880 6372
6014 6372
2758 6372
2803 6372
5679 6372
7862 6372
6430 6372
4317 6372
6464 6372
2580 6372
4888 6373
3092 6373
5048 6373
7777 6373
2817 6373
1679 6373
7554 6373
715 6373
4352 6373
5737 6373
973 6373
7170 6373
2866 6373
5622 6373
190 6373
3819 6374
1806 6374
151 6374
238 6374
7551 6374
4198 6374
1555 6374
3072 6374
2670 6374
7498 6374
3817 6374
4018 6374
4051 6374
2952 6374
636 6374
5716 6374
3668 6374
5016 6374
2582 6374
7225 6375
2577 6375
3426 6375
6429 6375
4050 6375
3130 6375
568 6375
3144 6375
1293 6375
3562 6375
5515 6376
3172 6376
5482 6376
4433 6376
6171 6376
990 6376
3316 6376
1718 6376
1846 6376
7654 6376
2856 6376
4870 6376
6667 6376
4000 6376
1854 6377
2911 6377
3026 6377
2524 6377
4565 6377
4425 6377
3260 6377
3777 6377
2228 6377
7833 6377
5784 6377
2715 6377
1501 6378
7275 6378
6378 6378
704 6378
8253 6378
1261 6378
1634 6378
6722 6378
6084 6378
1713 6378
7172 6378
6055 6378
2840 6378
2089 6378
641 6378
1061 6378
291 6378
1715 6378
8030 6378
4820 6378
6717 6379
2808 6379
6837 6379
72 6379
4174 6379
3736 6379
762 6379
6239 6379
5345 6379
4638 6379
3267 6379
7847 6379
2127 6379
5311 6379
4682 6379
3038 6379
3105 6380
4642 6380
1217 6380
3667 6380
672 6380
6146 6380
7958 6380
2105 6380
2582 6380
1117 6380
129 6380
7925 6380
4245 6380
6112 6380
520 6380
1084 6380
6381 6381
4920 6381
1076 6381
5294 6381
8255 6381
1959 6381
7113 6381
6250 6381
3718 6381
3272 6381
6895 6381
6236 6381
7487 6381
4989 6381
535 6382
2712 6382
5855 6382
5121 6382
7022 6382
145 6382
4202 6382
1296 6382
1730 6382
5317 6382
7431 6382
2053 6382
395 6382
7996 6382
5561 6382
3379 6382
1823 6382
8010 6382
2463 6383
4049 6383
3586 6383
619 6383
6659 6383
6279 6383
5473 6383
7718 6383
6888 6383
7059 6383
5555 6383
689 6383
4413 6384
3745 6384
1436 6384
6017 6384
1986 6384
1490 6384
7283 6384
323 6384
2632 6384
632 6384
960 6384
5708 6384
6644 6384
2592 6384
106 6384
7183 6384
2017 6384
5296 6385
985 6385
621 6385
7590 6385
399 6385
4725 6385
5697 6385
7719 6385
8004 6385
3512 6385
1032 6385
2214 6385
3529 6385
3264 6385
1758 6385
7465 6385
721 6386
7607 6386
3582 6386
3648 6386
7877 6386
3436 6386
5687 6386
6651 6386
7160 6386
1947 6386
3079 6386
6286 6386
465 6386
4666 6386
911 6386
5250 6386
2865 6386
4556 6386
5041 6386
2781 6387
6595 6387
1631 6387
4127 6387
2337 6387
4875 6387
6193 6387
3197 6387
4031 6387
2643 6387
7808 6387
8180 6387
4753 6387
3505 6388
5693 6388
3093 6388
6820 6388
28 6388
5297 6388
7236 6388
5466 6388
5114 6388
5402 6389
4184 6389
893 6389
660 6389
5499 6389
3026 6389
138 6389
7401 6389
5789 6389
2874 6389
4093 6389
1073 6389
4391 6389
376 6389
3595 6389
5447 6389
2434 6389
7558 6389
5810 6389
5695 6390
5 6390
5591 6390
71 6390
7183 6390
2688 6390
7452 6390
6615 6390
905 6390
1997 6390
7679 6390
8032 6390
7379 6390
586 6390
7297 6390
2731 6390
2283 6390
5957 6390
1326 6390
4902 6391
508 6391
3074 6391
3918 6391
2215 6391
7675 6391
1074 6391
8030 6391
5196 6392
7543 6392
2522 6392
5405 6392
6413 6392
4890 6392
644 6392
5351 6392
8106 6392
725 6392
8011 6392
7558 6392
5535 6392
1386 6393
611 6393
5972 6393
2754 6393
3834 6393
5423 6393
6715 6393
6246 6393
5338 6393
5353 6393
8219 6393
7847 6393
5893 6393
7397 6393
7535 6393
5986 6393
5850 6393
1074 6394
4631 6394
6552 6394
6371 6394
5426 6394
566 6394
1504 6394
1740 6394
3294 6394
4084 6394
1272 6394
6701 6394
7209 6394
3924 6394
3973 6394
3885 6395
6360 6395
4575 6395
5810 6395
378 6395
7991 6395
4548 6395
990 6395
3813 6395
8165 6395
960 6395
4105 6395
471 6395
3936 6395
551 6395
7384 6395
2063 6395
2669 6395
2165 6395
4387 6396
6609 6396
7565 6396
1935 6396
970 6396
4686 6396
726 6396
5112 6396
3695 6396
816 6396
2473 6396
391 6396
6468 6397
4023 6397
7719 6397
6091 6397
7708 6397
4294 6397
6918 6397
4657 6397
7294 6397
69 6397
7935 6398
6849 6398
7748 6398
2497 6398
6051 6398
434 6398
3753 6398
5163 6398
6321 6398
8125 6398
8166 6398
4841 6398
3105 6398
2318 6398
2810 6398
7027 6398
4431 6399
5161 6399
5834 6399
1042 6399
2325 6399
4378 6399
8281 6399
8106 6399
1501 6399
4948 6399
7741 6399
898 6399
5761 6399
3026 6399
2277 6399
3636 6399
748 6399
7468 6400
7115 6400
2313 6400
2180 6400
3172 6400
7369 6400
5152 6400
669 6400
3015 6400
683 6400
5972 6400
5899 6400
4654 6400
1841 6400
620 6400
3670 6400
4183 6400
6401 6401
3039 6401
1885 6401
5153 6401
4242 6401
3286 6401
2760 6401
508 6401
2221 6401
6960 6401
5696 6401
1656 6401
171 6401
6803 6401
1112 6402
7138 6402
7684 6402
6100 6402
6239 6402
3470 6402
824 6402
2150 6402
8005 6402
4003 6402
6781 6402
1182 6402
3777 6402
1652 6402
2632 6402
7022 6402
4539 6402
5279 6402
498 6402
2714 6402
266 6403
6313 6403
2182 6403
7815 6403
2120 6403
759 6403
5758 6403
4582 6403
4827 6403
3398 6403
3891 6404
2906 6404
2698 6404
212 6404
6212 6404
2257 6404
1635 6404
1931 6404
3135 6404
1193 6404
790 6404
3463 6404
1518 6404
7435 6404
7794 6404
3105 6404
2018 6405
6284 6405
878 6405
5756 6405
5980 6405
5512 6405
6608 6405
7902 6405
7877 6405
4051 6406
1643 6406
1867 6406
1159 6406
3916 6406
2712 6406
377 6406
6286 6406
4884 6406
4597 6406
5267 6406
5182 6406
2816 6406
7046 6406
6819 6406
3316 6406
5126 6406
7588 6407
3723 6407
2723 6407
4497 6407
7732 6407
1366 6407
8295 6407
2351 6407
7965 6407
5781 6407
5296 6407
8203 6407
7431 6407
8262 6407
5768 6407
3930 6407
8024 6408
3510 6408
6408 6408
4153 6408
4798 6408
2279 6408
8296 6408
6395 6408
4536 6408
5145 6408
10 6408
7960 6408
6213 6408
4812 6408
7065 6408
637 6408
3397 6408
7148 6409
2987 6409
6182 6409
3771 6409
6071 6409
3502 6409
7438 6409
6551 6409
2932 6409
4640 6409
3633 6409
6849 6409
3609 6409
5514 6409
5248 6409
381 6409
4277 6409
5112 6409
2472 6409
1063 6409
7240 6409
6795 6409
3342 6410
3994 6410
5992 6410
4847 6410
443 6410
3052 6410
4555 6410
1386 6410
726 6410
3322 6410
865 6410
6819 6410
3331 6410
1046 6410
4986 6410
6035 6410
895 6410
8083 6410
7400 6410
534 6410
7245 6410
3883 6410
3967 6411
1542 6411
2040 6411
3470 6411
7269 6411
6048 6411
1708 6411
5675 6411
6078 6411
2417 6411
1536 6411
6663 6412
1201 6412
7728 6412
2068 6412
4072 6412
7259 6412
4104 6412
4782 6412
8124 6412
5645 6412
5293 6412
3900 6412
5982 6412
6513 6412
7299 6412
8166 6412
6207 6413
705 6413
3781 6413
821 6413
2900 6413
8123 6413
5212 6413
112 6413
680 6413
3523 6413
2109 6413
1340 6413
3075 6413
5883 6413
5122 6414
1669 6414
2348 6414
4268 6414
5450 6414
6774 6414
2013 6414
4781 6414
3126 6414
1130 6414
3932 6414
7274 6414
5718 6414
7017 6414
1563 6414
5077 6414
2731 6414
2554 6414
6984 6415
3098 6415
7943 6415
1391 6415
4859 6415
1057 6415
2086 6415
1486 6415
5017 6415
5972 6415
1161 6415
5920 6415
2047 6415
6032 6415
2345 6415
7479 6415
4808 6415
1306 6415
1342 6416
5491 6416
3580 6416
4959 6416
7719 6416
7572 6416
6713 6416
571 6416
7506 6416
1690 6416
4714 6416
2420 6417
6398 6417
2853 6417
4835 6417
7590 6417
5123 6417
4537 6417
2277 6417
4422 6417
5026 6417
3601 6417
2274 6417
2120 6417
779 6417
8078 6417
4530 6417
5585 6418
1728 6418
6009 6418
344 6418
6383 6418
5619 6418
5853 6418
2030 6418
3634 6418
936 6418
7691 6418
377 6418
6549 6418
3705 6418
5165 6418
7194 6418
976 6419
6419 6419
6013 6419
1181 6419
2310 6419
4071 6419
6152 6419
735 6419
5720 6419
8090 6419
3840 6419
3320 6419
1420 6419
4425 6419
6794 6419
4384 6419
3642 6419
7145 6419
7263 6419
1232 6419
7083 6420
315 6420
7501 6420
437 6420
6443 6420
4874 6420
5834 6420
2669 6420
403 6420
1244 6420
7754 6420
5072 6420
5483 6420
4746 6420
5783 6420
6221 6420
2813 6420
4726 6420
2549 6421
4772 6421
7802 6421
6087 6421
5495 6421
2815 6421
6574 6421
7404 6421
1054 6421
2508 6421
4729 6421
2164 6421
3683 6421
7944 6421
5022 6422
5117 6422
4494 6422
6776 6422
6565 6422
1464 6422
5032 6422
5666 6422
6302 6422
927 6422
3717 6422
7762 6422
6567 6422
5444 6422
7176 6422
3302 6422
4900 6422
6073 6423
1502 6423
4694 6423
7190 6423
3127 6423
2033 6423
6110 6423
2968 6423
3075 6423
1563 6423
6163 6423
6651 6423
2376 6424
2321 6424
7576 6424
7501 6424
2778 6424
5734 6424
5301 6424
6595 6424
2417 6424
4929 6424
5941 6424
5230 6424
8153 6424
7952 6424
2718 6424
961 6425
2170 6425
1129 6425
1438 6425
2481 6425
158 6425
6014 6425
4896 6425
836 6425
4465 6425
4747 6425
5530 6425
1643 6425
3098 6425
3784 6425
3157 6425
4695 6425
8015 6425
756 6425
3688 6425
3102 6426
1408 6426
1037 6426
4596 6426
6272 6426
3895 6426
3564 6426
5547 6426
1656 6426
7595 6426
3067 6426
6661 6426
5468 6426
6211 6426
3974 6426
1613 6426
7554 6427
4657 6427
5817 6427
6191 6427
1750 6427
4875 6427
208 6427
2007 6427
655 6427
3832 6427
1100 6427
1224 6428
7719 6428
3442 6428
3586 6428
7231 6428
8224 6428
5221 6428
5210 6428
3994 6428
6616 6428
5690 6428
5720 6428
7074 6428
341 6428
2246 6428
6380 6428
7479 6428
6740 6428
1547 6428
5527 6428
3988 6428
5682 6429
6440 6429
1728 6429
8175 6429
917 6429
7357 6429
5096 6429
7652 6429
5981 6429
4350 6429
3858 6429
5689 6429
4114 6429
4460 6430
7665 6430
7910 6430
7056 6430
238 6430
1742 6430
3975 6430
442 6430
6891 6430
4948 6430
925 6430
5037 6430
8219 6430
709 6430
3302 6430
5168 6430
3644 6431
2941 6431
1548 6431
3515 6431
8290 6431
5426 6431
8067 6431
1101 6431
5990 6431
1477 6431
7697 6431
3758 6431
3877 6431
7864 6431
829 6432
504 6432
3819 6432
8073 6432
2509 6432
1870 6432
7052 6432
1791 6432
2367 6432
96 6432
1605 6432
5625 6432
5207 6433
3188 6433
4695 6433
3502 6433
4768 6433
2638 6433
1699 6433
7692 6433
4537 6433
7910 6433
3784 6433
7550 6433
4553 6433
6382 6433
5446 6433
1477 6433
7519 6433
2549 6433
560 6433
3006 6433
4801 6433
1284 6433
5737 6433
1387 6433
5640 6434
7335 6434
1764 6434
2344 6434
3127 6434
2982 6434
2335 6434
1477 6434
2600 6434
4366 6434
4972 6434
2508 6434
2221 6434
717 6435
4621 6435
7538 6435
1774 6435
7943 6435
7121 6435
133 6435
3031 6435
4123 6435
4092 6435
3165 6435
5830 6435
4765 6435
3439 6435
3641 6435
5819 6435
5710 6435
183 6435
6895 6436
8166 6436
1495 6436
5983 6436
1585 6436
8108 6436
1601 6436
6976 6436
3803 6436
6021 6436
7281 6436
4676 6436
2642 6436
2488 6437
306 6437
408 6437
7630 6437
2487 6437
2585 6437
1712 6437
6808 6437
833 6437
2608 6437
2653 6437
6971 6437
5770 6437
1300 6438
2395 6438
3327 6438
1353 6438
2447 6438
3032 6438
519 6438
5621 6438
4052 6438
7177 6438
4933 6438
5613 6438
2965 6438
7880 6438
1613 6438
2642 6439
7220 6439
6439 6439
1205 6439
774 6439
6341 6439
7665 6439
4633 6439
7139 6439
7156 6439
3697 6439
8170 6439
2492 6439
3527 6439
3549 6439
1369 6439
7270 6439
1452 6439
6704 6439
3833 6440
1700 6440
2784 6440
7008 6440
1892 6440
3038 6440
2787 6440
6529 6440
1009 6440
7156 6440
5626 6440
595 6440
3491 6440
3357 6441
1391 6441
390 6441
7822 6441
591 6441
2088 6441
1555 6441
8032 6441
3567 6441
1128 6441
3554 6441
2009 6442
7069 6442
7192 6442
6947 6442
5982 6442
7011 6442
2720 6442
4989 6442
7982 6442
1020 6442
4705 6442
3948 6442
3823 6442
6505 6442
527 6442
14 6443
1663 6443
3247 6443
4167 6443
5552 6443
1678 6443
534 6443
3759 6443
5118 6443
3863 6443
537 6443
4618 6443
5526 6443
2645 6443
2529 6443
6251 6443
7606 6443
6827 6443
6400 6444
4556 6444
4050 6444
7447 6444
2332 6444
3500 6444
2567 6444
5100 6444
6680 6444
1149 6444
6858 6444
5215 6444
1695 6444
520 6444
783 6444
5446 6444
3710 6444
4494 6444
5619 6444
4744 6444
4841 6445
1000 6445
7632 6445
6597 6445
6466 6445
8134 6445
1662 6445
7253 6445
2278 6445
6650 6445
7844 6445
3184 6445
1784 6445
4245 6445
3802 6445
7543 6445
409 6445
2759 6445
7835 6445
5137 6445
7061 6445
2157 6445
2715 6445
7758 6445
7573 6445
4883 6446
1760 6446
5944 6446
6816 6446
1341 6446
4678 6446
4516 6446
5103 6446
2988 6446
951 6446
3632 6446
6890 6446
3477 6446
4071 6446
6158 6446
1372 6446
2016 6446
6679 6447
6768 6447
6775 6447
4143 6447
1748 6447
4995 6447
1193 6447
581 6447
6146 6447
212 6447
6711 6447
6033 6447
1914 6447
2221 6447
7229 6447
182 6447
978 6447
6075 6447
1897 6447
2815 6448
1672 6448
6448 6448
6057 6448
4808 6448
3119 6448
635 6448
2570 6448
1403 6448
3157 6448
6308 6448
4435 6448
6154 6448
3120 6448
497 6448
6811 6449
1315 6449
3595 6449
7836 6449
5238 6449
7294 6449
2714 6449
5443 6449
1844 6449
2650 6449
2128 6449
642 6450
2202 6450
1727 6450
5805 6450
3857 6450
2625 6450
7344 6450
4024 6450
8072 6450
6495 6450
2182 6450
3644 6450
7519 6450
8145 6450
8100 6450
1051 6450
7113 6450
2334 6450
4726 6450
4438 6451
1965 6451
7833 6451
4788 6451
3442 6451
5795 6451
6434 6451
7933 6451
59 6451
5740 6451
4931 6451
1636 6451
6371 6451
5987 6451
452 6451
6863 6451
7281 6451
3159 6452
440 6452
7225 6452
1921 6452
4870 6452
3994 6452
5712 6452
7461 6452
5792 6452
942 6452
4274 6452
673 6452
1203 6452
999 6452
3573 6452
2152 6452
629 6452
3811 6453
3026 6453
6817 6453
692 6453
2057 6453
1882 6453
6842 6453
772 6453
5699 6453
2316 6453
2680 6453
5202 6453
2621 6453
5360 6453
7155 6453
7703 6453
4660 6453
416 6453
2596 6454
5303 6454
3454 6454
3864 6454
6605 6454
7717 6454
552 6454
7219 6454
1993 6454
4823 6454
7340 6454
6873 6454
5637 6454
7870 6454
6455 6455
3740 6455
404 6455
1859 6455
6731 6455
7517 6455
1413 6455
169 6455
5549 6455
7205 6455
1710 6455
4069 6455
6255 6456
410 6456
1024 6456
3200 6456
618 6456
4266 6456
6948 6456
8265 6456
1655 6456
2920 6456
809 6456
561 6456
838 6456
1913 6456
5598 6456
1535 6456
1472 6456
1238 6456
3349 6456
5001 6456
6719 6456
4188 6457
8020 6457
4040 6457
269 6457
118 6457
4617 6457
3994 6457
1797 6457
4615 6457
7186 6457
115 6457
6224 6457
3505 6457
365 6457
6361 6457
5481 6457
6744 6457
2583 6457
137 6457
985 6457
8289 6457
6458 6458
164 6458
1200 6458
7384 6458
744 6458
7564 6458
1001 6458
688 6458
7846 6458
7594 6458
2051 6458
2299 6458
5883 6458
7343 6458
1275 6458
18 6459
3582 6459
480 6459
3132 6459
2712 6459
4631 6459
5085 6459
2865 6459
7319 6459
7241 6459
6212 6459
7281 6459
2708 6459
2253 6459
4556 6459
3245 6459
3586 6459
1282 6459
4961 6459
440 6459
5404 6459
3344 6459
5963 6459
1915 6459
2930 6459
5978 6459
6007 6460
2963 6460
3803 6460
6924 6460
410 6460
7990 6460
62 6460
471 6460
383 6460
2555 6460
6768 6460
7878 6460
4313 6460
7269 6460
6013 6460
783 6460
3905 6461
7362 6461
4161 6461
860 6461
4959 6461
7113 6461
6945 6461
2650 6461
5988 6461
2917 6461
1193 6461
2587 6461
4816 6461
7829 6461
4638 6461
2420 6461
5552 6461
2618 6461
6867 6462
2123 6462
4619 6462
5701 6462
927 6462
440 6462
2247 6462
7856 6462
2637 6462
2151 6462
1690 6462
3223 6462
2540 6462
7482 6462
5469 6462
7952 6462
5003 6462
2439 6462
5881 6463
6510 6463
488 6463
61 6463
2509 6463
2950 6463
2733 6463
904 6463
4381 6463
5583 6463
1580 6463
296 6463
2663 6463
2384 6463
7291 6463
3251 6463
5941 6463
208 6463
6679 6463
48 6463
2513 6463
7331 6464
5965 6464
2673 6464
608 6464
7960 6464
4051 6464
4976 6464
1727 6464
868 6464
2442 6464
6004 6464
6359 6464
2764 6465
5872 6465
457 6465
4880 6465
8152 6465
827 6465
6366 6465
4596 6465
2055 6465
7137 6465
6073 6466
1253 6466
4660 6466
2908 6466
7783 6466
1009 6466
2921 6466
2653 6466
1869 6466
7107 6466
355 6466
226 6466
8219 6466
1952 6466
1157 6467
294 6467
1887 6467
3657 6467
2761 6467
5397 6467
6688 6467
867 6467
1911 6467
7132 6467
3850 6467
685 6467
7488 6467
2599 6467
4288 6467
7275 6467
1555 6467
250 6467
4711 6467
5814 6467
7000 6468
3591 6468
7350 6468
6833 6468
4188 6468
8153 6468
4173 6468
4594 6468
8016 6468
5236 6468
6664 6468
6198 6468
3382 6468
6231 6468
866 6468
1811 6468
2057 6468
4065 6468
7547 6468
721 6468
5835 6468
7460 6468
3296 6468
2160 6468
2930 6468
2394 6468
3123 6468
403 6469
5477 6469
3333 6469
487 6469
938 6469
7910 6469
2759 6469
6694 6469
272 6469
6391 6469
6254 6469
2855 6469
4363 6469
4591 6469
5431 6470
4213 6470
4315 6470
6737 6470
4327 6470
2475 6470
3352 6470
7133 6470
5517 6470
5961 6470
7297 6470
5334 6470
6643 6470
4876 6470
7053 6470
1135 6470
6068 6470
8160 6470
2812 6471
6471 6471
8186 6471
4158 6471
4460 6471
7224 6471
8000 6471
4699 6471
799 6471
6912 6471
7710 6471
7959 6471
2741 6471
4400 6471
8205 6472
4966 6472
5188 6472
1134 6472
2868 6472
7078 6472
462 6472
6146 6472
6776 6472
1347 6472
5712 6472
5946 6472
160 6472
5327 6472
3781 6472
1049 6472
6864 6472
6618 6472
6145 6472
8166 6472
7159 6472
2763 6472
6377 6472
7701 6473
5003 6473
4411 6473
3864 6473
5169 6473
1181 6473
21 6473
5322 6473
3667 6473
4179 6473
4220 6473
3708 6473
3104 6473
5622 6474
7097 6474
7404 6474
4145 6474
1403 6474
1135 6474
3504 6474
1362 6474
2854 6474
1877 6474
808 6474
6566 6474
929 6474
276 6475
2267 6475
2245 6475
5597 6475
1139 6475
6689 6475
5481 6475
2447 6475
6833 6475
4505 6475
5587 6475
6606 6476
6453 6476
4661 6476
6022 6476
4694 6476
4458 6476
2527 6476
8237 6476
6718 6476
7796 6476
3277 6476
4983 6476
6336 6476
7525 6476
3936 6476
7233 6476
7296 6476
4004 6476
5313 6476
6540 6476
646 6477
863 6477
1373 6477
6359 6477
1886 6477
4722 6477
6495 6477
659 6477
3663 6477
4732 6477
5004 6477
4534 6477
3646 6477
5406 6477
804 6477
6935 6477
1193 6478
1693 6478
5867 6478
6326 6478
192 6478
353 6478
6021 6478
7728 6478
5070 6478
6573 6478
5446 6478
4480 6478
6749 6478
934 6478
4502 6478
263 6479
455 6479
2178 6479
584 6479
628 6479
4155 6479
8142 6479
1057 6479
5203 6479
7927 6479
5007 6479
7229 6480
8238 6480
1691 6480
2252 6480
3700 6480
4968 6480
3320 6480
2816 6480
6573 6480
5098 6480
4145 6480
7692 6480
6236 6480
2332 6481
2582 6481
1758 6481
6207 6481
6768 6481
3107 6481
2986 6481
3445 6481
852 6481
7481 6481
381 6481
6808 6481
4460 6481
689 6481
1020 6481
7400 6481
6026 6481
3474 6481
2242 6481
42 6481
3572 6481
680 6481
3256 6481
6167 6481
4574 6482
6230 6482
5032 6482
2720 6482
662 6482
6087 6482
2197 6482
1296 6482
2816 6482
1098 6482
3441 6482
1145 6482
5946 6482
3333 6482
2019 6482
1272 6483
163 6483
1936 6483
3958 6483
4702 6483
6257 6483
5371 6483
3709 6483
4005 6483
6178 6483
6709 6483
2891 6483
3294 6483
748 6483
6397 6483
2746 6483
7096 6483
1542 6483
1823 6483
3554 6484
4879 6484
846 6484
6736 6484
7378 6484
6667 6484
4076 6484
4467 6484
4742 6484
5176 6484
2906 6484
1968 6484
2287 6484
21 6484
1854 6484
3803 6484
4238 6484
5697 6484
3780 6485
5663 6485
498 6485
6275 6485
7132 6485
5414 6485
605 6485
2796 6485
1756 6485
3615 6485
3871 6485
3249 6485
7189 6485
3466 6485
6224 6486
1744 6486
771 6486
6261 6486
3752 6486
6112 6486
5613 6486
1291 6486
4735 6486
263 6486
189 6486
5963 6486
3139 6486
3500 6486
6305 6486
1699 6486
7224 6486
5778 6486
438 6486
3371 6486
6598 6486
5114 6487
6756 6487
5005 6487
1803 6487
36 6487
375 6487
4254 6487
5186 6487
727 6487
4654 6487
2903 6487
3582 6487
8253 6487
2913 6487
6420 6487
2518 6487
5199 6487
7013 6487
194 6487
6663 6487
4335 6487
2256 6487
1134 6487
1374 6487
5063 6488
6457 6488
1686 6488
8241 6488
72 6488
749 6488
6751 6488
4411 6488
3738 6488
905 6488
1295 6488
2599 6488
138 6488
2774 6489
5620 6489
3134 6489
1487 6489
3807 6489
2735 6489
4722 6489
3446 6489
5150 6489
2852 6489
4910 6489
6729 6489
1712 6489
7678 6489
1730 6489
501 6490
1752 6490
4835 6490
5209 6490
6391 6490
6175 6490
656 6490
4941 6490
7570 6490
841 6490
7 6490
4704 6490
982 6490
1977 6490
2061 6490
8180 6490
4884 6490
7653 6491
5273 6491
7299 6491
7381 6491
1224 6491
4811 6491
5497 6491
3540 6491
2543 6491
1360 6492
79 6492
4459 6492
7521 6492
2225 6492
7183 6492
8025 6492
7576 6492
3950 6492
4801 6492
1279 6492
383 6492
3770 6492
4829 6492
11 6492
940 6492
5716 6492
6457 6492
3473 6493
3777 6493
3190 6493
5988 6493
1923 6493
7711 6493
1514 6493
4802 6493
7334 6493
2877 6493
145 6493
4981 6493
1414 6494
6368 6494
3964 6494
5691 6494
7435 6494
467 6494
5003 6494
5465 6494
3654 6494
