3416 6494
1654 6494
7297 6494
2002 6494
2047 6494
6701 6494
738 6494
4233 6494
4083 6494
2053 6494
823 6494
6755 6494
7647 6494
5010 6494
5391 6494
2332 6495
3960 6495
7528 6495
1234 6495
4986 6495
28 6495
1483 6495
5737 6495
4404 6495
1334 6495
7776 6495
4777 6495
7347 6495
4553 6495
4006 6495
5878 6495
852 6495
6433 6496
127 6496
6591 6496
5188 6496
3973 6496
6071 6496
4973 6496
6128 6496
263 6496
6347 6496
295 6496
5819 6496
1683 6496
2652 6497
7766 6497
1353 6497
7144 6497
2181 6497
440 6497
644 6497
2563 6497
5648 6497
4264 6497
1742 6497
2882 6497
2497 6497
6638 6498
5637 6498
4530 6498
4064 6498
7895 6498
5765 6498
6277 6498
8127 6498
1047 6498
279 6498
3878 6498
6890 6498
5459 6498
534 6498
2215 6498
2935 6498
4386 6498
5032 6498
3800 6498
6356 6498
525 6498
6840 6499
2835 6499
5899 6499
2912 6499
883 6499
314 6499
6673 6499
7155 6499
6794 6499
6433 6499
1369 6499
6357 6499
5018 6499
645 6499
7791 6499
197 6499
4857 6499
40 6499
929 6499
4979 6500
8180 6500
3343 6500
777 6500
105 6500
4959 6500
2841 6500
5722 6500
2318 6500
7575 6500
2626 6500
7412 6500
3101 6500
6063 6500
1273 6500
5026 6501
36 6501
647 6501
996 6501
1310 6501
2315 6501
7740 6501
525 6501
1136 6501
3778 6501
1297 6501
2691 6501
3702 6501
4129 6501
4913 6501
2441 6501
1289 6501
4568 6502
7977 6502
2543 6502
1097 6502
1323 6502
1254 6502
3322 6502
3652 6502
7962 6502
4121 6502
1425 6502
2465 6502
4863 6502
7361 6502
8077 6502
2940 6502
2018 6502
4901 6502
7147 6502
4439 6502
8035 6502
6405 6502
6276 6502
1205 6502
1949 6502
2099 6503
6545 6503
1719 6503
5591 6503
2192 6503
6410 6503
5569 6503
2182 6503
4213 6503
7390 6503
264 6503
7143 6503
1264 6503
863 6503
6874 6503
7648 6503
5357 6503
1344 6504
113 6504
2716 6504
637 6504
826 6504
4859 6504
7741 6504
3217 6504
6116 6504
7256 6504
7611 6504
1213 6504
6305 6504
6641 6504
6862 6504
6332 6504
6433 6504
4204 6504
4286 6504
3436 6505
3622 6505
6112 6505
4713 6505
4201 6505
7064 6505
470 6505
4272 6505
656 6505
525 6505
5446 6505
5434 6505
2531 6505
1823 6505
8026 6505
673 6505
7509 6505
4427 6505
6340 6506
5463 6506
1015 6506
5446 6506
2618 6506
2569 6506
5303 6506
4155 6506
174 6506
5031 6506
772 6507
7962 6507
7126 6507
7856 6507
1971 6507
4885 6507
3086 6507
1669 6507
6368 6507
4427 6508
4759 6508
129 6508
1189 6508
1477 6508
1734 6508
5310 6508
929 6508
7505 6508
7056 6508
4425 6508
8078 6508
6778 6508
2468 6508
464 6508
2885 6509
6664 6509
3089 6509
7800 6509
1040 6509
5987 6509
6673 6509
4638 6509
4966 6509
1221 6509
1265 6509
1636 6509
5781 6509
4082 6509
1571 6509
1232 6509
1990 6509
7225 6509
6275 6509
4983 6509
4658 6509
1656 6509
2903 6509
5816 6510
270 6510
6998 6510
4816 6510
714 6510
8048 6510
2522 6510
6238 6510
5153 6510
7728 6510
949 6510
7687 6510
4299 6510
4717 6510
6564 6510
2858 6510
4730 6510
5468 6510
7284 6510
8145 6510
8065 6510
2949 6511
5666 6511
3697 6511
248 6511
4084 6511
3289 6511
4276 6511
2111 6511
434 6511
644 6511
6167 6511
1073 6511
508 6511
4253 6511
346 6511
5765 6511
5366 6512
6466 6512
1109 6512
5758 6512
1357 6512
4282 6512
887 6512
4698 6513
8252 6513
291 6513
7048 6513
7009 6513
6004 6513
1517 6513
5001 6513
1333 6513
7708 6513
8075 6513
4973 6513
3048 6513
7211 6513
4445 6513
3365 6513
6681 6513
635 6513
6894 6513
49 6513
749 6514
346 6514
4221 6514
2666 6514
5892 6514
7654 6514
6717 6514
1754 6514
1674 6514
3059 6514
583 6514
565 6514
1348 6514
6884 6514
6837 6515
172 6515
6935 6515
6913 6515
3608 6515
6225 6515
7865 6515
3547 6515
329 6515
4461 6515
350 6515
6994 6515
5701 6515
6717 6515
3120 6515
3290 6515
4847 6515
4986 6515
7602 6515
1186 6515
3667 6515
4817 6516
2713 6516
6677 6516
6710 6516
6429 6516
4930 6516
6727 6516
5294 6516
4997 6516
7438 6516
8106 6516
1449 6516
6662 6516
7728 6516
984 6516
3375 6516
6358 6516
2765 6516
7534 6517
6517 6517
6131 6517
423 6517
5630 6517
7095 6517
8053 6517
492 6517
4807 6517
5265 6517
163 6517
853 6517
7792 6517
3 6517
2173 6517
4651 6517
6421 6518
7856 6518
5338 6518
5812 6518
72 6518
1082 6518
7034 6518
2983 6518
7721 6518
1594 6518
4570 6518
2123 6518
1653 6518
6891 6518
4077 6519
2803 6519
512 6519
5885 6519
2161 6519
4699 6519
2894 6519
3953 6519
8269 6519
1655 6519
6165 6519
8154 6519
2351 6519
5622 6519
3436 6519
2548 6520
3177 6520
7714 6520
4595 6520
2465 6520
6424 6520
618 6520
3713 6520
8175 6520
3082 6520
2122 6520
4619 6520
5764 6520
6773 6520
5881 6520
3286 6520
868 6520
5549 6520
3547 6520
8027 6521
7456 6521
1567 6521
4585 6521
5162 6521
3615 6521
8114 6521
6853 6521
1333 6521
733 6521
4579 6522
3253 6522
422 6522
8155 6522
5222 6522
772 6522
4843 6522
1216 6522
2731 6522
5262 6522
8007 6522
3143 6522
5238 6522
6391 6522
3378 6522
934 6523
2631 6523
7465 6523
7053 6523
6353 6523
6226 6523
4899 6523
7806 6523
1745 6523
5499 6523
974 6523
2032 6523
6098 6523
4107 6523
7311 6523
965 6523
5613 6523
2164 6523
4394 6523
6009 6523
7792 6523
4585 6523
5293 6523
7259 6524
3261 6524
1127 6524
790 6524
1326 6524
3405 6524
5522 6524
2489 6524
357 6524
1914 6524
5818 6524
4651 6524
6232 6524
868 6524
3502 6524
3106 6524
4607 6524
1636 6524
616 6524
1910 6525
6614 6525
1246 6525
5300 6525
1498 6525
3207 6525
4532 6525
1998 6525
4645 6525
1979 6525
4877 6525
664 6525
358 6525
5748 6525
2383 6525
921 6526
3180 6526
7242 6526
7646 6526
5776 6526
3421 6526
4245 6526
2895 6526
821 6526
6404 6526
4138 6526
5965 6526
953 6526
4881 6526
4589 6526
1001 6526
2047 6526
6527 6527
6763 6527
1620 6527
376 6527
8134 6527
448 6527
3209 6527
1243 6527
2483 6527
7620 6527
4259 6527
1825 6527
7896 6527
2278 6527
5049 6527
5699 6527
6827 6528
121 6528
1680 6528
6680 6528
8210 6528
4097 6528
5761 6528
940 6528
4336 6528
6676 6528
7870 6528
3035 6528
1100 6528
7959 6528
426 6528
6183 6529
6239 6529
3180 6529
2512 6529
8120 6529
5001 6529
84 6529
2543 6529
7352 6529
8162 6529
7521 6529
8070 6529
1457 6529
5670 6529
6162 6529
2050 6529
5710 6529
6333 6529
515 6529
3391 6529
8073 6529
6530 6530
6116 6530
5227 6530
7391 6530
97 6530
2239 6530
5883 6530
431 6530
6477 6530
5432 6530
3289 6530
4129 6530
6084 6530
3707 6530
2447 6530
7229 6530
3284 6530
6181 6530
5077 6530
4409 6530
1662 6530
1756 6530
5296 6531
4853 6531
2008 6531
1166 6531
882 6531
2632 6531
5543 6531
4172 6531
8291 6531
704 6531
2490 6531
3401 6532
4242 6532
1565 6532
1049 6532
530 6532
7037 6532
965 6532
487 6532
2312 6532
7044 6532
3631 6532
5072 6532
6342 6532
2275 6533
3802 6533
1914 6533
5899 6533
7906 6533
908 6533
1732 6533
4965 6533
8186 6533
4266 6533
6734 6533
1546 6533
3424 6533
7390 6533
6576 6534
1976 6534
5605 6534
3426 6534
434 6534
1869 6534
6628 6534
118 6534
8273 6534
8172 6534
6520 6534
2285 6534
3419 6534
2260 6534
5263 6534
2378 6534
2630 6534
483 6534
7256 6534
2772 6534
4536 6534
2088 6534
1924 6534
7287 6534
768 6534
1895 6535
5039 6535
6575 6535
113 6535
1475 6535
3941 6535
6468 6535
1890 6535
4107 6535
3034 6535
5625 6535
2479 6535
450 6535
556 6535
1787 6535
6453 6535
3741 6535
5757 6535
4161 6535
5452 6535
7283 6536
7348 6536
6057 6536
2536 6536
2175 6536
2006 6536
5188 6536
7275 6536
6616 6536
2037 6536
6313 6536
3799 6536
7861 6536
7379 6536
3575 6536
1712 6536
3091 6537
7721 6537
2260 6537
1055 6537
7215 6537
4807 6537
2077 6537
6398 6537
7695 6537
5549 6537
3683 6537
6152 6537
534 6537
3338 6538
5931 6538
5072 6538
7181 6538
1149 6538
1145 6538
7183 6538
5536 6538
602 6538
3917 6538
5142 6538
2489 6538
4698 6539
4488 6539
3529 6539
2200 6539
4589 6539
295 6539
426 6539
5855 6539
6873 6539
3857 6539
2438 6539
2110 6539
2994 6539
4084 6539
2888 6539
4465 6540
18 6540
7878 6540
1923 6540
3571 6540
4439 6540
4272 6540
4061 6540
1482 6540
7437 6540
402 6540
3847 6540
3292 6540
598 6540
2133 6540
2068 6540
2488 6540
7356 6540
8267 6540
1990 6540
7308 6540
3321 6540
4202 6540
6208 6541
6059 6541
6679 6541
4875 6541
3991 6541
950 6541
853 6541
7302 6541
3572 6541
2054 6541
4434 6541
4100 6541
2855 6541
1044 6541
2401 6541
929 6541
8186 6542
7538 6542
7028 6542
1934 6542
3972 6542
3913 6542
3707 6542
1205 6542
1386 6542
182 6542
6773 6542
5207 6542
2951 6542
2890 6542
725 6542
2468 6542
1877 6543
4857 6543
4506 6543
8054 6543
5127 6543
3565 6543
636 6543
2278 6543
3284 6543
8259 6543
7712 6543
2942 6543
5964 6543
5379 6543
2111 6543
2951 6543
3002 6543
3700 6543
7539 6543
6695 6543
4412 6543
6951 6543
6182 6543
6610 6543
3152 6543
3168 6543
4949 6544
1806 6544
6998 6544
6723 6544
7669 6544
8198 6544
7057 6544
2659 6544
4083 6544
4883 6544
4760 6545
5978 6545
3810 6545
480 6545
5992 6545
7758 6545
2604 6545
2502 6545
6741 6545
2741 6545
2587 6545
2930 6545
2873 6545
2785 6545
8282 6545
2061 6545
1844 6545
7403 6545
5182 6545
820 6545
1786 6546
3324 6546
6043 6546
7950 6546
2575 6546
7644 6546
2930 6546
3396 6546
4519 6546
4357 6546
4438 6546
3739 6546
464 6546
5072 6546
3968 6546
3510 6546
2263 6546
836 6546
3807 6546
903 6546
6699 6546
8217 6546
7246 6546
3872 6546
6171 6547
7603 6547
2076 6547
375 6547
7135 6547
8279 6547
1661 6547
6841 6547
3502 6547
5459 6547
512 6547
1339 6547
8054 6547
3454 6547
3801 6547
970 6548
6548 6548
3045 6548
5201 6548
7264 6548
3492 6548
7213 6548
2302 6548
717 6548
7786 6548
1520 6548
3325 6549
3522 6549
5366 6549
1963 6549
6198 6549
2126 6549
2628 6549
7014 6549
310 6549
6519 6549
4985 6549
1183 6549
1382 6549
4622 6549
299 6549
4279 6549
1133 6549
5299 6549
1140 6549
2810 6550
5670 6550
7649 6550
6063 6550
8240 6550
2030 6550
3992 6550
3349 6550
79 6550
1534 6550
2721 6550
6760 6550
7057 6550
6469 6550
1087 6550
5659 6550
6182 6550
5133 6550
3828 6550
4242 6550
7050 6550
7084 6550
6748 6551
6358 6551
1995 6551
8090 6551
5539 6551
614 6551
7601 6551
2933 6551
3041 6551
7374 6551
3345 6551
5326 6551
4929 6551
4596 6551
3567 6551
5794 6551
4518 6552
7322 6552
4450 6552
4621 6552
4893 6552
314 6552
287 6552
4777 6552
1425 6552
5374 6552
2716 6552
160 6552
241 6552
3611 6552
2885 6552
4696 6552
6523 6552
6553 6553
2675 6553
5700 6553
4988 6553
1108 6553
3157 6553
4913 6553
5770 6553
349 6553
727 6553
4450 6553
1442 6553
1745 6553
5919 6553
671 6553
2735 6553
7942 6553
6276 6554
1224 6554
5783 6554
4352 6554
6895 6554
7435 6554
744 6554
5960 6554
7040 6554
4008 6554
3431 6554
3972 6554
6169 6554
5557 6554
2906 6554
7315 6554
4514 6554
4254 6555
2817 6555
2710 6555
5008 6555
6731 6555
4637 6555
3218 6555
2806 6555
6444 6555
470 6555
7244 6556
2320 6556
1880 6556
4453 6556
7788 6556
4376 6556
3736 6556
7085 6556
3836 6556
4528 6556
5398 6556
3479 6556
6773 6556
3725 6556
7940 6556
3507 6556
4398 6556
4645 6557
6810 6557
2009 6557
6796 6557
6464 6557
3446 6557
7730 6557
272 6557
3142 6557
3584 6557
5570 6557
2143 6557
1652 6557
588 6557
3466 6557
6558 6558
2911 6558
7482 6558
7787 6558
6974 6558
1939 6558
3330 6558
6701 6558
1472 6558
7745 6558
5291 6558
2459 6558
1000 6558
8016 6558
1408 6558
5296 6558
4714 6559
6015 6559
4879 6559
3380 6559
1685 6559
3106 6559
5951 6559
7321 6559
2425 6559
4381 6559
2945 6559
2663 6560
4927 6560
4820 6560
2204 6560
7164 6560
6361 6560
4988 6560
7531 6560
2040 6560
1615 6560
6612 6560
2203 6560
1655 6560
6638 6561
8180 6561
3214 6561
5360 6561
5918 6561
8297 6561
4529 6561
4025 6561
1959 6561
8072 6561
7973 6561
8142 6561
6811 6561
2489 6561
1269 6561
4158 6562
1959 6562
6667 6562
4264 6562
2909 6562
1567 6562
825 6562
3811 6562
1536 6562
2393 6562
2138 6562
2389 6562
7228 6562
1871 6562
1805 6562
2778 6562
7792 6562
5980 6562
398 6562
2010 6562
2769 6562
98 6562
1675 6563
419 6563
7435 6563
7147 6563
275 6563
6477 6563
5082 6563
7040 6563
6031 6563
7138 6563
4856 6563
3081 6563
4380 6563
3824 6563
243 6563
2057 6563
2572 6564
7056 6564
3984 6564
1504 6564
1894 6564
5135 6564
2164 6564
2759 6564
4877 6564
887 6564
5982 6564
4899 6564
1411 6564
714 6564
5907 6564
3331 6564
4277 6564
1924 6564
5674 6564
3994 6565
3408 6565
5773 6565
2485 6565
2221 6565
5515 6565
7082 6565
4266 6565
4364 6565
4244 6565
3784 6565
579 6565
5522 6565
6446 6565
6680 6565
305 6565
4170 6565
1118 6565
6620 6566
3522 6566
390 6566
5008 6566
4008 6566
2646 6566
3740 6566
3059 6566
3955 6566
140 6566
6472 6566
7710 6566
2770 6566
4336 6566
4198 6566
4632 6566
2228 6567
7668 6567
7240 6567
8240 6567
518 6567
1548 6567
2892 6567
4369 6567
6406 6567
310 6567
2358 6567
4682 6567
2415 6567
2384 6567
4121 6567
6568 6568
1037 6568
1149 6568
4651 6568
5017 6568
5043 6568
6079 6568
2594 6568
7543 6568
5475 6568
4395 6568
1289 6568
5006 6568
2031 6568
6658 6568
4892 6568
6475 6568
4183 6568
3997 6568
531 6568
2778 6568
6797 6568
2427 6568
7638 6568
34 6568
1464 6569
2853 6569
2982 6569
2443 6569
6173 6569
3088 6569
3479 6569
3314 6569
2805 6569
1179 6569
4269 6569
3788 6569
3212 6569
1724 6569
2951 6569
3904 6570
5010 6570
1690 6570
2987 6570
3069 6570
4253 6570
1313 6570
884 6570
6112 6570
1400 6570
4454 6570
4671 6570
2439 6570
4977 6570
3398 6570
1079 6570
1571 6570
8108 6570
4647 6570
1067 6571
8237 6571
7014 6571
3159 6571
4802 6571
4428 6571
6580 6571
5523 6571
3566 6571
3300 6571
5548 6571
5008 6571
6683 6571
1672 6572
941 6572
2795 6572
1331 6572
3768 6572
7197 6572
2203 6572
1978 6572
985 6572
7040 6572
1297 6572
1284 6572
3850 6572
5528 6572
4349 6572
1524 6572
6986 6572
1648 6572
2066 6572
4566 6572
6805 6573
5117 6573
6658 6573
6284 6573
3281 6573
8108 6573
7166 6573
6918 6573
563 6573
3344 6573
815 6573
2754 6573
6686 6573
3244 6573
112 6573
7311 6573
3548 6573
478 6573
4268 6573
1964 6574
7837 6574
4388 6574
5941 6574
6011 6574
5203 6574
1691 6574
5065 6574
7709 6574
4769 6574
521 6574
4276 6574
4003 6574
3873 6574
7322 6574
7493 6574
1279 6574
1467 6574
442 6574
1865 6574
2760 6574
4422 6574
6183 6574
5770 6574
5309 6574
561 6574
2600 6574
2910 6574
585 6574
1261 6574
2131 6575
8110 6575
5620 6575
1299 6575
1443 6575
3124 6575
5572 6575
7424 6575
8008 6575
6968 6575
3240 6575
7622 6575
152 6575
3099 6576
949 6576
6260 6576
3702 6576
5048 6576
1865 6576
5704 6576
7721 6576
3180 6576
4079 6576
3082 6576
5342 6576
3415 6576
3883 6576
4949 6576
3445 6576
4920 6576
2570 6577
5084 6577
5214 6577
4916 6577
7209 6577
182 6577
7164 6577
1132 6577
6696 6577
3005 6578
3656 6578
2269 6578
3463 6578
665 6578
4773 6578
2430 6578
2324 6578
5263 6578
4576 6578
7895 6578
1923 6578
5946 6578
431 6578
5789 6579
6393 6579
4366 6579
5587 6579
8070 6579
4329 6579
2650 6579
2495 6579
3463 6579
7310 6579
3222 6579
2938 6579
3742 6579
2001 6580
1786 6580
6095 6580
8088 6580
7928 6580
3230 6580
4070 6580
5003 6580
207 6580
3289 6580
2061 6580
2502 6580
6152 6580
4745 6580
1006 6580
135 6580
7281 6580
4632 6580
310 6581
5351 6581
3202 6581
970 6581
7753 6581
6223 6581
529 6581
1940 6581
913 6581
161 6581
4203 6581
1209 6581
4299 6581
6582 6582
2634 6582
7461 6582
864 6582
2165 6582
7576 6582
6171 6582
4360 6582
322 6582
3339 6582
1311 6582
4352 6582
7580 6582
2215 6582
3814 6582
6994 6583
7593 6583
6749 6583
320 6583
2698 6583
1098 6583
4151 6583
598 6583
5708 6583
3037 6583
4622 6583
8034 6583
5689 6584
5810 6584
779 6584
4850 6584
7060 6584
219 6584
7882 6584
7338 6584
4127 6584
160 6584
1686 6584
349 6584
3859 6584
918 6584
3688 6584
7543 6584
2512 6584
6585 6585
4941 6585
1300 6585
4938 6585
1381 6585
216 6585
4860 6585
6318 6585
5696 6585
6103 6585
2704 6585
5044 6585
2423 6585
6649 6586
4948 6586
4502 6586
2905 6586
6144 6586
970 6586
7894 6586
1788 6586
8070 6586
4817 6586
6064 6587
4792 6587
3016 6587
461 6587
2953 6587
5027 6587
617 6587
1620 6587
1989 6587
5010 6587
7094 6587
5602 6587
6360 6587
789 6587
6813 6587
6228 6587
7081 6587
2333 6587
6078 6587
3426 6588
5072 6588
4512 6588
3188 6588
6382 6588
4529 6588
4156 6588
8057 6588
8073 6588
5344 6588
568 6588
4589 6588
8065 6588
8265 6588
2447 6588
2849 6588
3170 6588
5649 6589
6589 6589
6523 6589
4435 6589
6240 6589
2228 6589
4729 6589
3343 6589
7355 6589
634 6589
6890 6589
4548 6589
2630 6589
5276 6589
2467 6589
3071 6589
2812 6589
7752 6589
2267 6590
7594 6590
6529 6590
900 6590
1973 6590
1344 6590
1116 6590
216 6590
5551 6590
6169 6590
127 6590
3286 6590
2130 6590
48 6590
2008 6590
3242 6590
7969 6590
491 6590
292 6590
8105 6590
2537 6590
5816 6591
95 6591
4762 6591
5152 6591
2582 6591
1579 6591
6382 6591
73 6591
1758 6591
4883 6591
1775 6591
4638 6591
6744 6591
3222 6591
4180 6591
1795 6591
6416 6592
5233 6592
7370 6592
3024 6592
7322 6592
5819 6592
5994 6592
7966 6592
2332 6592
410 6592
786 6592
5384 6592
4041 6592
7255 6592
3126 6592
5188 6592
1307 6592
7161 6592
5413 6592
1784 6592
5895 6593
7594 6593
1161 6593
194 6593
8210 6593
3196 6593
7070 6593
1452 6593
6739 6593
6895 6593
3086 6593
7242 6594
6580 6594
3233 6594
3946 6594
2843 6594
7319 6594
4408 6594
2594 6594
6965 6594
7560 6594
1690 6594
1326 6594
2735 6594
5699 6594
3485 6594
3092 6594
1296 6594
135 6595
7864 6595
5703 6595
6961 6595
1255 6595
982 6595
1565 6595
3617 6595
358 6595
4024 6595
3474 6595
6514 6596
7937 6596
7720 6596
5098 6596
1357 6596
5818 6596
3089 6596
2982 6596
5273 6596
7203 6596
6577 6596
1832 6596
5263 6596
4010 6596
617 6596
1165 6597
440 6597
1877 6597
1685 6597
6783 6597
1432 6597
8103 6597
3804 6597
663 6597
5748 6597
190 6597
1037 6597
6025 6597
4173 6598
7665 6598
6695 6598
6851 6598
1756 6598
457 6598
987 6598
6908 6598
779 6598
3761 6598
3614 6598
6912 6598
2442 6598
6383 6598
1937 6598
3284 6598
3798 6598
4512 6598
2631 6598
1895 6599
3502 6599
734 6599
451 6599
6420 6599
2362 6599
2785 6599
3612 6599
7730 6599
375 6599
1889 6599
5155 6599
5233 6599
3003 6599
3990 6599
85 6599
2001 6599
852 6599
1282 6599
6958 6600
2720 6600
1204 6600
7649 6600
1986 6600
1066 6600
4835 6600
7854 6600
1315 6600
2481 6600
7004 6600
8237 6600
6079 6600
5965 6600
522 6600
6289 6600
3281 6600
3373 6600
4189 6600
2039 6600
8290 6601
5799 6601
6669 6601
846 6601
1336 6601
4915 6601
4533 6601
6160 6601
7291 6601
3345 6601
5984 6601
1830 6601
6602 6602
5329 6602
1843 6602
5276 6602
7293 6602
8053 6602
8206 6602
2276 6602
5037 6602
6295 6602
5252 6602
1195 6602
6244 6602
3941 6602
5593 6603
6397 6603
8176 6603
4902 6603
2300 6603
934 6603
1077 6603
2163 6603
731 6603
2629 6603
5780 6603
2415 6603
2983 6603
1524 6603
5534 6603
5783 6603
6133 6603
6737 6603
3834 6603
266 6603
1217 6603
8171 6603
3151 6603
833 6604
2762 6604
6614 6604
2574 6604
594 6604
6030 6604
1532 6604
2465 6604
1260 6604
4668 6604
3599 6604
5961 6604
2788 6604
5278 6604
7569 6604
6212 6604
7256 6604
2389 6604
3543 6604
2268 6604
3031 6604
7451 6604
3748 6604
2180 6604
3365 6604
5625 6604
4445 6604
3052 6604
5048 6604
6916 6604
5158 6604
7745 6605
7646 6605
4938 6605
5062 6605
5925 6605
2719 6605
2749 6605
3728 6605
4035 6605
1057 6605
4338 6605
2242 6606
1293 6606
2652 6606
739 6606
1559 6606
7206 6606
5087 6606
7368 6606
2718 6606
7738 6606
4888 6606
2608 6606
2524 6607
2800 6607
7070 6607
2563 6607
2908 6607
4871 6607
7606 6607
7362 6607
440 6607
3522 6607
4156 6607
8087 6607
7684 6607
4785 6607
5397 6607
1843 6607
5415 6607
19 6608
1268 6608
5282 6608
3406 6608
2394 6608
1125 6608
4155 6608
3873 6608
6011 6608
6095 6608
5118 6608
1182 6608
1295 6608
2161 6608
1709 6608
4199 6608
4083 6608
5457 6609
3463 6609
802 6609
2358 6609
1726 6609
3727 6609
7228 6609
28 6609
961 6609
3711 6609
8244 6609
6983 6609
664 6609
6968 6609
2979 6609
7227 6609
3717 6609
6615 6609
5722 6609
4856 6609
1529 6609
4071 6610
6236 6610
695 6610
601 6610
1339 6610
5377 6610
8172 6610
3304 6610
7247 6610
316 6610
5402 6610
6929 6610
3879 6610
680 6610
2216 6610
7321 6610
6807 6610
2397 6610
3128 6610
3938 6611
5950 6611
4216 6611
3717 6611
5987 6611
8123 6611
1909 6611
7880 6611
3905 6611
5682 6611
2269 6611
7680 6611
663 6611
7110 6611
1260 6611
4881 6611
5917 6611
3075 6611
3960 6611
7115 6611
7617 6611
6744 6611
7593 6611
6227 6611
7264 6611
7571 6612
3680 6612
7614 6612
4859 6612
1338 6612
3614 6612
2315 6612
1943 6612
6964 6612
6996 6612
6022 6612
5080 6612
3651 6612
7532 6612
2370 6613
4586 6613
6288 6613
3945 6613
1754 6613
8120 6613
7364 6613
6325 6613
4610 6613
4653 6613
5988 6613
6782 6613
