7146 6613
3943 6613
703 6614
3814 6614
7410 6614
2576 6614
7705 6614
7357 6614
3197 6614
3101 6614
7533 6614
5189 6614
6796 6614
3568 6614
2765 6615
6115 6615
6167 6615
4793 6615
1797 6615
970 6615
571 6615
834 6615
4175 6615
7297 6616
1243 6616
175 6616
1361 6616
6551 6616
7265 6616
3507 6616
7314 6616
3583 6616
6156 6616
2171 6616
3407 6616
5527 6617
6617 6617
8026 6617
5406 6617
532 6617
7605 6617
2260 6617
485 6617
7126 6617
1058 6617
7448 6617
4358 6617
4160 6617
7595 6617
5188 6617
7192 6617
5572 6617
6531 6617
207 6617
3930 6617
165 6617
1290 6618
6475 6618
1044 6618
5134 6618
4863 6618
960 6618
3277 6618
7554 6618
7507 6618
5587 6618
4412 6618
4528 6618
740 6618
540 6618
5119 6619
5909 6619
621 6619
3564 6619
6085 6619
5801 6619
1727 6619
2327 6619
6763 6619
4465 6619
1754 6619
1128 6619
7137 6619
4007 6619
5783 6619
3828 6620
3967 6620
7585 6620
4364 6620
4587 6620
1304 6620
6763 6620
395 6620
8224 6620
527 6620
4861 6620
481 6620
1093 6620
7960 6620
3286 6620
8186 6620
5500 6621
2977 6621
4861 6621
888 6621
816 6621
3927 6621
508 6621
3834 6621
3621 6621
221 6621
1526 6621
3232 6621
644 6621
2637 6621
6936 6621
7653 6621
3006 6621
5300 6621
2308 6621
7333 6621
6684 6621
2754 6621
5844 6622
4781 6622
4902 6622
7299 6622
4558 6622
1076 6622
2222 6622
195 6622
4232 6622
3718 6622
7255 6622
5439 6622
1767 6622
1450 6622
3692 6622
5159 6622
1355 6622
4122 6622
8269 6622
6545 6622
585 6623
3783 6623
2250 6623
7070 6623
5602 6623
635 6623
2577 6623
6960 6623
5574 6623
638 6623
3211 6623
5110 6624
2051 6624
659 6624
2516 6624
5608 6624
1522 6624
5439 6624
2007 6624
3989 6624
2143 6624
1188 6624
4165 6624
5158 6624
3905 6624
6444 6624
4943 6624
5967 6624
6368 6625
7535 6625
3554 6625
4472 6625
7745 6625
5527 6625
8015 6625
1051 6625
192 6625
5048 6625
8026 6625
7518 6625
4482 6625
3307 6625
8169 6625
1537 6625
7959 6625
3858 6625
3220 6625
6722 6625
7544 6626
1561 6626
6104 6626
1912 6626
4748 6626
1546 6626
5830 6626
7807 6626
1478 6626
3603 6626
5987 6626
5935 6626
3413 6626
5234 6626
2089 6626
5900 6626
826 6626
5810 6627
5610 6627
7400 6627
7518 6627
2294 6627
3280 6627
2800 6627
6524 6627
5188 6627
2706 6627
1443 6627
163 6627
6794 6627
4593 6627
6236 6627
1236 6627
3654 6627
3167 6627
5140 6628
6959 6628
7321 6628
4363 6628
240 6628
6992 6628
7766 6628
4196 6628
4651 6628
6626 6628
4358 6628
6946 6628
720 6628
5078 6628
7083 6628
2065 6628
2983 6628
1046 6628
6039 6628
7217 6629
1610 6629
39 6629
5334 6629
6094 6629
1647 6629
487 6629
7649 6629
1538 6629
5113 6629
882 6629
2620 6629
4549 6629
1569 6629
4935 6629
8208 6629
5233 6629
3349 6629
78 6629
6169 6629
5610 6629
6998 6629
2005 6630
5890 6630
8284 6630
1625 6630
4877 6630
2183 6630
2116 6630
5228 6630
5647 6630
4125 6630
6849 6630
521 6630
925 6630
2075 6630
4084 6630
2532 6630
5569 6630
269 6631
4161 6631
3010 6631
8272 6631
1787 6631
4204 6631
6541 6631
5958 6631
8195 6631
219 6631
6822 6631
4651 6631
2981 6631
5355 6631
3496 6631
683 6631
1070 6631
5757 6632
1298 6632
6446 6632
2704 6632
7357 6632
1467 6632
4000 6632
2754 6632
7345 6632
7466 6632
5006 6632
1920 6632
7865 6632
4766 6632
3539 6632
4916 6632
7298 6632
17 6633
645 6633
6313 6633
2659 6633
735 6633
6284 6633
7061 6633
2165 6633
3554 6633
739 6633
2495 6633
4858 6633
5332 6633
1042 6633
123 6634
204 6634
1209 6634
5001 6634
739 6634
5004 6634
1096 6634
6165 6634
2085 6634
4242 6634
993 6634
3009 6634
2909 6634
1113 6634
3119 6634
3693 6634
4763 6634
7396 6634
6635 6635
1846 6635
2713 6635
5974 6635
7588 6635
608 6635
4258 6635
6811 6635
706 6635
2761 6635
3107 6635
7077 6635
7480 6635
5096 6635
5430 6635
4891 6635
4035 6635
1084 6635
4595 6635
616 6636
609 6636
7762 6636
5946 6636
3397 6636
3351 6636
8270 6636
5923 6636
1347 6636
3960 6636
3211 6636
4478 6636
2057 6636
2459 6636
1332 6636
4516 6636
5242 6636
2951 6637
5855 6637
3976 6637
5693 6637
7331 6637
7556 6637
5189 6637
7983 6637
3879 6637
3275 6637
2057 6637
7811 6637
1555 6637
4973 6637
7675 6637
634 6637
439 6637
816 6638
6514 6638
2856 6638
3398 6638
3035 6638
3767 6638
5637 6638
6563 6638
5123 6638
4968 6638
1574 6638
5506 6638
534 6639
2868 6639
6421 6639
5239 6639
2833 6639
6795 6639
6158 6639
6653 6639
228 6639
4212 6639
4130 6639
4353 6639
5725 6639
1322 6639
4990 6639
742 6639
2327 6639
4817 6639
3040 6639
2138 6639
6154 6639
6789 6639
4541 6640
663 6640
540 6640
5825 6640
3207 6640
2308 6640
7654 6640
5415 6640
3511 6640
3123 6640
1478 6640
3436 6640
2523 6640
1806 6640
7911 6640
863 6640
795 6640
1610 6640
4193 6641
4901 6641
676 6641
3900 6641
3609 6641
6684 6641
7880 6641
1587 6641
3219 6641
7492 6641
2706 6641
5787 6641
2783 6641
2881 6641
7731 6642
6340 6642
5354 6642
7029 6642
1940 6642
3922 6642
731 6642
2356 6642
3623 6642
7941 6642
5164 6642
1525 6642
4888 6642
4780 6642
4672 6642
3339 6642
7507 6642
5872 6642
1823 6642
6335 6642
921 6642
811 6643
8041 6643
6114 6643
6007 6643
5344 6643
6302 6643
1851 6643
1450 6643
5049 6643
439 6643
2465 6643
4594 6643
6914 6644
7156 6644
4516 6644
7431 6644
1647 6644
3638 6644
4618 6644
6916 6644
7969 6644
7753 6644
1073 6644
4740 6644
5303 6644
7514 6644
5400 6644
7902 6644
6347 6644
7553 6644
5944 6644
8106 6645
3611 6645
974 6645
3165 6645
3878 6645
7953 6645
8195 6645
3954 6645
2375 6645
3735 6645
7384 6645
4349 6645
7833 6645
7877 6645
532 6645
3674 6645
6881 6645
7777 6645
2349 6645
927 6645
7744 6645
3217 6645
5021 6645
152 6645
6931 6646
2705 6646
6888 6646
7418 6646
3756 6646
5552 6646
2738 6646
3091 6646
279 6646
3582 6646
6735 6646
2727 6646
8297 6646
5184 6646
6628 6646
4430 6647
4351 6647
729 6647
5576 6647
3798 6647
3300 6647
7322 6647
3819 6647
5327 6647
7097 6647
8297 6647
6177 6647
7440 6647
3482 6647
1113 6647
5451 6647
7574 6647
2328 6647
4071 6647
1786 6647
5961 6647
713 6647
3544 6648
109 6648
6648 6648
6746 6648
2734 6648
448 6648
6844 6648
1236 6648
1690 6648
7539 6648
64 6648
4353 6648
2554 6648
4978 6648
5622 6648
3045 6648
326 6648
1494 6648
4289 6648
7540 6648
4084 6648
7975 6648
6513 6649
1305 6649
7531 6649
4730 6649
3190 6649
1594 6649
5826 6649
3044 6649
5230 6649
6475 6649
6000 6649
6676 6649
8267 6649
1193 6650
649 6650
5391 6650
7836 6650
1058 6650
7096 6650
2575 6650
5941 6650
4127 6650
3479 6650
7398 6650
4225 6650
1277 6650
3872 6651
136 6651
4050 6651
3015 6651
2911 6651
1435 6651
2337 6651
118 6651
6758 6651
1534 6651
6652 6652
4791 6652
7808 6652
1718 6652
942 6652
1998 6652
2400 6652
4620 6652
8294 6652
2873 6652
7583 6652
7381 6652
6446 6652
6031 6653
7831 6653
2263 6653
279 6653
3407 6653
2465 6653
1463 6653
5411 6653
1307 6653
2308 6653
3421 6653
4494 6653
6621 6653
4877 6653
1100 6653
5390 6654
8197 6654
7242 6654
2808 6654
1701 6654
7943 6654
6797 6654
2448 6654
3143 6654
5778 6654
956 6654
4848 6654
389 6654
7367 6654
2581 6654
4091 6654
5586 6654
2935 6654
7139 6654
1070 6654
6655 6655
3935 6655
6895 6655
5420 6655
6513 6655
3872 6655
2417 6655
1479 6655
507 6655
6428 6655
7835 6655
1060 6655
2596 6655
888 6655
6357 6655
2001 6656
4558 6656
5890 6656
3964 6656
6937 6656
6327 6656
1419 6656
2619 6656
7009 6656
790 6656
3435 6656
8295 6656
8133 6656
4755 6656
5853 6656
2411 6656
3300 6656
1070 6656
2513 6656
1135 6657
6657 6657
2781 6657
4077 6657
3953 6657
5538 6657
6877 6657
346 6657
52 6657
5682 6657
1894 6657
6735 6657
7463 6657
1438 6657
4536 6657
1246 6657
4943 6658
2061 6658
687 6658
6177 6658
3192 6658
7142 6658
5569 6658
6015 6658
3396 6658
6708 6658
5748 6658
5384 6658
2210 6658
5794 6658
1074 6658
7308 6658
582 6658
7645 6658
7429 6659
3140 6659
3277 6659
4776 6659
2274 6659
7427 6659
5816 6659
4979 6659
1305 6659
3727 6659
2247 6659
4155 6659
7733 6659
6162 6659
1763 6659
6660 6660
3568 6660
7456 6660
6936 6660
2569 6660
2386 6660
8095 6660
3159 6660
4609 6660
6693 6660
288 6660
1150 6660
3544 6660
7727 6660
3080 6660
4037 6660
137 6660
5335 6660
6661 6660
603 6661
1336 6661
2851 6661
6250 6661
2269 6661
2210 6661
6627 6661
2771 6661
1219 6661
2152 6661
841 6661
7943 6661
2450 6661
6985 6661
8253 6661
3091 6661
3421 6661
4630 6662
495 6662
2893 6662
2359 6662
79 6662
6881 6662
1819 6662
6683 6662
8192 6662
1609 6662
6605 6662
786 6662
467 6662
1428 6662
1911 6663
3249 6663
6377 6663
1613 6663
6230 6663
2413 6663
4131 6663
2541 6663
6570 6663
4366 6663
1269 6663
7869 6663
2849 6663
3622 6663
605 6663
8197 6663
5775 6663
7580 6664
6416 6664
5089 6664
1782 6664
4735 6664
1595 6664
5815 6664
5721 6664
4257 6664
1837 6664
6781 6664
2430 6664
885 6664
3321 6664
2584 6665
3063 6665
1673 6665
2253 6665
2082 6665
3454 6665
2148 6665
7248 6665
2393 6665
59 6665
3188 6665
6851 6665
7086 6665
202 6665
8070 6665
6453 6665
2542 6665
44 6665
1374 6665
4232 6665
5119 6665
4653 6666
6790 6666
1886 6666
2018 6666
9 6666
6505 6666
2557 6666
4950 6666
6380 6666
3575 6666
4801 6666
1553 6666
2099 6666
270 6666
479 6666
6954 6666
4930 6666
4352 6666
223 6666
7147 6666
3560 6667
1605 6667
8041 6667
7624 6667
7599 6667
5149 6667
6272 6667
1549 6667
4213 6667
3357 6667
7486 6667
4558 6668
5209 6668
3367 6668
2318 6668
6831 6668
5326 6668
7373 6668
1097 6668
2262 6668
3688 6668
2456 6668
7539 6668
2736 6668
5787 6668
2732 6668
617 6668
7401 6668
1921 6668
5321 6668
3707 6669
2683 6669
7651 6669
617 6669
4309 6669
5278 6669
5043 6669
2018 6669
1179 6669
2314 6669
3134 6669
2456 6669
3609 6669
6649 6669
5075 6669
3475 6669
3327 6670
7036 6670
6669 6670
5781 6670
5274 6670
3475 6670
2182 6670
3324 6670
407 6670
6702 6670
2974 6670
2050 6670
3876 6670
5684 6670
2922 6670
2933 6671
5332 6671
745 6671
2150 6671
6759 6671
3542 6671
2489 6671
7357 6671
3802 6671
4000 6671
4539 6671
7220 6671
991 6671
5050 6671
5046 6671
7787 6672
1906 6672
349 6672
668 6672
5985 6672
3437 6672
680 6672
1429 6672
7281 6672
1082 6672
6461 6672
2742 6672
2746 6672
5528 6672
6495 6672
4542 6672
1178 6672
2435 6672
3563 6672
1348 6672
1455 6672
4841 6672
6186 6672
5348 6672
300 6672
5663 6673
4008 6673
880 6673
302 6673
1766 6673
2032 6673
3950 6673
4333 6673
5628 6673
228 6673
2881 6673
1850 6673
6359 6673
6068 6673
54 6673
3479 6673
8279 6673
8043 6674
1782 6674
4891 6674
483 6674
5084 6674
344 6674
3985 6674
5843 6674
7231 6674
2048 6674
3034 6674
407 6674
1148 6674
7113 6674
2931 6674
167 6674
6813 6674
3882 6674
5432 6674
3293 6674
3398 6674
1140 6675
276 6675
4548 6675
1462 6675
1319 6675
3800 6675
910 6675
8204 6675
676 6675
4988 6675
6729 6675
894 6675
1894 6675
452 6675
6238 6675
4357 6675
3062 6675
6901 6675
5530 6675
6302 6676
2780 6676
8139 6676
25 6676
6133 6676
6877 6676
5053 6676
4438 6676
722 6676
637 6676
7714 6676
8229 6676
6077 6676
5360 6676
3321 6676
5162 6676
2455 6677
7373 6677
6258 6677
3880 6677
5765 6677
4434 6677
3938 6677
7825 6677
3523 6677
278 6677
8095 6677
2753 6677
2206 6677
2282 6677
5967 6677
4894 6678
48 6678
5110 6678
2939 6678
75 6678
5482 6678
4900 6678
7311 6678
108 6678
4262 6678
4340 6678
4682 6678
8218 6678
6567 6678
1396 6678
2806 6678
2426 6678
769 6678
4648 6678
4550 6678
1120 6678
3763 6679
4760 6679
7588 6679
6898 6679
4907 6679
3739 6679
712 6679
7638 6679
5809 6679
3169 6679
8101 6679
2904 6679
4765 6679
7060 6679
6180 6679
4895 6679
686 6679
5836 6679
7780 6680
1593 6680
4532 6680
1967 6680
6842 6680
4049 6680
4491 6680
7772 6680
3367 6680
5224 6680
1297 6680
623 6680
6863 6680
2899 6680
744 6680
1171 6680
79 6680
6795 6680
2552 6680
1854 6681
7540 6681
4607 6681
121 6681
7031 6681
784 6681
3688 6681
464 6681
21 6681
3474 6681
6091 6681
3705 6681
3143 6681
136 6681
1293 6681
1166 6681
4292 6682
7802 6682
2204 6682
1765 6682
5122 6682
2398 6682
3742 6682
3069 6682
7776 6682
2302 6682
3723 6682
5177 6683
882 6683
6107 6683
6690 6683
3544 6683
6241 6683
2759 6683
2001 6683
2781 6683
2413 6683
2082 6683
5564 6683
2705 6683
5293 6683
7678 6683
1967 6683
7344 6683
219 6684
6207 6684
2663 6684
7129 6684
2 6684
7248 6684
1780 6684
7172 6684
6030 6684
4289 6684
815 6684
2792 6684
6918 6684
4392 6684
3905 6684
3009 6684
2019 6684
6083 6685
3802 6685
7143 6685
4799 6685
8086 6685
4956 6685
2647 6685
1857 6685
6840 6685
64 6685
4158 6686
5792 6686
5843 6686
3788 6686
2085 6686
5141 6686
486 6686
1509 6686
96 6686
5338 6686
5754 6686
1117 6686
1483 6686
2427 6686
7189 6686
2572 6686
1036 6686
4099 6686
7011 6686
8006 6686
7435 6687
27 6687
7209 6687
3504 6687
4464 6687
6134 6687
3825 6687
978 6687
4882 6687
5360 6687
6735 6687
2127 6687
460 6687
7594 6687
3405 6687
1035 6687
745 6687
6444 6687
8173 6687
274 6687
4766 6687
5563 6687
6835 6688
108 6688
1915 6688
6669 6688
8087 6688
2545 6688
1703 6688
6083 6688
7429 6688
7703 6688
1976 6688
1396 6688
5212 6688
5042 6688
3628 6688
8204 6688
7600 6688
3212 6688
3819 6688
4682 6688
5923 6688
1993 6689
5414 6689
5555 6689
7800 6689
5723 6689
7031 6689
69 6689
770 6689
6425 6689
3287 6689
2123 6689
6068 6689
5624 6689
6837 6689
3573 6690
6373 6690
1420 6690
483 6690
993 6690
4108 6690
7044 6690
7145 6690
4540 6690
5296 6690
7057 6690
3827 6690
5045 6690
3032 6690
4925 6690
5294 6691
186 6691
1636 6691
6598 6691
3737 6691
3044 6691
3801 6691
4435 6691
287 6691
6945 6691
1953 6691
3405 6691
5309 6691
4615 6691
5811 6691
1822 6691
7726 6691
6692 6692
6382 6692
5058 6692
7460 6692
5022 6692
6770 6692
3478 6692
5804 6692
7957 6692
85 6692
1341 6692
7624 6692
4316 6692
1122 6692
6026 6692
4273 6692
7950 6692
4247 6692
1571 6692
1235 6692
8241 6692
582 6692
4981 6693
2522 6693
1079 6693
3859 6693
4054 6693
6743 6693
4336 6693
7322 6693
3230 6693
4280 6693
8267 6693
3373 6693
5810 6693
1315 6693
5619 6693
3435 6694
1128 6694
7027 6694
5744 6694
7507 6694
3615 6694
1179 6694
7620 6694
3565 6694
7653 6694
6058 6694
2230 6694
6819 6694
8165 6694
4926 6694
7541 6694
3827 6694
6357 6694
5489 6694
3771 6694
3800 6695
682 6695
2830 6695
524 6695
3310 6695
5393 6695
5405 6695
4387 6695
7512 6695
4309 6695
2551 6695
7122 6695
5322 6696
3572 6696
4576 6696
5409 6696
5503 6696
6007 6696
706 6696
4433 6696
1672 6696
2130 6696
2475 6696
5478 6696
4006 6696
791 6696
2367 6696
4863 6696
3512 6696
2607 6696
4536 6696
7865 6697
1808 6697
4717 6697
3072 6697
4091 6697
7936 6697
4336 6697
6077 6697
6406 6697
5652 6697
3512 6697
7148 6697
1243 6697
7361 6697
2262 6697
5432 6697
1060 6697
5989 6697
6079 6698
4812 6698
4307 6698
3912 6698
6781 6698
773 6698
7680 6698
4694 6698
2253 6698
6628 6698
1587 6698
5494 6698
2723 6698
182 6698
4553 6698
1278 6698
7910 6698
2950 6698
5252 6699
1285 6699
4710 6699
1952 6699
3604 6699
3439 6699
2002 6699
1113 6699
5908 6699
5088 6699
2209 6699
6089 6699
3292 6700
3404 6700
5632 6700
2352 6700
779 6700
6998 6700
8219 6700
540 6700
5509 6700
5576 6700
2205 6700
1558 6700
177 6700
6072 6700
6835 6700
7927 6700
130 6700
2965 6701
5156 6701
3329 6701
2808 6701
6627 6701
7681 6701
1732 6701
5148 6701
2139 6701
7480 6701
6932 6701
4314 6701
1443 6701
5358 6701
1878 6702
4578 6702
7437 6702
63 6702
1352 6702
7070 6702
4603 6702
995 6702
6123 6702
6588 6702
6879 6702
2985 6702
4506 6702
6226 6702
905 6703
2545 6703
5710 6703
2310 6703
5881 6703
2692 6703
6235 6703
3607 6703
7983 6703
3453 6703
2283 6703
5334 6703
929 6703
4609 6703
604 6703
6615 6703
112 6704
5590 6704
2742 6704
1698 6704
4324 6704
7505 6704
709 6704
4597 6704
5803 6704
6220 6704
550 6704
673 6704
5125 6704
1290 6704
771 6704
7356 6704
5517 6704
2837 6704
7592 6704
8249 6704
3599 6704
5149 6705
1695 6705
6564 6705
5985 6705
5282 6705
6637 6705
6340 6705
8277 6705
5767 6705
6996 6705
250 6705
586 6705
3602 6705
4781 6705
2606 6705
1369 6705
5122 6705
347 6705
7384 6705
6677 6705
7815 6705
4246 6705
1794 6705
1206 6705
1902 6706
814 6706
5230 6706
6701 6706
464 6706
7327 6706
4237 6706
495 6706
531 6706
1093 6706
789 6706
4006 6706
7352 6706
5750 6706
739 6706
6964 6707
4259 6707
243 6707
7491 6707
7284 6707
4865 6707
3090 6707
983 6707
4578 6707
5388 6707
5675 6707
3035 6707
2890 6707
1820 6707
1999 6707
4496 6707
350 6707
6547 6707
5587 6707
5734 6708
2564 6708
7528 6708
4981 6708
2835 6708
7192 6708
7335 6708
3181 6708
7911 6708
7695 6708
5149 6708
6808 6708
2470 6708
7538 6708
6255 6708
4013 6708
2906 6709
6576 6709
656 6709
2470 6709
98 6709
6003 6709
4162 6709
2010 6709
6331 6709
6210 6709
7247 6709
1889 6709
2321 6709
6098 6709
7447 6709
4854 6709
3654 6709
712 6709
4902 6709
7192 6709
6217 6710
6797 6710
2244 6710
6231 6710
6873 6710
512 6710
4782 6710
1449 6710
8157 6710
8237 6710
8173 6710
6751 6710
2426 6710
5960 6710
381 6710
6200 6710
2683 6710
1857 6710
8045 6710
5742 6710
2554 6710
4050 6711
1518 6711
5778 6711
7639 6711
1858 6711
7 6711
3824 6711
1679 6711
5451 6711
1867 6711
1912 6711
7265 6711
3120 6711
1478 6711
989 6711
6146 6711
5150 6711
387 6711
4019 6711
3086 6712
6451 6712
319 6712
6230 6712
856 6712
5122 6712
427 6712
2726 6712
291 6712
6796 6712
8187 6712
5379 6712
7147 6712
6693 6712
6968 6712
6428 6712
3246 6712
6626 6712
1396 6713
420 6713
2866 6713
1816 6713
50 6713
3846 6713
683 6713
5027 6713
2178 6713
6711 6713
5255 6713
2574 6713
7611 6713
6880 6713
5393 6714
3172 6714
6880 6714
6706 6714
2281 6714
2411 6714
5457 6714
1915 6714
7132 6714
2005 6714
322 6714
7429 6714
4247 6714
5285 6714
6549 6715
5518 6715
7478 6715
3147 6715
2228 6715
7796 6715
5925 6715
4221 6715
6600 6715
175 6715
2985 6715
6601 6715
3140 6715
762 6715
7017 6716
993 6716
2175 6716
7048 6716
3238 6716
586 6716
3799 6716
3218 6716
3235 6716
2853 6716
4406 6716
6253 6716
5241 6716
315 6716
4871 6717
4189 6717
3568 6717
7233 6717
4800 6717
8036 6717
5245 6717
6264 6717
4182 6717
709 6717
2845 6717
3211 6717
3468 6717
4253 6717
1125 6717
5438 6717
3157 6717
7019 6718
3197 6718
269 6718
7540 6718
2276 6718
4340 6718
5208 6718
7001 6718
309 6718
2269 6718
3976 6718
2119 6718
378 6718
4052 6718
3586 6718
3972 6718
4120 6718
2200 6718
2063 6719
2770 6719
1209 6719
6947 6719
465 6719
8255 6719
933 6719
1572 6719
6200 6719
2716 6719
4488 6719
6251 6719
2481 6719
5443 6719
5087 6719
7701 6719
2171 6719
7687 6719
1940 6720
3156 6720
6361 6720
6217 6720
68 6720
3122 6720
984 6720
6002 6720
7771 6720
3145 6720
6574 6720
852 6720
49 6720
4263 6720
4879 6721
4349 6721
5365 6721
3725 6721
3397 6721
5450 6721
5438 6721
364 6721
772 6721
7206 6721
120 6721
5237 6721
6772 6721
7960 6721
4746 6722
6974 6722
5925 6722
6257 6722
3354 6722
2068 6722
6465 6722
7792 6722
5714 6722
7583 6722
2565 6722
5062 6722
4716 6722
7243 6722
6100 6722
4701 6722
7333 6722
6032 6722
3038 6722
2870 6723
1976 6723
7413 6723
369 6723
2164 6723
5330 6723
2395 6723
2551 6723
5149 6723
934 6723
2031 6723
1690 6723
3019 6723
1218 6723
5748 6723
4412 6723
1257 6723
16 6724
1378 6724
4458 6724
3371 6724
7595 6724
296 6724
4529 6724
3235 6724
2605 6724
2885 6724
52 6724
5258 6724
5575 6724
4592 6724
4029 6724
5431 6724
2197 6724
4636 6725
417 6725
6946 6725
8057 6725
2904 6725
4965 6725
5440 6725
535 6725
3927 6725
5777 6725
6048 6725
594 6726
2200 6726
5522 6726
5701 6726
7672 6726
232 6726
1044 6726
4766 6726
2676 6726
5386 6726
8195 6726
4065 6726
5935 6726
5390 6726
6994 6726
5974 6726
3327 6726
6633 6726
4272 6726
1313 6727
3232 6727
2103 6727
4077 6727
6368 6727
3143 6727
1932 6727
7185 6727
2168 6727
1729 6727
1181 6727
7270 6727
2019 6727
518 6727
6355 6727
5978 6727
6271 6728
7970 6728
1986 6728
2606 6728
3793 6728
7220 6728
8123 6728
6912 6728
8280 6728
7914 6728
6035 6728
7808 6728
1109 6728
4711 6728
4748 6729
7158 6729
3373 6729
7570 6729
2222 6729
1880 6729
1178 6729
2245 6729
1612 6729
6008 6729
1224 6729
5315 6729
5278 6729
3145 6729
1762 6729
664 6729
6371 6729
7236 6729
4620 6730
76 6730
8257 6730
1054 6730
4283 6730
2908 6730
4131 6730
4280 6730
7518 6730
7431 6730
3673 6730
1140 6730
4190 6730
3803 6730
929 6730
3983 6730
6371 6730
7403 6730
4317 6730
608 6730
4856 6730
7992 6731
2873 6731
3529 6731
4780 6731
2945 6731
5053 6731
5701 6731
369 6731
4587 6731
2001 6731
7845 6731
4526 6731
8123 6731
4428 6731
461 6731
3573 6731
2010 6731
1725 6732
2420 6732
2682 6732
1193 6732
