1869 6732
2133 6732
2282 6732
364 6732
1163 6732
6101 6732
5991 6732
2385 6732
6063 6732
6691 6732
532 6732
4321 6732
5286 6733
2088 6733
4584 6733
1953 6733
1082 6733
2516 6733
3642 6733
1273 6733
1594 6733
3743 6733
2294 6734
4465 6734
8075 6734
3296 6734
1055 6734
6782 6734
4581 6734
6347 6734
5258 6734
4609 6734
3742 6734
7576 6734
7740 6734
1967 6734
6673 6734
5410 6735
6569 6735
532 6735
2570 6735
3123 6735
6449 6735
5710 6735
3912 6735
745 6735
280 6735
5075 6735
7511 6736
2378 6736
6539 6736
1333 6736
3697 6736
6781 6736
6213 6736
1971 6736
3663 6736
892 6736
1495 6736
3878 6736
5672 6736
2843 6736
7189 6737
5825 6737
4006 6737
4143 6737
4647 6737
7197 6737
6959 6737
7123 6737
399 6737
3723 6737
966 6737
3156 6737
824 6737
4984 6737
71 6737
7202 6737
3237 6737
2933 6737
894 6738
821 6738
5041 6738
367 6738
1625 6738
8132 6738
6375 6738
6998 6738
762 6738
4896 6738
5451 6738
3527 6738
2384 6738
8137 6738
2050 6738
6816 6738
6531 6738
6238 6739
1135 6739
5103 6739
965 6739
1894 6739
362 6739
248 6739
6715 6739
3644 6739
7962 6739
7189 6739
5697 6739
6858 6739
4704 6739
6555 6740
8145 6740
7270 6740
478 6740
5237 6740
5088 6740
4101 6740
6983 6740
3635 6740
2413 6740
3012 6740
1321 6740
7695 6740
1730 6740
7300 6741
1224 6741
106 6741
3437 6741
6126 6741
8173 6741
5001 6741
7947 6741
8193 6741
619 6741
6357 6741
4264 6741
7365 6741
4498 6741
835 6742
7391 6742
4143 6742
6343 6742
4428 6742
5770 6742
7116 6742
502 6742
1330 6742
7940 6743
2075 6743
2345 6743
1454 6743
196 6743
7515 6743
2198 6743
7197 6743
3270 6743
5631 6743
3927 6743
4903 6743
3955 6743
1264 6743
6116 6743
7260 6743
2252 6744
7653 6744
2680 6744
1889 6744
5965 6744
6696 6744
6979 6744
5667 6744
5552 6744
119 6744
2354 6744
4631 6744
3172 6745
1843 6745
565 6745
4391 6745
4995 6745
1481 6745
7634 6745
7958 6745
4976 6745
1025 6745
4004 6745
4153 6745
381 6746
1366 6746
8226 6746
4799 6746
2221 6746
5748 6746
5421 6746
1096 6746
3608 6746
2582 6746
1745 6746
4242 6746
5348 6746
1473 6746
7460 6746
8161 6746
8160 6746
8262 6747
5047 6747
883 6747
566 6747
5619 6747
751 6747
369 6747
791 6747
1615 6747
4119 6747
6124 6747
3453 6747
284 6747
642 6747
3783 6747
4006 6747
4358 6747
2772 6747
7155 6747
7258 6747
1467 6747
353 6747
7439 6747
1455 6747
2870 6747
908 6747
3485 6748
885 6748
355 6748
7788 6748
7482 6748
1959 6748
8114 6748
3344 6748
6959 6748
5092 6748
4267 6748
4404 6748
4695 6748
7264 6748
3074 6748
4696 6748
6673 6748
7283 6748
1356 6748
3922 6749
1307 6749
4561 6749
3977 6749
6650 6749
6884 6749
3697 6749
4975 6749
4464 6749
3233 6749
3615 6750
5127 6750
7497 6750
7412 6750
4816 6750
1171 6750
7648 6750
6659 6750
4433 6750
8034 6750
7559 6750
1856 6750
5946 6750
1949 6750
6618 6750
3513 6750
1129 6750
6839 6750
3817 6751
1459 6751
5787 6751
1906 6751
1452 6751
4160 6751
3904 6751
5647 6751
1559 6751
7719 6751
2810 6751
6250 6751
7148 6751
1639 6751
1912 6751
2676 6751
5143 6752
2038 6752
442 6752
4013 6752
7322 6752
6152 6752
7781 6752
5464 6752
5783 6752
5163 6752
6341 6752
895 6752
6802 6752
2313 6752
6145 6752
4291 6752
3529 6752
1754 6752
4286 6752
5008 6753
3717 6753
2524 6753
3314 6753
4710 6753
2054 6753
8138 6753
7252 6753
3938 6753
2749 6753
3316 6753
4769 6753
4822 6753
7678 6753
7448 6753
3586 6753
8020 6753
2548 6753
7122 6753
2844 6753
3132 6754
2125 6754
2872 6754
4451 6754
7170 6754
7691 6754
3488 6754
79 6754
5968 6754
5342 6754
2242 6755
4763 6755
3732 6755
5919 6755
3527 6755
5348 6755
586 6755
7575 6755
824 6755
5563 6755
5163 6755
3406 6756
6216 6756
4576 6756
4252 6756
6032 6756
2367 6756
6773 6756
6249 6756
3741 6756
2138 6756
496 6756
2704 6756
6319 6756
6177 6756
257 6757
6607 6757
5544 6757
2148 6757
19 6757
1860 6757
5367 6757
6160 6757
5822 6757
1020 6757
5807 6757
4870 6757
4000 6757
6982 6758
1231 6758
2888 6758
2631 6758
6958 6758
4158 6758
1978 6758
4866 6758
4920 6758
5819 6758
5744 6758
6810 6758
6658 6758
1832 6758
6081 6758
5349 6758
1356 6758
8138 6758
5910 6758
7902 6758
478 6759
4789 6759
3197 6759
6100 6759
2540 6759
6725 6759
6541 6759
1882 6759
2788 6759
4759 6759
4052 6759
5137 6759
7369 6759
7480 6759
2078 6759
3128 6760
6566 6760
4088 6760
5056 6760
7519 6760
8280 6760
3654 6760
7975 6760
4291 6760
3746 6760
6966 6760
1684 6760
5951 6760
3777 6760
1227 6760
7583 6760
7017 6760
3295 6760
3873 6760
5526 6760
3671 6760
90 6760
7582 6761
4534 6761
6937 6761
834 6761
3473 6761
1150 6761
7771 6761
6841 6761
4010 6761
5647 6761
7310 6761
3421 6761
6167 6761
7605 6761
2393 6761
5398 6761
7862 6761
2451 6761
1595 6761
7394 6761
3857 6761
1162 6761
6048 6761
6090 6762
4745 6762
2516 6762
7870 6762
5806 6762
4258 6762
1921 6762
3154 6762
2670 6762
7108 6762
1892 6762
4336 6762
5439 6762
2180 6762
1795 6763
4059 6763
1731 6763
4290 6763
4901 6763
4014 6763
2710 6763
6292 6763
7033 6763
7523 6763
7069 6763
3845 6763
5683 6763
5202 6763
7127 6763
7290 6763
4446 6763
7892 6763
6106 6763
2034 6763
3583 6763
3391 6763
7432 6764
2109 6764
6943 6764
2327 6764
4384 6764
3763 6764
4633 6764
403 6764
4564 6764
7749 6764
1253 6764
3102 6764
6958 6764
2727 6764
7367 6765
5894 6765
2280 6765
5443 6765
7283 6765
6964 6765
1331 6765
5792 6765
4978 6765
2320 6765
2563 6765
471 6765
7690 6765
4521 6765
3616 6765
8206 6765
3916 6766
4801 6766
6426 6766
3170 6766
787 6766
5950 6766
137 6766
1762 6766
5127 6766
5175 6766
2963 6766
866 6766
2885 6766
2435 6766
4104 6766
4409 6767
4206 6767
7148 6767
1900 6767
825 6767
1708 6767
3343 6767
7053 6767
3072 6767
5162 6767
8176 6767
2171 6767
7161 6767
4667 6768
1340 6768
3091 6768
2287 6768
3129 6768
2638 6768
8282 6768
592 6768
5470 6768
3240 6768
5754 6768
3441 6768
969 6768
6274 6768
647 6768
2868 6768
1149 6768
5693 6769
2240 6769
1828 6769
1912 6769
6451 6769
190 6769
6731 6769
4269 6769
178 6769
2768 6769
7183 6770
6849 6770
7146 6770
1520 6770
5118 6770
4206 6770
2244 6770
5436 6770
1024 6770
3644 6770
5884 6770
2196 6770
3247 6770
8220 6770
7959 6770
8016 6770
216 6770
248 6770
4190 6771
4779 6771
34 6771
3238 6771
1326 6771
4872 6771
2868 6771
40 6771
3542 6771
1669 6771
6013 6771
7431 6771
2119 6771
2893 6771
2475 6771
4887 6771
6658 6771
73 6771
75 6771
8026 6771
6128 6771
5533 6771
2597 6771
1257 6772
4933 6772
196 6772
4820 6772
7796 6772
8098 6772
1970 6772
1157 6772
4412 6772
3880 6772
3999 6772
7269 6772
1994 6772
5805 6772
3747 6772
474 6772
2423 6772
2135 6772
6688 6772
967 6773
5046 6773
40 6773
6545 6773
2316 6773
2551 6773
5112 6773
5021 6773
1805 6773
6140 6773
3914 6773
1546 6773
704 6773
593 6773
4950 6773
250 6773
2499 6773
2631 6773
2186 6774
424 6774
1159 6774
3953 6774
4701 6774
2994 6774
8285 6774
3897 6774
277 6774
2538 6774
347 6774
6440 6774
3242 6775
424 6775
100 6775
2442 6775
160 6775
1805 6775
8244 6775
5648 6775
4146 6775
7777 6775
2691 6775
3809 6775
6294 6775
7815 6776
8106 6776
431 6776
5748 6776
1452 6776
1330 6776
8032 6776
3477 6776
4593 6776
1989 6776
7575 6776
7468 6776
6966 6776
8010 6776
2169 6776
5545 6776
1371 6776
671 6776
1937 6776
5674 6776
6777 6777
4579 6777
4162 6777
138 6777
8180 6777
6317 6777
7017 6777
6 6777
2191 6777
8129 6777
3147 6777
3513 6777
3781 6777
565 6777
512 6777
6506 6777
7439 6777
8264 6777
3562 6777
2600 6777
3145 6777
6783 6777
474 6777
8282 6778
4030 6778
72 6778
918 6778
559 6778
6288 6778
6470 6778
1212 6778
1036 6778
1665 6778
6286 6778
1075 6779
3013 6779
4145 6779
5453 6779
1970 6779
550 6779
3117 6779
7284 6779
5500 6779
4031 6779
4480 6779
491 6779
655 6779
4840 6779
5353 6779
4440 6779
4206 6779
6212 6779
688 6780
8267 6780
777 6780
3143 6780
2568 6780
6714 6780
1093 6780
1445 6780
2397 6780
7183 6780
855 6780
4090 6781
5389 6781
6368 6781
6679 6781
383 6781
54 6781
6483 6781
2335 6781
7149 6781
6710 6781
3604 6781
7377 6781
5242 6781
5621 6781
8139 6781
7463 6781
6662 6781
3693 6781
5514 6781
7170 6781
7020 6781
5593 6782
7322 6782
2283 6782
8 6782
3913 6782
3809 6782
2034 6782
2932 6782
1908 6782
1436 6782
6330 6782
6015 6782
1816 6782
5199 6782
4429 6782
4907 6782
1553 6782
8054 6782
8245 6783
7382 6783
7194 6783
5516 6783
88 6783
2356 6783
7127 6783
4918 6783
3314 6783
6239 6783
1748 6783
2208 6783
7841 6783
6966 6783
3761 6783
1381 6783
4722 6783
2895 6784
7469 6784
7770 6784
3307 6784
3290 6784
7429 6784
5202 6784
967 6784
519 6784
534 6784
4631 6784
1201 6784
6382 6784
7611 6784
5533 6785
4069 6785
6605 6785
1987 6785
3045 6785
4299 6785
3261 6785
4333 6785
7264 6785
3505 6785
3244 6785
5775 6785
3783 6785
2676 6785
5936 6785
103 6785
7736 6785
6350 6785
2843 6786
3153 6786
151 6786
1549 6786
3807 6786
3507 6786
5495 6786
2279 6786
4174 6786
4204 6786
5391 6786
6664 6786
1686 6786
4983 6787
6787 6787
6900 6787
2492 6787
6523 6787
6284 6787
1727 6787
34 6787
4083 6787
1575 6787
2489 6787
6308 6787
7605 6787
7518 6787
302 6787
3698 6787
8000 6787
4724 6787
7263 6787
1998 6787
6243 6787
6224 6788
4151 6788
5861 6788
1691 6788
2277 6788
5033 6788
4331 6788
1031 6788
1467 6788
4237 6788
3059 6788
6173 6788
6828 6788
4768 6788
3122 6788
6842 6788
3784 6788
1089 6788
1336 6788
7021 6788
2465 6788
3555 6788
950 6788
2982 6788
7771 6788
4253 6788
4023 6789
6566 6789
5528 6789
3415 6789
5239 6789
695 6789
1877 6789
1000 6789
7302 6789
2643 6789
37 6789
2625 6789
1703 6789
2311 6789
294 6789
8115 6789
5136 6789
6592 6789
4031 6789
5281 6789
4232 6790
3181 6790
5056 6790
5572 6790
7786 6790
1822 6790
112 6790
4646 6790
3739 6790
347 6790
419 6790
4065 6790
3351 6790
5696 6790
4061 6791
1572 6791
4447 6791
4198 6791
3207 6791
305 6791
4627 6791
1906 6791
4979 6791
438 6791
8218 6791
2265 6791
8044 6792
5551 6792
1373 6792
5644 6792
4349 6792
6973 6792
444 6792
7011 6792
3380 6792
6842 6792
2182 6792
756 6792
7344 6792
213 6792
4714 6792
6893 6793
344 6793
2710 6793
1700 6793
6451 6793
2721 6793
5315 6793
7610 6793
2415 6793
5491 6793
5548 6793
1140 6793
748 6793
2061 6794
6412 6794
3706 6794
2655 6794
3573 6794
8110 6794
3980 6794
5524 6794
6230 6794
383 6794
6002 6794
6700 6794
8296 6794
4943 6795
3515 6795
3828 6795
6633 6795
4363 6795
1784 6795
4235 6795
216 6795
5193 6795
6014 6795
6563 6795
2374 6795
2971 6796
7723 6796
6844 6796
3247 6796
248 6796
4141 6796
1641 6796
7355 6796
712 6796
4324 6796
5812 6796
2240 6796
4730 6796
658 6796
1766 6796
529 6796
2599 6796
353 6796
3486 6797
7966 6797
3763 6797
2808 6797
6820 6797
3576 6797
207 6797
2555 6797
30 6797
1634 6797
3176 6797
2960 6797
7022 6797
6632 6797
456 6797
347 6797
3804 6797
3260 6797
1490 6797
751 6797
5965 6798
8264 6798
6905 6798
3958 6798
816 6798
2119 6798
4155 6798
3604 6798
6669 6798
140 6798
8230 6798
4472 6798
7410 6798
5735 6798
7808 6798
5984 6798
8114 6798
6474 6798
1089 6798
7708 6799
2981 6799
7173 6799
5744 6799
2803 6799
7263 6799
3396 6799
419 6799
2851 6799
302 6799
4516 6799
2877 6799
5853 6799
5539 6799
7940 6800
5973 6800
6416 6800
3693 6800
908 6800
2853 6800
4131 6800
7262 6800
3797 6800
4466 6800
82 6800
4039 6800
7608 6800
1569 6800
3792 6800
7456 6801
4542 6801
1792 6801
4468 6801
7949 6801
8043 6801
595 6801
7205 6801
5608 6801
7965 6801
7569 6801
2175 6801
1784 6801
5725 6801
7172 6801
3810 6801
3614 6801
5365 6801
3322 6802
6383 6802
7873 6802
7367 6802
622 6802
63 6802
5649 6802
6790 6802
3396 6802
3974 6802
8083 6802
7959 6802
6720 6802
536 6802
3116 6802
2001 6802
3680 6803
5308 6803
3824 6803
7294 6803
3380 6803
2455 6803
275 6803
1369 6803
7465 6803
467 6803
1390 6803
1791 6803
3595 6803
277 6803
3325 6803
6841 6803
2253 6803
3122 6803
4823 6804
469 6804
2071 6804
3309 6804
866 6804
1310 6804
3834 6804
2170 6804
5126 6804
1244 6804
2646 6804
6083 6805
5264 6805
7275 6805
588 6805
7391 6805
1648 6805
3147 6805
7246 6805
1528 6805
4749 6805
3307 6805
3675 6805
5931 6805
7224 6806
2903 6806
5550 6806
4899 6806
4026 6806
419 6806
5561 6806
3543 6806
1305 6806
6866 6806
3482 6806
5593 6806
3706 6806
2549 6806
8048 6806
7789 6806
2033 6807
7782 6807
5114 6807
6914 6807
427 6807
634 6807
3005 6807
1732 6807
5758 6807
5017 6807
2636 6807
439 6807
7497 6807
4625 6807
5854 6807
6142 6807
6413 6807
6209 6807
5396 6807
4315 6808
3550 6808
4368 6808
1378 6808
1304 6808
6128 6808
5440 6808
6719 6808
7840 6808
2672 6808
5907 6808
5228 6809
1837 6809
8102 6809
6003 6809
6946 6809
27 6809
7983 6809
8231 6809
7992 6809
5130 6809
4319 6809
5250 6809
4863 6809
2967 6809
2647 6809
3907 6809
5908 6810
5989 6810
5663 6810
6089 6810
6641 6810
500 6810
638 6810
6271 6810
661 6810
634 6810
6031 6810
4965 6810
1760 6810
197 6810
5025 6810
6759 6811
2965 6811
2036 6811
5282 6811
7995 6811
2048 6811
2475 6811
1931 6811
1829 6811
615 6811
2554 6811
6162 6811
655 6811
24 6812
2199 6812
1609 6812
1647 6812
5860 6812
5327 6812
7381 6812
2718 6812
8102 6812
723 6812
8067 6812
4195 6812
7370 6812
566 6812
4123 6812
5006 6812
6081 6812
7605 6812
7748 6812
8165 6812
7820 6813
1331 6813
4290 6813
2658 6813
2949 6813
1859 6813
4706 6813
2456 6813
4232 6813
4846 6813
1792 6813
1996 6813
5866 6813
3585 6813
6783 6813
7076 6813
2253 6813
2310 6813
1444 6814
2321 6814
2984 6814
5349 6814
8046 6814
2080 6814
3205 6814
4480 6814
7135 6814
6183 6814
7370 6814
8133 6814
536 6814
6421 6814
1387 6814
513 6814
6948 6814
7712 6814
5799 6814
1475 6814
182 6814
6103 6815
6152 6815
5716 6815
5535 6815
5907 6815
1035 6815
2215 6815
4384 6815
6807 6816
6164 6816
1071 6816
7129 6816
4422 6816
2930 6816
5757 6816
4972 6816
3396 6816
7800 6816
5785 6816
1794 6816
5160 6816
980 6816
6128 6816
1300 6817
3839 6817
1490 6817
4525 6817
3991 6817
4797 6817
543 6817
7182 6817
990 6817
6198 6817
5335 6817
5644 6817
1474 6818
1911 6818
7031 6818
2423 6818
4481 6818
990 6818
1825 6818
7859 6818
3284 6818
6273 6818
5411 6818
4461 6819
7678 6819
3325 6819
3512 6819
2719 6819
4742 6819
2945 6819
6725 6819
4442 6819
6094 6819
4901 6819
6064 6819
8261 6819
181 6819
4189 6819
6431 6819
6572 6819
1038 6819
6980 6819
3345 6820
1873 6820
136 6820
5026 6820
4667 6820
5352 6820
2713 6820
7720 6820
2313 6820
4686 6820
530 6820
4423 6820
3973 6820
8026 6820
5160 6820
6373 6820
1596 6820
5878 6820
5804 6820
777 6820
6914 6821
7723 6821
729 6821
5154 6821
804 6821
5990 6821
682 6821
4512 6821
7554 6821
7727 6821
1142 6821
4866 6821
5056 6821
5236 6821
4236 6822
1455 6822
6798 6822
464 6822
2800 6822
8241 6822
1500 6822
6567 6822
1850 6822
2360 6822
3444 6822
7144 6823
5010 6823
6601 6823
6964 6823
5819 6823
3872 6823
1554 6823
3200 6823
6454 6823
5552 6823
4569 6823
2148 6823
3117 6823
3900 6823
2925 6823
3577 6823
4632 6823
2081 6823
373 6824
2163 6824
5175 6824
6494 6824
8257 6824
5189 6824
1963 6824
89 6824
2192 6824
4224 6824
6993 6824
7601 6824
6039 6824
7415 6824
5693 6825
7297 6825
1178 6825
7399 6825
5063 6825
2574 6825
3123 6825
4125 6825
2018 6825
7647 6825
302 6825
3797 6825
3166 6825
5852 6825
483 6826
314 6826
1686 6826
6933 6826
7935 6826
4280 6826
7741 6826
21 6826
3713 6826
1263 6826
3391 6826
8095 6826
5794 6826
1116 6826
1049 6826
2180 6826
1047 6826
2451 6826
4466 6827
8251 6827
5530 6827
1054 6827
2313 6827
6770 6827
4641 6827
8273 6827
2169 6827
3797 6827
2709 6827
1567 6827
5955 6827
6355 6827
6537 6827
6989 6827
1708 6827
2067 6827
488 6828
1104 6828
3 6828
3060 6828
5140 6828
6269 6828
3639 6828
1042 6828
4127 6828
8114 6828
2762 6828
5073 6828
1122 6829
1438 6829
6820 6829
2387 6829
3287 6829
6271 6829
7046 6829
7215 6829
2298 6829
2475 6829
1295 6829
3940 6829
2320 6829
7282 6829
3487 6829
4876 6829
8108 6830
1279 6830
8087 6830
3833 6830
5058 6830
3167 6830
1044 6830
6178 6830
4023 6830
4233 6830
4052 6830
548 6830
2709 6830
4317 6830
4677 6830
4368 6830
2972 6830
7028 6830
1109 6830
5640 6831
3119 6831
2012 6831
3916 6831
7822 6831
4782 6831
5152 6831
7092 6831
1204 6831
592 6831
4272 6831
880 6831
5028 6832
3132 6832
4502 6832
8090 6832
3714 6832
507 6832
5194 6832
1517 6832
4107 6832
5515 6832
2217 6832
6898 6832
3687 6832
2403 6832
1578 6832
1174 6832
2429 6832
2039 6833
1171 6833
500 6833
501 6833
11 6833
777 6833
867 6833
5468 6833
7624 6833
3238 6833
953 6833
1890 6833
2908 6833
1235 6833
4081 6833
806 6833
7252 6833
3824 6833
7456 6833
7727 6834
869 6834
6112 6834
6646 6834
5174 6834
1361 6834
3306 6834
1901 6834
7512 6834
6524 6834
3083 6834
6 6834
1842 6834
5386 6834
797 6835
2145 6835
4770 6835
4451 6835
3750 6835
5908 6835
1693 6835
7064 6835
5568 6835
644 6835
5358 6835
563 6835
3740 6835
6480 6835
2718 6835
2906 6836
5211 6836
2039 6836
5264 6836
738 6836
6960 6836
5042 6836
4836 6836
7754 6836
1547 6836
1304 6836
6591 6836
5518 6836
1551 6836
1771 6837
7601 6837
6837 6837
2618 6837
5100 6837
7617 6837
34 6837
973 6837
440 6837
3562 6837
4626 6837
7932 6837
232 6837
4943 6837
4673 6837
6649 6837
1118 6837
4862 6837
7594 6837
2912 6837
1535 6837
2050 6837
6650 6838
3777 6838
2721 6838
61 6838
5245 6838
7710 6838
1144 6838
4403 6838
5683 6838
1161 6838
7743 6839
2186 6839
5919 6839
4000 6839
5477 6839
1494 6839
7512 6839
7997 6839
2138 6839
983 6839
6667 6839
19 6839
73 6839
7975 6840
461 6840
4202 6840
6712 6840
5022 6840
5918 6840
667 6840
4948 6840
1621 6840
5513 6840
6104 6840
6535 6840
3552 6840
6242 6840
3747 6841
3617 6841
4941 6841
606 6841
7482 6841
8045 6841
1578 6841
4010 6841
3380 6841
2509 6841
2365 6841
212 6841
5641 6841
6523 6841
2607 6841
520 6842
6309 6842
4023 6842
4749 6842
3948 6842
8294 6842
3829 6842
3478 6842
3058 6842
4085 6842
3825 6842
6886 6842
3667 6842
4755 6842
2062 6842
6658 6842
4194 6842
764 6842
4530 6842
5704 6842
4509 6842
392 6842
6649 6843
5463 6843
709 6843
4596 6843
7850 6843
6332 6843
2957 6843
2139 6843
2988 6843
3048 6843
6656 6843
1311 6843
2950 6844
5495 6844
4234 6844
2869 6844
3309 6844
2067 6844
3938 6844
4351 6844
6610 6844
6007 6844
4762 6844
254 6845
6479 6845
5140 6845
951 6845
4534 6845
7910 6845
7447 6845
7896 6845
2977 6845
4202 6845
5447 6845
8108 6845
8204 6845
176 6845
3171 6845
4689 6845
1703 6845
2183 6845
2984 6845
7598 6845
559 6845
3373 6845
4036 6846
1011 6846
8169 6846
4404 6846
675 6846
7401 6846
4049 6846
3169 6846
1128 6846
7726 6846
4287 6846
4480 6846
7878 6846
1734 6846
3070 6846
7891 6847
4384 6847
3245 6847
7161 6847
6847 6847
7912 6847
3732 6847
937 6847
3168 6847
992 6847
6236 6847
455 6847
2934 6847
5085 6847
7709 6847
5694 6847
6936 6847
2917 6847
4760 6847
1487 6847
4181 6847
4710 6848
1369 6848
4023 6848
1269 6848
44 6848
1450 6848
1217 6848
5482 6848
5935 6848
2196 6848
8139 6848
4003 6848
2119 6848
1551 6848
868 6848
438 6848
3124 6849
3738 6849
2885 6849
1814 6849
7854 6849
7081 6849
6965 6849
7723 6849
2034 6849
4254 6849
5489 6849
1810 6849
1683 6849
289 6849
3518 6850
49 6850
3102 6850
4317 6850
5984 6850
5515 6850
238 6850
1276 6850
7909 6850
5360 6850
5440 6850
1282 6851
6751 6851
6427 6851
6091 6851
3218 6851
7149 6851
6152 6851
561 6851
5418 6851
4830 6851
105 6851
5125 6851
7910 6851
7927 6851
3513 6852
6705 6852
5842 6852
98 6852
7946 6852
6730 6852
2253 6852
7014 6852
287 6852
6144 6852
6421 6852
6220 6852
1100 6853
6308 6853
4039 6853
512 6853
6201 6853
7953 6853
3883 6853
8173 6853
5622 6853
7845 6853
6122 6853
5838 6853
1200 6853
6216 6853
6326 6853
1518 6854
2126 6854
8296 6854
5234 6854
6405 6854
5755 6854
3217 6854
7428 6854
3505 6854
6627 6854
7378 6854
6822 6855
4919 6855
1536 6855
437 6855
7244 6855
540 6855
7768 6855
5234 6855
6667 6855
4750 6855
7237 6855
8297 6855
1361 6855
7909 6855
8160 6855
1742 6856
3529 6856
5418 6856
6459 6856
898 6856
6903 6856
7248 6856
4248 6856
3950 6856
6796 6856
8226 6856
3797 6856
2328 6856
922 6856
5135 6857
4817 6857
4653 6857
749 6857
494 6857
5853 6857
6100 6857
6612 6857
3584 6857
2599 6857
5044 6857
4954 6857
1949 6857
6574 6857
408 6857
6626 6858
487 6858
4817 6858
1758 6858
1366 6858
3906 6858
4151 6858
3229 6858
137 6858
6076 6858
4516 6858
540 6858
983 6858
72 6858
2905 6858
5186 6858
2089 6858
6015 6859
4591 6859
5228 6859
559 6859
7890 6859
2870 6859
7590 6859
3041 6859
2199 6859
1562 6859
7000 6859
8013 6859
4013 6859
