230 6859
8114 6860
3306 6860
2549 6860
669 6860
3559 6860
6510 6860
2495 6860
3560 6860
3788 6860
3322 6860
680 6860
7294 6860
5412 6861
6314 6861
3295 6861
6133 6861
4209 6861
543 6861
486 6861
2879 6861
7008 6861
7723 6861
8252 6861
7837 6861
5075 6861
1684 6861
1786 6862
3897 6862
749 6862
7568 6862
4408 6862
272 6862
5357 6862
3012 6862
4748 6862
7712 6862
3737 6862
6667 6862
3885 6862
6801 6862
2971 6862
795 6862
5838 6862
1796 6862
3702 6862
1298 6862
1112 6862
7097 6862
3813 6862
2395 6862
4785 6862
1406 6863
7726 6863
4108 6863
1780 6863
3519 6863
3174 6863
7523 6863
5557 6863
4415 6863
2477 6863
5375 6863
7359 6863
4317 6863
3232 6863
3478 6863
100 6863
965 6864
7970 6864
501 6864
5637 6864
2262 6864
4654 6864
16 6864
4671 6864
938 6864
7791 6864
4119 6864
2976 6864
3776 6864
4480 6864
2228 6864
2447 6864
94 6864
540 6864
85 6864
4425 6864
1056 6864
7966 6864
3435 6865
790 6865
1956 6865
5301 6865
2912 6865
4788 6865
2814 6865
3737 6865
3914 6865
2666 6865
5386 6866
2563 6866
7933 6866
4179 6866
137 6866
5733 6866
966 6866
165 6866
8020 6866
6090 6866
5598 6866
389 6866
5907 6867
5406 6867
6496 6867
3696 6867
2988 6867
6970 6867
6901 6867
2520 6867
5614 6867
4877 6867
4920 6867
4358 6867
2400 6867
7788 6867
369 6867
4311 6867
230 6867
5838 6868
6868 6868
5672 6868
7723 6868
6822 6868
7866 6868
5941 6868
5377 6868
3037 6868
5139 6868
1103 6868
7087 6868
8127 6868
7086 6868
7941 6868
7906 6868
936 6869
6869 6869
6615 6869
3840 6869
5618 6869
3252 6869
8254 6869
208 6869
3505 6869
361 6869
1698 6869
5367 6869
682 6869
3717 6869
1414 6869
704 6870
4109 6870
5779 6870
2563 6870
2084 6870
6246 6870
6258 6870
7843 6870
6364 6870
4271 6870
2214 6870
582 6870
2192 6870
4933 6870
3989 6870
512 6870
2845 6870
4321 6870
2723 6870
5565 6870
174 6870
6914 6871
6410 6871
5744 6871
1120 6871
6871 6871
1307 6871
7772 6871
4622 6871
3126 6871
3946 6871
7027 6871
3741 6871
287 6871
8005 6871
4611 6871
1887 6871
2486 6871
5795 6871
7256 6872
1757 6872
1612 6872
6008 6872
3763 6872
2495 6872
7744 6872
2584 6872
5807 6872
5196 6872
1342 6872
2210 6873
531 6873
2987 6873
7758 6873
2100 6873
4189 6873
1454 6873
2636 6873
172 6873
4364 6873
2512 6873
2634 6873
790 6873
2421 6873
3663 6873
7692 6873
2342 6873
7138 6873
4804 6874
540 6874
3184 6874
6489 6874
5078 6874
7344 6874
2187 6874
2252 6874
443 6874
6470 6874
1306 6874
199 6874
3502 6874
1537 6874
2828 6874
5037 6874
5632 6874
2055 6874
7217 6874
2904 6874
4428 6874
1825 6874
6188 6875
1250 6875
7373 6875
7730 6875
5212 6875
3573 6875
3699 6875
264 6875
6946 6875
3091 6875
3040 6875
2304 6875
5683 6875
3800 6875
1150 6875
4238 6875
2164 6875
3460 6875
6129 6875
1289 6875
5347 6876
2676 6876
5434 6876
2070 6876
8026 6876
2033 6876
593 6876
913 6876
7563 6876
4234 6876
6887 6876
3709 6876
5667 6876
3917 6876
4670 6876
4936 6876
6154 6876
4422 6876
5136 6876
1188 6876
2999 6877
5721 6877
6354 6877
1797 6877
1486 6877
4258 6877
5314 6877
7592 6877
5596 6877
7574 6877
4001 6877
1287 6877
7976 6877
6737 6877
7144 6877
2844 6877
2585 6877
1655 6878
2575 6878
608 6878
171 6878
4915 6878
6178 6878
3181 6878
807 6878
4689 6878
2481 6878
3245 6878
2732 6879
3498 6879
6741 6879
4269 6879
7827 6879
4791 6879
1713 6879
79 6879
4357 6879
318 6879
6186 6879
23 6879
3941 6879
5068 6879
5165 6879
2899 6879
1161 6879
922 6879
3217 6879
4596 6880
5103 6880
6687 6880
1784 6880
427 6880
3407 6880
1991 6880
981 6880
4235 6880
7995 6880
7387 6880
1133 6880
4630 6880
7949 6880
7590 6880
2394 6880
7065 6880
7664 6881
1060 6881
5365 6881
518 6881
4549 6881
2140 6881
7552 6881
1313 6881
2165 6881
6251 6881
3781 6881
2392 6881
8015 6881
687 6881
1867 6881
6608 6881
1445 6881
4188 6881
2973 6881
4763 6881
7121 6881
6668 6881
4676 6881
3500 6881
3237 6882
6882 6882
3201 6882
2950 6882
7377 6882
3453 6882
6426 6882
2712 6882
5826 6882
4541 6882
1939 6882
6079 6882
6770 6882
377 6882
3245 6882
2532 6882
3001 6882
590 6882
1305 6882
6883 6883
6877 6883
2118 6883
6591 6883
3271 6883
5909 6883
2950 6883
4377 6883
42 6883
4902 6883
525 6883
3963 6883
5112 6883
5804 6883
5183 6883
2385 6883
2448 6883
4732 6883
4451 6883
1897 6883
2151 6883
6064 6884
1135 6884
3148 6884
3851 6884
7338 6884
885 6884
5739 6884
1326 6884
320 6884
518 6884
7348 6884
6758 6884
2373 6884
8142 6884
7285 6884
3330 6884
7147 6884
3058 6884
4596 6884
6369 6884
5444 6884
4042 6884
7711 6885
4695 6885
1376 6885
883 6885
4151 6885
6095 6885
4409 6885
3705 6885
5742 6885
1217 6885
2380 6886
896 6886
927 6886
7206 6886
5465 6886
6444 6886
8190 6886
834 6886
7152 6886
5289 6886
4826 6886
1979 6886
6798 6886
571 6886
5883 6886
528 6886
723 6886
4299 6886
7682 6886
7374 6886
3806 6887
451 6887
2873 6887
271 6887
5182 6887
7086 6887
417 6887
4430 6887
6435 6887
799 6887
1756 6887
1587 6887
6474 6887
1547 6887
6094 6887
3931 6887
2791 6887
3633 6888
5498 6888
5335 6888
4241 6888
3932 6888
488 6888
1282 6888
2706 6888
1269 6888
7732 6888
3992 6888
753 6888
6417 6888
6889 6889
2439 6889
7540 6889
5591 6889
6730 6889
804 6889
1681 6889
5537 6889
1989 6889
6566 6889
1691 6889
785 6889
4759 6889
6588 6889
4931 6889
3408 6889
5648 6890
6658 6890
5397 6890
5811 6890
7847 6890
6032 6890
4909 6890
7259 6890
2979 6890
5878 6890
7147 6890
5113 6890
4830 6890
559 6890
8266 6891
5449 6891
6165 6891
6782 6891
5981 6891
500 6891
1315 6891
664 6891
2965 6891
8015 6891
5110 6891
1713 6891
3205 6892
4287 6892
3511 6892
2556 6892
7275 6892
6845 6892
6550 6892
2807 6892
7597 6892
591 6892
457 6892
5523 6892
7014 6892
1093 6892
123 6892
7352 6892
7669 6892
6535 6892
5758 6893
1861 6893
4234 6893
4839 6893
4438 6893
2868 6893
3500 6893
2221 6893
4916 6893
7607 6893
7274 6893
7493 6893
4566 6893
1561 6893
4534 6893
5176 6893
6849 6894
4936 6894
3559 6894
1157 6894
5264 6894
5947 6894
6866 6894
1707 6894
6683 6894
2930 6894
6606 6894
6037 6895
3039 6895
3168 6895
7050 6895
8080 6895
7829 6895
8262 6895
5754 6895
2397 6895
1754 6895
3922 6895
2714 6895
1501 6895
2655 6895
8145 6896
7818 6896
2856 6896
1787 6896
1231 6896
5406 6896
3054 6896
3740 6896
1332 6896
1498 6896
5565 6896
2257 6896
3261 6896
618 6896
925 6896
3580 6896
2282 6896
5699 6896
6413 6896
664 6897
2231 6897
5672 6897
1245 6897
3086 6897
2290 6897
2925 6897
4467 6897
7815 6897
3786 6897
7152 6897
8087 6897
4141 6897
6403 6898
6704 6898
7083 6898
100 6898
6569 6898
1040 6898
6181 6898
5997 6898
3799 6898
6228 6898
1007 6898
3130 6898
2366 6898
2533 6898
2636 6898
3797 6898
5693 6899
4234 6899
284 6899
811 6899
4170 6899
7225 6899
6611 6899
6529 6899
6443 6899
4582 6899
4742 6899
5824 6899
6483 6899
690 6899
2888 6899
1681 6899
5899 6899
4900 6900
6011 6900
4854 6900
1583 6900
4860 6900
1407 6900
7789 6900
6223 6900
2038 6900
4141 6900
2847 6900
6768 6900
5096 6900
5649 6900
7624 6900
7359 6900
3918 6900
4938 6900
2515 6901
2355 6901
1952 6901
4520 6901
7711 6901
1771 6901
3669 6901
7861 6901
1987 6901
4264 6901
5812 6902
485 6902
3462 6902
4793 6902
1186 6902
735 6902
2537 6902
613 6902
3670 6902
7721 6902
8105 6902
3165 6902
384 6902
4031 6902
6572 6902
5036 6902
5596 6902
4188 6902
4355 6902
6468 6902
1101 6902
1307 6902
2804 6902
4397 6903
3950 6903
5768 6903
3832 6903
4269 6903
918 6903
1116 6903
3349 6903
3181 6903
6993 6903
6333 6903
636 6903
7364 6903
1615 6903
5687 6903
1935 6904
5522 6904
7891 6904
2040 6904
3975 6904
571 6904
1414 6904
11 6904
825 6904
2325 6904
8000 6904
836 6904
5907 6904
2165 6904
2637 6904
5443 6905
6188 6905
7290 6905
8285 6905
5057 6905
4324 6905
6688 6905
8125 6905
1765 6905
825 6905
2869 6905
2833 6905
6820 6905
4468 6905
5795 6905
5010 6905
7130 6906
1970 6906
6108 6906
3475 6906
1952 6906
3157 6906
6632 6906
6701 6906
3571 6906
6873 6906
3825 6906
6722 6906
6464 6906
6480 6906
7437 6906
5745 6906
5994 6906
7494 6906
3646 6906
2931 6906
7902 6907
659 6907
4505 6907
934 6907
936 6907
1621 6907
1647 6907
8208 6907
2803 6907
4636 6907
3651 6907
5465 6907
6059 6907
7639 6908
3933 6908
1790 6908
4387 6908
940 6908
3763 6908
6696 6908
2958 6908
3040 6908
7139 6908
466 6908
1653 6908
7059 6908
1407 6908
318 6908
3352 6908
507 6908
5031 6909
3784 6909
4795 6909
1127 6909
1661 6909
6631 6909
1650 6909
7286 6909
7116 6909
4327 6909
4581 6909
1595 6909
3460 6909
5454 6910
3331 6910
2413 6910
4705 6910
2135 6910
4366 6910
3967 6910
1262 6910
6356 6910
3044 6910
170 6910
6353 6910
2388 6910
483 6910
2436 6910
3658 6910
2642 6910
5093 6911
5248 6911
5780 6911
3583 6911
3307 6911
6808 6911
1605 6911
7782 6911
1073 6911
361 6911
1392 6911
1500 6911
8016 6911
7621 6911
7086 6911
929 6911
4702 6911
2212 6911
2261 6911
1025 6912
4812 6912
7153 6912
1797 6912
2655 6912
1615 6912
2938 6912
7754 6912
3519 6912
3746 6912
3152 6912
7201 6912
3575 6912
367 6912
2122 6912
6060 6912
1985 6912
6783 6912
2380 6912
3917 6912
5254 6912
1846 6913
6468 6913
3461 6913
2742 6913
6719 6913
3128 6913
4978 6913
7687 6913
6067 6913
549 6913
7649 6913
6057 6913
2419 6913
3288 6913
2252 6914
4996 6914
5159 6914
2741 6914
2762 6914
5681 6914
7874 6914
7534 6914
725 6914
5314 6914
4795 6914
6146 6914
616 6914
3510 6914
2119 6914
6453 6914
3544 6914
7877 6914
4943 6914
664 6914
1348 6914
869 6914
3424 6914
4182 6915
3623 6915
7991 6915
3013 6915
6327 6915
4804 6915
1691 6915
2033 6915
6168 6915
3504 6915
3913 6915
37 6915
2625 6915
3263 6915
1514 6915
997 6915
7982 6915
6272 6915
4005 6915
2813 6915
560 6915
5684 6915
1435 6915
3067 6916
7293 6916
8067 6916
5379 6916
1523 6916
358 6916
1408 6916
5836 6916
362 6916
4381 6916
7563 6916
3997 6916
5757 6916
6522 6916
2329 6916
185 6916
5822 6916
1273 6916
772 6916
1767 6917
4179 6917
6353 6917
216 6917
4699 6917
5719 6917
3179 6917
1987 6917
3172 6917
6992 6917
3386 6917
3617 6917
1504 6917
2810 6917
8174 6917
3807 6917
141 6918
5936 6918
4301 6918
2696 6918
1707 6918
460 6918
3540 6918
420 6918
7864 6918
7783 6918
2522 6918
6979 6918
5910 6918
2380 6918
2653 6918
6731 6919
3603 6919
1497 6919
2773 6919
4478 6919
6221 6919
3606 6919
2008 6919
6622 6919
534 6919
3725 6919
4755 6919
7133 6919
7832 6919
6494 6919
6920 6920
4710 6920
1165 6920
2318 6920
3590 6920
4355 6920
5358 6920
4040 6920
5701 6920
1791 6920
622 6920
6150 6920
2950 6920
6230 6920
1289 6920
1657 6920
2150 6921
6398 6921
672 6921
1620 6921
8150 6921
6032 6921
7302 6921
1302 6921
6327 6921
1903 6921
2488 6921
3863 6921
6945 6921
2631 6921
3549 6921
2051 6921
2567 6922
4825 6922
7582 6922
623 6922
5614 6922
2337 6922
6055 6922
1546 6922
3170 6922
291 6922
5372 6922
6368 6922
7721 6922
3776 6922
1250 6922
4071 6923
8132 6923
4554 6923
5992 6923
440 6923
560 6923
5489 6923
3271 6923
4251 6923
8015 6923
177 6923
7535 6923
2389 6923
690 6923
7059 6923
4839 6923
1144 6923
6531 6923
6058 6923
7298 6924
431 6924
1371 6924
474 6924
3332 6924
5494 6924
4435 6924
7463 6924
1355 6924
6918 6924
2335 6924
7621 6924
7863 6924
803 6924
2523 6924
7390 6924
734 6924
5342 6924
6454 6925
5306 6925
6925 6925
2649 6925
3814 6925
552 6925
5329 6925
27 6925
3382 6925
4935 6925
5771 6925
613 6925
1171 6925
2637 6925
115 6925
5792 6925
7097 6925
2855 6925
8196 6925
7264 6925
7092 6925
1373 6926
6395 6926
285 6926
5394 6926
5457 6926
3132 6926
3120 6926
6772 6926
4996 6926
5210 6926
4706 6926
2472 6926
89 6926
426 6927
5663 6927
8005 6927
4025 6927
4170 6927
8258 6927
2400 6927
6144 6927
6539 6927
3656 6927
6363 6927
6404 6927
4630 6927
8016 6927
7193 6927
7349 6927
4340 6927
7107 6927
2118 6927
6928 6928
8027 6928
1263 6928
7240 6928
7775 6928
6004 6928
2120 6928
4099 6928
5768 6928
3871 6928
4630 6928
2731 6928
3322 6928
3465 6928
2126 6928
6610 6928
3052 6928
628 6928
6884 6928
2994 6929
525 6929
543 6929
3238 6929
5 6929
3180 6929
5725 6929
6684 6929
5405 6929
3842 6929
6420 6929
4995 6929
729 6929
1067 6929
1112 6929
6811 6929
7972 6929
4376 6929
2487 6929
71 6929
1129 6930
3565 6930
3669 6930
2580 6930
5152 6930
6551 6930
1193 6930
5794 6930
942 6930
7352 6930
751 6930
2166 6930
6474 6930
6305 6930
3580 6931
7130 6931
1866 6931
551 6931
7771 6931
2360 6931
5487 6931
7299 6931
633 6931
350 6931
725 6931
7205 6931
1547 6931
4548 6931
7201 6931
133 6931
4792 6931
6557 6931
7748 6931
4865 6931
4920 6932
5550 6932
3310 6932
4312 6932
5650 6932
1344 6932
5511 6932
6520 6932
3273 6932
1149 6932
1551 6932
3179 6932
1716 6932
60 6932
793 6932
2532 6932
5326 6933
5674 6933
2726 6933
681 6933
2071 6933
6356 6933
5329 6933
4269 6933
3827 6933
6268 6933
937 6933
4549 6934
4311 6934
5210 6934
7408 6934
7789 6934
288 6934
7217 6934
6683 6934
1355 6934
7241 6934
1974 6934
3005 6934
6550 6934
5453 6934
6460 6934
6510 6934
5303 6934
4994 6935
34 6935
1194 6935
8254 6935
2931 6935
1600 6935
7238 6935
5296 6935
7601 6935
7559 6935
4686 6935
1236 6935
6994 6935
8258 6935
1308 6935
6428 6935
1379 6936
3811 6936
7227 6936
7867 6936
6238 6936
4501 6936
3147 6936
4903 6936
4175 6936
4447 6936
4776 6936
6449 6936
4339 6936
1805 6936
4438 6936
2828 6936
4059 6936
4996 6936
6705 6936
2291 6936
2401 6936
3240 6936
5261 6936
4948 6936
3007 6937
7211 6937
7167 6937
2310 6937
4933 6937
6667 6937
4645 6937
129 6937
744 6937
3885 6937
2570 6937
3444 6937
4107 6937
1473 6937
3797 6937
2018 6937
1720 6938
1868 6938
7986 6938
6733 6938
675 6938
5125 6938
6621 6938
6852 6938
471 6938
6519 6938
439 6938
2516 6938
3180 6938
6982 6939
7018 6939
7986 6939
1273 6939
4732 6939
2120 6939
6460 6939
4286 6939
3584 6939
2300 6939
6489 6939
898 6939
1348 6939
6569 6939
8107 6939
1214 6939
345 6940
995 6940
6729 6940
5895 6940
7402 6940
3040 6940
6691 6940
6803 6940
5391 6940
7832 6940
5199 6940
1230 6940
2704 6940
6126 6940
5533 6940
440 6940
7046 6940
5110 6940
560 6941
5853 6941
7589 6941
7415 6941
7390 6941
7241 6941
7108 6941
499 6941
2471 6941
6559 6941
5297 6941
5080 6941
817 6941
6393 6941
2321 6941
642 6941
3345 6941
5070 6941
4472 6941
8284 6942
2552 6942
320 6942
4676 6942
1174 6942
6286 6942
7119 6943
6371 6943
3120 6943
4398 6943
3046 6943
3673 6943
5618 6943
1483 6943
682 6943
457 6943
5549 6943
4793 6943
6007 6943
1729 6943
4013 6943
3426 6943
4554 6944
6813 6944
1464 6944
6080 6944
3455 6944
7172 6944
655 6944
1213 6944
4180 6944
5560 6944
1828 6944
3707 6944
4435 6944
7712 6944
6472 6944
4889 6944
1787 6944
5598 6944
6229 6944
5188 6945
8252 6945
5062 6945
2861 6945
7611 6945
826 6946
2180 6946
2600 6946
2366 6946
3289 6946
3404 6946
2934 6946
6819 6946
5936 6946
1993 6946
5562 6946
6279 6946
6574 6946
1408 6946
628 6946
6007 6946
1254 6947
4989 6947
6115 6947
5659 6947
3940 6947
1569 6947
1112 6947
1664 6947
5311 6947
4706 6947
7832 6947
7703 6947
1499 6947
6400 6947
7384 6947
192 6947
6958 6947
4812 6948
4035 6948
5320 6948
7396 6948
3238 6948
2376 6948
636 6948
3311 6948
1382 6948
4666 6948
5300 6948
6685 6948
7950 6948
3688 6948
2783 6948
431 6948
5487 6948
1620 6948
7201 6949
176 6949
1401 6949
5221 6949
208 6949
8229 6949
6529 6949
311 6949
2253 6949
2780 6949
2138 6949
978 6949
2310 6950
3367 6950
4348 6950
579 6950
1686 6950
3567 6950
44 6950
352 6950
5768 6950
154 6950
3321 6950
5459 6950
5089 6950
5967 6950
2272 6950
1609 6950
897 6950
2632 6951
1979 6951
1078 6951
7959 6951
496 6951
4646 6951
1301 6951
2199 6951
371 6951
7478 6951
3380 6951
4675 6951
108 6951
3192 6951
5549 6951
5 6951
5621 6951
138 6952
4107 6952
5240 6952
650 6952
426 6952
1748 6952
7190 6952
1568 6952
377 6952
5630 6952
1500 6952
6460 6952
5159 6952
6913 6953
869 6953
4983 6953
8219 6953
2713 6953
149 6953
590 6953
2067 6953
1609 6953
4644 6953
2321 6953
1731 6953
3623 6954
431 6954
1548 6954
254 6954
151 6954
5005 6954
4795 6954
3529 6954
3307 6954
4641 6954
3462 6954
7128 6954
2754 6954
7831 6954
1185 6954
2735 6954
2542 6954
6355 6955
3468 6955
1641 6955
2967 6955
8171 6955
5438 6955
6588 6955
6008 6955
1610 6955
1346 6955
241 6955
6680 6955
2237 6955
4340 6955
7450 6955
7241 6955
1690 6955
5773 6955
3085 6956
2250 6956
3420 6956
2989 6956
2433 6956
6309 6956
3663 6956
6626 6956
1106 6956
1913 6956
5018 6956
2653 6956
2709 6956
3386 6956
892 6956
5252 6956
6326 6956
369 6956
6267 6956
361 6956
7029 6956
3039 6957
3552 6957
513 6957
6755 6957
5454 6957
7281 6957
7582 6957
7274 6957
7681 6957
667 6957
1599 6957
1704 6957
2625 6957
7803 6957
2740 6957
2417 6957
4287 6957
1692 6958
8016 6958
4966 6958
3829 6958
3466 6958
7652 6958
407 6958
1497 6958
205 6958
3217 6958
4299 6958
8291 6958
4855 6958
5076 6959
1372 6959
1108 6959
3723 6959
152 6959
1284 6959
2780 6959
7943 6959
3120 6959
4162 6959
1253 6959
1089 6959
204 6959
7456 6959
6286 6959
7535 6959
5446 6959
8190 6959
7733 6959
6812 6959
2221 6959
4576 6959
4278 6960
4802 6960
2515 6960
3658 6960
7508 6960
1839 6960
5133 6960
5202 6960
540 6960
2393 6960
6255 6960
1700 6960
6150 6960
8251 6961
5426 6961
7199 6961
3243 6961
3084 6961
1881 6961
5173 6961
7844 6961
2481 6961
2161 6961
4769 6961
3612 6961
4801 6962
866 6962
2911 6962
6850 6962
3263 6962
135 6962
6842 6962
3984 6962
1052 6962
2078 6962
1500 6962
3463 6962
5715 6962
2344 6962
3948 6962
2713 6962
8153 6962
2652 6962
2470 6962
2436 6962
6204 6962
4731 6962
6547 6962
6950 6962
3847 6963
288 6963
1205 6963
1995 6963
5752 6963
3574 6963
6472 6963
2845 6963
4233 6963
7509 6963
5285 6963
1886 6963
375 6963
7505 6963
1460 6963
7698 6963
7139 6964
808 6964
3680 6964
389 6964
161 6964
980 6964
8123 6964
6903 6964
3549 6964
5555 6965
7692 6965
7625 6965
7744 6965
1420 6965
3687 6965
5355 6965
6014 6965
6136 6965
2945 6965
1859 6965
649 6965
4411 6965
3739 6965
6800 6965
2540 6965
2555 6965
5073 6965
647 6966
7927 6966
3436 6966
1667 6966
2470 6966
797 6966
6982 6966
4865 6966
4336 6966
809 6966
5907 6966
5978 6966
1492 6967
6226 6967
5716 6967
4356 6967
2157 6967
6053 6967
295 6967
5554 6967
4548 6968
1721 6968
7690 6968
4619 6968
1276 6968
6768 6968
868 6968
1193 6968
2175 6968
7386 6968
7598 6968
7621 6968
3339 6968
7516 6968
726 6968
3817 6968
4706 6969
5117 6969
3807 6969
4321 6969
3752 6969
7403 6969
1828 6969
5809 6969
496 6969
1120 6969
3260 6969
5497 6969
6094 6970
6675 6970
2498 6970
7036 6970
8077 6970
8254 6970
1676 6970
2990 6970
4498 6970
1528 6970
5237 6970
6126 6970
6404 6970
6275 6970
3462 6970
5148 6970
6332 6971
5725 6971
8294 6971
3834 6971
5152 6971
4279 6971
4708 6971
836 6971
4482 6971
706 6971
1803 6971
3891 6971
5935 6972
5155 6972
4097 6972
14 6972
4927 6972
1201 6972
1411 6972
7505 6972
5092 6972
5718 6972
7038 6972
2962 6973
5017 6973
2119 6973
4750 6973
2770 6973
6894 6973
3723 6973
2675 6973
3913 6973
4685 6973
5175 6973
5259 6973
7127 6973
7800 6973
7398 6973
4531 6973
6795 6973
5342 6973
1409 6973
6749 6973
195 6973
7911 6973
5415 6973
1231 6973
3632 6973
4022 6973
7859 6974
1709 6974
6280 6974
4010 6974
4241 6974
7264 6974
4145 6974
1740 6974
1712 6974
4268 6974
3991 6974
1150 6974
4468 6975
3605 6975
4975 6975
3458 6975
575 6975
549 6975
6820 6975
5238 6975
5506 6975
3729 6975
6858 6975
6405 6975
3994 6975
6961 6975
2405 6976
3802 6976
123 6976
3935 6976
4134 6976
2741 6976
3919 6976
3293 6976
2670 6976
1112 6976
6440 6976
1215 6976
8296 6976
4279 6976
2180 6977
8198 6977
5291 6977
1432 6977
5265 6977
381 6977
4808 6977
7974 6977
665 6977
6615 6977
3254 6977
967 6977
2384 6977
7009 6977
1479 6977
4279 6978
7340 6978
3506 6978
4758 6978
4570 6978
3141 6978
3260 6978
2082 6978
5734 6978
6360 6978
7687 6978
7491 6978
865 6978
5267 6978
3229 6978
5860 6978
3938 6978
1526 6979
4231 6979
3153 6979
223 6979
5723 6979
3009 6979
6441 6979
6931 6979
2790 6979
6684 6979
112 6979
7152 6979
50 6979
1524 6979
3529 6979
5690 6979
7583 6979
6763 6980
1756 6980
5885 6980
4358 6980
3563 6980
3207 6980
7561 6980
1585 6980
2310 6980
3832 6980
6620 6980
2427 6980
1937 6980
7205 6980
597 6980
6336 6980
383 6980
3366 6980
2330 6980
5101 6980
2906 6981
3260 6981
8174 6981
322 6981
4355 6981
5958 6981
4107 6981
5050 6981
3030 6981
7018 6981
8257 6981
3949 6981
4990 6981
4558 6981
4188 6981
2477 6981
3085 6981
4778 6981
2777 6981
1376 6981
4821 6982
2212 6982
7061 6982
8284 6982
1238 6982
5330 6982
