834 6982
104 6982
2033 6982
403 6982
8255 6982
2919 6982
1348 6982
1886 6983
4696 6983
5544 6983
780 6983
6260 6983
1832 6983
5973 6983
5615 6983
3246 6983
4017 6983
4998 6983
774 6983
1322 6983
4050 6983
1987 6983
3892 6984
7691 6984
1282 6984
3124 6984
6979 6984
6727 6984
6943 6984
1977 6984
6243 6984
6393 6984
897 6984
4826 6984
6360 6984
3960 6984
3247 6984
8165 6984
7 6984
5544 6984
3505 6985
2763 6985
19 6985
1095 6985
5940 6985
2854 6985
4382 6985
1436 6985
4636 6985
2433 6985
2958 6985
1438 6985
2982 6985
6918 6985
5735 6985
2697 6985
4538 6985
6125 6985
3338 6985
2088 6985
2935 6985
7204 6986
5196 6986
1849 6986
5896 6986
3153 6986
7511 6986
1865 6986
1927 6986
1370 6986
3581 6986
5787 6986
39 6986
3511 6986
5803 6986
896 6986
6861 6986
3407 6986
3838 6986
6369 6986
6987 6987
7120 6987
3871 6987
3679 6987
2837 6987
6410 6987
5615 6987
915 6987
4542 6987
5533 6987
1939 6987
8286 6988
5997 6988
6988 6988
1076 6988
2150 6988
8224 6988
2252 6988
5994 6988
7052 6988
4363 6988
5228 6988
7463 6988
7384 6988
6597 6988
836 6988
7173 6988
2856 6988
7424 6989
7832 6989
7283 6989
2207 6989
78 6989
4217 6989
6729 6989
6996 6989
1680 6989
253 6989
4287 6989
6935 6990
2038 6990
6146 6990
4324 6990
518 6990
3001 6990
1814 6990
7873 6990
3934 6990
7818 6990
7556 6990
3770 6990
7511 6990
2060 6990
202 6990
123 6990
6288 6991
2792 6991
1260 6991
6740 6991
6725 6991
6576 6991
4804 6991
2196 6991
6277 6991
1315 6991
4519 6991
3436 6991
6266 6991
1478 6991
7247 6991
7787 6991
5163 6991
6808 6991
451 6991
2676 6991
6727 6991
6369 6991
3105 6992
5379 6992
3485 6992
2856 6992
1909 6992
3054 6992
3230 6992
1284 6992
4895 6992
4880 6992
7563 6992
2646 6992
64 6992
1060 6993
278 6993
618 6993
3810 6993
3562 6993
7480 6993
1504 6993
5495 6993
3518 6993
3754 6993
6347 6993
6578 6993
7520 6993
7204 6993
2012 6994
1846 6994
2324 6994
1760 6994
4768 6994
2802 6994
6377 6994
7296 6994
3913 6994
4696 6994
2726 6994
598 6994
5136 6994
4501 6994
6068 6994
2788 6994
8043 6995
3095 6995
777 6995
8270 6995
4972 6995
4379 6995
8297 6995
7265 6995
5548 6995
3370 6995
6356 6995
6658 6995
1136 6995
647 6995
1042 6996
4440 6996
7413 6996
3756 6996
5026 6996
1341 6996
2312 6996
1087 6996
5705 6996
6182 6996
4376 6997
2738 6997
660 6997
4741 6997
809 6997
605 6997
2067 6997
6650 6997
3431 6997
3545 6997
7156 6997
4258 6997
3968 6997
2864 6997
4857 6997
4977 6997
5745 6997
5207 6998
6142 6998
5174 6998
7681 6998
4379 6998
4204 6998
2849 6998
6822 6998
6030 6998
7907 6998
6801 6998
5365 6998
737 6998
6285 6998
980 6999
5592 6999
6631 6999
2228 6999
6026 6999
7202 6999
5789 6999
2119 6999
6495 6999
5685 6999
6017 6999
1106 6999
5454 6999
4091 6999
174 6999
5452 6999
7505 6999
2642 7000
6514 7000
8224 7000
3413 7000
1802 7000
4622 7000
759 7000
3707 7000
3759 7000
6340 7000
7743 7000
6305 7000
2054 7000
2078 7000
3511 7000
7481 7001
3316 7001
1049 7001
2279 7001
4335 7001
1641 7001
4792 7001
508 7001
864 7001
1783 7001
7832 7001
3608 7001
2456 7002
3597 7002
867 7002
6077 7002
2365 7002
7229 7002
7610 7002
8153 7002
4544 7002
806 7002
3251 7002
2216 7002
3750 7003
5880 7003
5945 7003
5758 7003
1061 7003
7718 7003
933 7003
6489 7003
7348 7003
6025 7003
6796 7003
409 7004
3675 7004
6304 7004
2465 7004
2016 7004
3479 7004
523 7004
7095 7004
5692 7004
6238 7004
7370 7004
3770 7004
217 7004
7622 7004
4717 7004
2868 7004
8008 7004
1604 7004
1023 7004
1478 7004
6923 7004
4876 7005
5756 7005
7693 7005
4641 7005
7845 7005
498 7005
1361 7005
6284 7005
8178 7005
3807 7005
4264 7005
7565 7005
1369 7005
5938 7005
764 7005
1182 7005
6935 7005
7778 7005
5753 7005
1595 7005
6228 7005
2314 7005
4174 7006
3954 7006
5457 7006
343 7006
1563 7006
6559 7006
3075 7006
7245 7006
5474 7006
3597 7006
3876 7006
3980 7006
1032 7006
561 7006
2441 7006
6903 7006
5431 7006
3248 7006
6126 7006
1473 7007
3784 7007
2303 7007
4525 7007
195 7007
3470 7007
2728 7007
1200 7007
3159 7007
3179 7007
1321 7007
2738 7007
7701 7007
7105 7007
5683 7008
2772 7008
1181 7008
1558 7008
2773 7008
4658 7008
6716 7008
600 7008
4735 7008
2160 7008
7941 7008
7794 7008
4025 7008
5447 7008
1037 7008
7497 7008
4744 7008
8280 7009
4076 7009
4575 7009
7356 7009
172 7009
898 7009
1675 7009
669 7009
511 7009
3851 7009
3566 7009
5648 7009
2360 7009
3325 7009
7307 7010
6628 7010
4534 7010
3845 7010
7743 7010
4777 7010
4013 7010
4975 7010
3415 7010
646 7010
6085 7010
1070 7011
3973 7011
2012 7011
3649 7011
3169 7011
5078 7011
289 7011
7052 7011
4514 7011
3269 7011
835 7012
7012 7012
4570 7012
2869 7012
807 7012
5515 7012
6605 7012
7059 7012
4528 7012
2855 7012
1215 7012
2785 7012
4441 7012
2705 7012
3877 7012
5261 7013
6144 7013
6713 7013
2719 7013
2157 7013
4610 7013
6723 7013
1227 7013
4461 7013
6757 7013
7573 7013
7509 7013
682 7013
6180 7013
623 7013
4751 7013
2278 7013
7160 7014
5892 7014
4682 7014
7778 7014
1242 7014
751 7014
4589 7014
4685 7014
5009 7014
409 7014
4088 7014
8006 7014
7356 7014
7511 7014
439 7014
4617 7015
1998 7015
6620 7015
7763 7015
6756 7015
4145 7015
8159 7015
5670 7015
7936 7015
2895 7015
6595 7015
2367 7015
3771 7015
7260 7015
1956 7015
7990 7015
608 7015
3560 7015
925 7015
6842 7016
4117 7016
7466 7016
6812 7016
1200 7016
6211 7016
4406 7016
7364 7016
3445 7016
2294 7016
3370 7016
5656 7016
7320 7016
5231 7016
3742 7016
6759 7016
929 7016
4608 7016
1683 7016
1212 7016
7940 7016
3269 7016
4875 7016
7728 7017
6191 7017
7215 7017
7539 7017
4724 7017
8263 7017
2342 7017
2841 7017
7533 7017
6054 7017
5112 7017
1774 7017
2780 7017
6986 7017
5092 7017
2450 7017
2978 7018
4651 7018
4065 7018
2515 7018
7496 7018
2828 7018
3562 7018
4241 7018
4001 7018
5549 7018
3062 7018
2582 7018
7479 7018
1634 7018
5070 7018
4669 7019
4795 7019
4329 7019
8044 7019
427 7019
4000 7019
566 7019
7887 7019
1165 7019
7070 7019
4745 7019
4523 7019
2391 7019
1101 7019
5317 7019
4082 7019
5372 7019
2934 7019
6473 7019
4406 7020
7229 7020
3868 7020
7528 7020
3242 7020
5986 7020
4321 7020
2953 7020
5469 7020
636 7020
7475 7020
5238 7020
6361 7020
107 7020
2471 7020
4099 7020
1865 7020
6255 7020
5093 7020
7038 7021
1583 7021
4351 7021
4884 7021
3316 7021
3584 7021
4158 7021
8066 7021
6446 7021
937 7021
1962 7021
8251 7021
5031 7021
5593 7022
4738 7022
348 7022
1333 7022
2904 7022
5574 7022
951 7022
7540 7022
5102 7022
1479 7022
2978 7022
5649 7022
685 7022
4907 7022
6982 7022
3967 7022
3193 7022
4594 7022
6182 7023
662 7023
7413 7023
2572 7023
6403 7023
6642 7023
1163 7023
3106 7023
4242 7023
3609 7023
6641 7023
8266 7023
6690 7023
5685 7024
8044 7024
3903 7024
5061 7024
3474 7024
3793 7024
3972 7024
3180 7024
2068 7024
1179 7024
7447 7024
2659 7024
5324 7024
4574 7024
2691 7025
2596 7025
6363 7025
4350 7025
6927 7025
6913 7025
3193 7025
7595 7025
3058 7025
2361 7025
8210 7025
2403 7025
782 7025
5001 7025
3967 7025
5109 7026
668 7026
6658 7026
4202 7026
5522 7026
6808 7026
1484 7026
3271 7026
4196 7026
2727 7026
3994 7026
2893 7026
57 7026
6699 7026
3244 7026
5925 7026
7334 7026
2775 7027
6004 7027
3997 7027
4363 7027
624 7027
8257 7027
1715 7027
5838 7027
3498 7027
6288 7027
2231 7027
2787 7027
370 7027
662 7027
5738 7027
5703 7027
4907 7027
1686 7027
5515 7027
7390 7027
1498 7028
6768 7028
4589 7028
4343 7028
6467 7028
4452 7028
3432 7028
364 7028
4411 7028
7728 7028
3088 7028
2018 7028
5222 7028
3604 7028
7681 7028
6091 7029
5451 7029
4183 7029
4317 7029
5096 7029
4381 7029
2735 7029
8002 7029
285 7029
689 7030
5626 7030
2669 7030
6965 7030
6982 7030
57 7030
2773 7030
486 7030
3770 7030
5839 7030
5402 7030
5710 7030
4607 7030
3633 7030
5990 7030
5203 7030
809 7030
3168 7031
7018 7031
1511 7031
7869 7031
3676 7031
4785 7031
1484 7031
6839 7031
5087 7031
6249 7031
57 7031
2393 7031
1166 7031
1403 7031
2344 7031
390 7031
5125 7031
5242 7031
2729 7032
1357 7032
6591 7032
1379 7032
4029 7032
4496 7032
3791 7032
3338 7032
2735 7032
5330 7032
2919 7032
6794 7033
4379 7033
3207 7033
1787 7033
672 7033
3437 7033
2480 7033
47 7033
7219 7033
7277 7033
1987 7033
6948 7033
2919 7034
5098 7034
2328 7034
7302 7034
3505 7034
2903 7034
7424 7034
7334 7034
4339 7034
5666 7034
5267 7034
7307 7034
1185 7034
5258 7034
4430 7034
469 7034
5878 7034
1097 7034
496 7035
4636 7035
2669 7035
3470 7035
2754 7035
2841 7035
5628 7035
5853 7035
7044 7035
7293 7035
5986 7035
349 7035
2017 7035
4812 7035
2061 7035
3077 7035
2421 7035
3837 7035
4378 7035
1177 7035
615 7035
5685 7035
290 7035
461 7035
5088 7036
4525 7036
2499 7036
7973 7036
7033 7036
4442 7036
2760 7036
3680 7036
3468 7036
4251 7036
400 7036
3630 7036
6730 7036
897 7036
5374 7036
3059 7037
5522 7037
3639 7037
5770 7037
49 7037
7693 7037
7574 7037
4956 7037
1187 7037
6607 7037
1073 7037
2013 7037
1610 7037
1390 7037
1204 7038
5391 7038
3060 7038
4314 7038
815 7038
2370 7038
3438 7038
7357 7038
624 7038
2862 7038
1015 7038
3179 7038
6369 7038
387 7038
4669 7038
7882 7038
8178 7038
5781 7038
3552 7038
327 7038
6024 7038
1526 7039
3786 7039
3938 7039
4714 7039
3181 7039
238 7039
5765 7039
1360 7039
4573 7039
682 7039
3868 7039
5644 7039
6566 7039
3077 7039
4699 7039
7895 7039
1125 7039
3999 7039
4060 7039
1684 7039
6125 7039
2164 7039
665 7039
1474 7040
5293 7040
4647 7040
2981 7040
1542 7040
2855 7040
4801 7040
8293 7040
7720 7040
6890 7040
7153 7040
7880 7040
5097 7040
6702 7041
6050 7041
3141 7041
3069 7041
1887 7041
3695 7041
7075 7041
2252 7042
3774 7042
39 7042
1786 7042
1585 7042
1323 7042
1246 7042
7650 7042
3079 7042
689 7042
3289 7042
1762 7042
5053 7042
8116 7042
6608 7042
5732 7043
7606 7043
2951 7043
5309 7043
4942 7043
2450 7043
3179 7043
4860 7043
8028 7043
1361 7043
7523 7043
4516 7043
6780 7043
4794 7043
824 7044
106 7044
2938 7044
4249 7044
6124 7044
3007 7044
2682 7044
6454 7044
391 7044
1217 7045
2742 7045
448 7045
1036 7045
3373 7045
5300 7045
4644 7045
8153 7045
4550 7045
583 7045
6430 7045
6317 7045
5213 7045
8138 7045
3785 7045
6236 7045
5641 7045
4423 7045
7290 7045
361 7045
1521 7045
1927 7045
7576 7046
3220 7046
3083 7046
1311 7046
2315 7046
6049 7046
6540 7046
5804 7046
7345 7046
7086 7046
3200 7046
2599 7046
4408 7046
5810 7046
1060 7046
6066 7046
3485 7046
5324 7046
8295 7046
4446 7046
4536 7046
5446 7046
96 7046
7148 7046
7001 7046
5068 7046
5931 7046
8115 7046
5139 7046
4994 7046
2378 7046
6404 7047
6755 7047
534 7047
2949 7047
7786 7047
6947 7047
4622 7047
3750 7047
7600 7047
1459 7047
4439 7047
8178 7047
149 7047
8253 7047
4915 7047
5973 7047
5566 7047
2524 7047
6719 7047
5647 7047
6376 7047
103 7048
5547 7048
5366 7048
452 7048
7460 7048
3878 7048
1388 7048
816 7048
6464 7048
6483 7048
1306 7048
1284 7048
5216 7048
763 7048
3714 7048
2207 7048
4451 7048
284 7048
2900 7048
6679 7049
2807 7049
5190 7049
5010 7049
2441 7049
4092 7049
4461 7049
6711 7049
2419 7049
4584 7049
2752 7049
4181 7049
620 7049
294 7049
6625 7049
6187 7049
5489 7049
5032 7049
170 7049
1444 7050
975 7050
7786 7050
995 7050
6607 7050
7061 7050
6932 7050
8195 7050
2527 7051
1234 7051
4801 7051
4548 7051
540 7051
423 7051
2796 7051
7602 7051
2741 7051
4717 7051
419 7051
6364 7051
3458 7051
2812 7051
2881 7052
433 7052
5592 7052
315 7052
1392 7052
2330 7052
1493 7052
3602 7052
7617 7052
7247 7052
3868 7052
2582 7052
7073 7052
3742 7052
908 7052
5565 7052
1937 7052
3735 7052
6467 7053
2666 7053
3739 7053
1839 7053
6953 7053
3 7053
1024 7053
1639 7053
6864 7053
4041 7053
8079 7053
5163 7053
5208 7054
7054 7054
6761 7054
7648 7054
48 7054
5918 7054
1321 7054
2873 7054
6022 7054
163 7054
7654 7054
6699 7054
7055 7055
2048 7055
4562 7055
5478 7055
5814 7055
4737 7055
2262 7055
6725 7055
6140 7055
2415 7055
6460 7055
109 7055
2304 7055
4816 7055
7334 7055
4084 7055
6288 7055
904 7055
6784 7056
7011 7056
4724 7056
2973 7056
4080 7056
457 7056
774 7056
8032 7056
2950 7056
763 7056
1279 7056
3525 7056
7624 7056
1472 7056
6024 7056
4706 7056
5077 7056
7464 7056
1257 7057
4039 7057
5946 7057
4454 7057
1900 7057
3984 7057
4812 7057
7912 7057
7061 7057
6900 7057
3885 7057
2081 7057
8002 7057
4783 7057
655 7057
4054 7057
8195 7057
434 7057
5393 7058
6947 7058
343 7058
581 7058
7143 7058
4179 7058
217 7058
8166 7058
1365 7058
5451 7058
5834 7058
3954 7058
2032 7058
34 7058
2171 7058
6122 7058
496 7058
1918 7058
7824 7059
1655 7059
6772 7059
3637 7059
6792 7059
5309 7059
5188 7059
4085 7059
4603 7059
1681 7059
7073 7059
6683 7059
2269 7059
2890 7059
1061 7059
7460 7059
1643 7059
8138 7060
7078 7060
289 7060
1130 7060
6618 7060
4175 7060
3541 7060
4400 7060
2768 7060
6552 7060
7837 7060
1331 7061
1866 7061
1947 7061
5156 7061
2785 7061
7628 7061
2567 7061
4524 7061
3295 7061
100 7061
2513 7061
8279 7061
7397 7061
5494 7061
616 7061
4857 7061
7361 7061
5329 7062
869 7062
5909 7062
419 7062
3638 7062
8168 7062
3218 7062
7668 7062
7335 7062
6894 7062
6072 7062
4282 7062
4467 7062
7436 7062
6254 7062
4279 7062
5641 7062
2597 7063
2398 7063
4129 7063
8294 7063
814 7063
1805 7063
294 7063
2122 7063
8114 7063
1869 7063
2498 7063
6124 7063
7827 7063
1782 7063
4716 7063
2057 7063
4553 7063
2160 7063
3009 7063
4888 7063
8254 7063
6845 7063
6406 7063
2174 7064
6851 7064
726 7064
4607 7064
1757 7064
1967 7064
7949 7064
7782 7064
6121 7064
6073 7064
5478 7064
3426 7064
2643 7064
4350 7064
2478 7064
1683 7065
568 7065
2888 7065
3725 7065
2620 7065
3001 7065
2150 7065
1310 7065
5123 7065
5354 7065
437 7065
369 7065
6983 7066
4612 7066
462 7066
963 7066
2537 7066
3028 7066
1605 7066
7404 7066
4120 7066
349 7066
7027 7066
6712 7066
3964 7066
5187 7066
3857 7066
1723 7066
6464 7066
5744 7066
2833 7066
6398 7066
3166 7066
2765 7067
6964 7067
3518 7067
5122 7067
834 7067
2802 7067
2362 7067
5500 7067
5255 7067
4708 7067
6234 7067
7251 7067
5761 7068
7718 7068
6969 7068
3967 7068
4191 7068
3031 7068
2078 7068
2004 7068
6681 7068
187 7068
5817 7068
4093 7068
2785 7068
7691 7068
4778 7069
2212 7069
4008 7069
500 7069
3378 7069
3997 7069
3721 7069
1390 7069
223 7069
1730 7069
2395 7069
6145 7069
5743 7069
1026 7069
2852 7070
7808 7070
6557 7070
7835 7070
4861 7070
4400 7070
3697 7070
4743 7070
7648 7070
395 7070
5739 7070
3067 7070
1477 7070
5548 7070
1917 7070
6243 7070
7364 7070
5354 7070
4131 7070
3351 7070
6308 7070
1081 7070
2890 7071
1684 7071
5139 7071
6811 7071
8178 7071
2109 7071
8206 7071
4247 7071
8134 7071
1242 7071
6717 7071
3207 7072
7575 7072
2373 7072
8257 7072
3780 7072
2278 7072
3243 7072
2165 7072
560 7072
5610 7072
5374 7072
2394 7072
7550 7072
787 7072
46 7072
6824 7072
4876 7072
1330 7072
1949 7072
3107 7072
2488 7072
1054 7072
487 7072
5666 7072
7770 7073
195 7073
2738 7073
438 7073
719 7073
5075 7073
4841 7073
1511 7073
4179 7073
4811 7073
3527 7073
3107 7073
207 7073
3 7073
2882 7073
3963 7073
7290 7073
5946 7073
2507 7073
2638 7073
7265 7073
6202 7073
4984 7073
7457 7073
2474 7073
7274 7073
3122 7073
6866 7073
2780 7074
1299 7074
3743 7074
1369 7074
2925 7074
2713 7074
5839 7074
7040 7074
3172 7074
723 7074
6664 7074
1289 7074
2574 7074
223 7074
6545 7074
3305 7074
8266 7074
6266 7074
3227 7074
4799 7074
7973 7074
5344 7075
295 7075
1169 7075
860 7075
1479 7075
4844 7075
7110 7075
6545 7075
2373 7075
4597 7075
7583 7075
5006 7075
2768 7075
2903 7075
1233 7075
6940 7076
3770 7076
6171 7076
6327 7076
1411 7076
3287 7076
4080 7076
57 7076
5313 7076
4523 7076
4225 7076
243 7076
8010 7076
7238 7076
4506 7076
7511 7076
2974 7076
3602 7077
1972 7077
7990 7077
5804 7077
6663 7077
6916 7077
6852 7077
3803 7077
2215 7077
8032 7077
4671 7077
2672 7077
3888 7077
3616 7077
7308 7077
2082 7077
1892 7077
4665 7077
4087 7077
1782 7077
208 7077
5583 7077
4082 7077
4290 7077
183 7078
4894 7078
7719 7078
6128 7078
1049 7078
3367 7078
3465 7078
1973 7078
820 7078
4920 7078
1260 7078
6794 7078
588 7078
7199 7078
7285 7078
6729 7078
2445 7078
8174 7078
3746 7078
4963 7078
2950 7078
4257 7078
7625 7079
2607 7079
4751 7079
1194 7079
436 7079
917 7079
6520 7079
5300 7079
7327 7079
2294 7079
2201 7079
3634 7079
6057 7079
3707 7079
5831 7079
2986 7079
7469 7079
1144 7079
7040 7079
1867 7079
6862 7080
292 7080
2332 7080
5240 7080
3132 7080
2099 7080
7606 7080
6391 7080
3143 7080
438 7080
6429 7080
7479 7080
5419 7080
2594 7080
2680 7081
4990 7081
337 7081
4464 7081
2922 7081
1574 7081
1568 7081
1463 7081
837 7081
2217 7081
6697 7081
1084 7081
3633 7081
4104 7081
5730 7081
7296 7081
2318 7081
5184 7081
3008 7082
5215 7082
7311 7082
993 7082
1026 7082
3378 7082
7508 7082
5409 7082
1280 7082
5742 7082
6727 7082
827 7082
3293 7082
5946 7082
5630 7082
6759 7082
7517 7082
2421 7083
763 7083
3168 7083
6753 7083
4893 7083
1186 7083
8206 7083
6008 7083
3483 7083
6487 7083
672 7083
1725 7083
6730 7083
2966 7083
2263 7083
2701 7083
3895 7083
6814 7083
5215 7084
405 7084
5255 7084
7705 7084
3071 7084
6019 7084
253 7084
4646 7084
4919 7084
4460 7084
1100 7084
7544 7084
1000 7084
7687 7084
5528 7084
4333 7084
3929 7085
7050 7085
2694 7085
4879 7085
7263 7085
3798 7085
1828 7085
285 7085
6659 7085
3275 7085
7845 7086
2138 7086
6073 7086
3048 7086
4209 7086
1261 7086
1641 7086
933 7086
2812 7086
5815 7086
5429 7086
5322 7086
7565 7086
4661 7086
501 7086
3781 7086
738 7086
6970 7087
2894 7087
2567 7087
3603 7087
853 7087
8095 7087
4529 7087
197 7087
1553 7087
6308 7087
1391 7087
3780 7087
1400 7087
8015 7087
275 7087
5149 7087
8075 7087
2953 7088
1672 7088
4372 7088
1964 7088
89 7088
1218 7088
2642 7088
4250 7088
3294 7088
5348 7088
7597 7088
34 7088
6220 7088
5672 7089
5582 7089
5100 7089
7997 7089
1200 7089
6274 7089
5433 7089
750 7089
7 7089
7756 7089
2723 7089
1994 7089
3871 7089
7132 7089
5640 7089
253 7090
4701 7090
1275 7090
3985 7090
4257 7090
1778 7090
3721 7090
8142 7090
5336 7090
7898 7090
4121 7090
1965 7090
5296 7090
269 7090
5925 7090
5163 7090
2732 7091
4348 7091
3834 7091
7285 7091
23 7091
7843 7091
6688 7091
4701 7091
3851 7091
8150 7091
1802 7091
8266 7092
5207 7092
5799 7092
7252 7092
3470 7092
7436 7092
5386 7092
7386 7092
3770 7092
7556 7092
1522 7092
2443 7093
2691 7093
885 7093
3026 7093
6630 7093
3254 7093
579 7093
3855 7093
2865 7093
4358 7093
1641 7093
6594 7094
2397 7094
4257 7094
457 7094
5465 7094
3137 7094
1835 7094
4266 7094
2812 7094
731 7094
2951 7094
1974 7094
7107 7095
6574 7095
3154 7095
7774 7095
4316 7095
1631 7095
5281 7095
5696 7095
23 7095
2479 7095
6598 7095
4329 7095
6065 7095
30 7095
8290 7095
6759 7095
5089 7095
3892 7096
2392 7096
6646 7096
6691 7096
980 7096
4822 7096
6239 7096
5592 7096
6940 7096
3585 7096
7674 7096
4225 7096
5031 7096
1792 7097
4538 7097
6098 7097
5332 7097
2904 7097
4464 7097
7613 7097
5861 7097
6021 7097
7551 7097
5415 7097
4052 7097
2882 7097
4042 7097
6842 7098
4825 7098
1509 7098
1815 7098
1767 7098
6881 7098
603 7098
6053 7098
3352 7098
6932 7098
764 7099
1574 7099
6531 7099
1991 7099
4672 7099
6753 7099
5560 7099
4668 7099
5470 7099
1193 7099
4916 7099
6336 7099
7100 7100
5866 7100
1730 7100
1227 7100
6264 7100
5758 7100
409 7100
4809 7100
6079 7100
3581 7100
2585 7100
6004 7100
3972 7100
8296 7100
4329 7100
1806 7100
5984 7100
7554 7100
7744 7100
7590 7101
3193 7101
680 7101
3684 7101
2508 7101
5363 7101
4804 7101
640 7101
3302 7101
6965 7101
4405 7101
8265 7101
3104 7101
6015 7101
1704 7101
2556 7101
7534 7101
2467 7101
6056 7101
6487 7102
6350 7102
6676 7102
205 7102
7102 7102
2082 7102
5824 7102
2527 7102
3212 7102
57 7102
6407 7102
4086 7102
882 7102
2554 7102
3808 7102
992 7102
1189 7102
2994 7102
7364 7102
1720 7102
2683 7102
7738 7102
4061 7102
2836 7102
2198 7102
4379 7102
5512 7102
1881 7102
6033 7103
6241 7103
1631 7103
3929 7103
8115 7103
6706 7103
1080 7103
3310 7103
5976 7103
6004 7103
5495 7103
4129 7103
5031 7104
623 7104
6547 7104
8162 7104
125 7104
3697 7104
4496 7104
5286 7104
7271 7104
4611 7104
6258 7104
650 7105
6073 7105
6679 7105
3658 7105
1664 7105
5398 7105
8296 7105
7990 7105
6309 7105
450 7105
2122 7105
5597 7105
3153 7105
5818 7105
1990 7106
3247 7106
8033 7106
790 7106
1232 7106
2384 7106
4071 7106
4104 7106
5165 7106
2273 7106
6460 7106
7018 7106
6564 7106
5766 7106
3293 7106
7668 7106
3912 7106
