8282 7106
579 7106
5562 7106
4836 7106
5348 7107
311 7107
2017 7107
7940 7107
6353 7107
5360 7107
6861 7107
2016 7107
126 7107
3089 7107
5822 7107
11 7107
6049 7107
474 7107
3409 7108
5610 7108
6974 7108
5472 7108
4253 7108
4989 7108
1849 7108
2004 7108
2375 7108
6985 7108
6891 7108
3832 7108
2200 7108
6856 7108
4165 7109
8054 7109
3047 7109
7547 7109
2180 7109
4949 7109
1897 7109
4746 7109
2033 7109
1357 7109
2265 7109
1820 7109
2937 7109
5779 7109
352 7109
1313 7110
384 7110
6739 7110
3914 7110
717 7110
4092 7110
3627 7110
6879 7110
2316 7110
2070 7110
8142 7110
1672 7110
5491 7110
7111 7111
3029 7111
6221 7111
7506 7111
7866 7111
777 7111
3070 7111
1220 7111
6936 7111
3819 7111
2847 7111
5896 7111
5390 7111
8134 7111
7097 7111
7182 7112
5439 7112
7112 7112
8053 7112
194 7112
6003 7112
969 7112
4726 7112
7783 7112
3873 7112
803 7112
4247 7112
949 7112
6552 7112
794 7112
6912 7112
8255 7112
799 7112
7959 7112
5950 7112
2172 7113
6931 7113
5562 7113
1477 7113
5429 7113
8289 7113
1927 7113
4416 7113
5432 7113
6273 7113
3651 7113
4006 7113
6913 7113
7937 7113
7782 7113
683 7114
4558 7114
7211 7114
2099 7114
7343 7114
1931 7114
7379 7114
7036 7114
3089 7114
3515 7114
3616 7114
3432 7114
8024 7114
2570 7114
1055 7114
1489 7114
104 7114
7742 7114
466 7114
1652 7115
1746 7115
1896 7115
6361 7115
727 7115
5861 7115
4189 7115
3281 7115
5078 7115
182 7115
168 7115
1038 7116
6326 7116
4244 7116
485 7116
1040 7116
6085 7116
7646 7116
1635 7116
1238 7116
5697 7116
8008 7117
829 7117
5172 7117
5028 7117
5012 7117
2474 7117
585 7117
3015 7117
5938 7117
2043 7117
2572 7117
1493 7117
75 7117
6888 7117
7862 7118
1136 7118
4467 7118
5720 7118
6890 7118
2691 7118
4556 7118
2852 7118
5990 7118
835 7118
2253 7118
3939 7118
3560 7118
3102 7118
3867 7118
8183 7118
6268 7118
5710 7118
8160 7119
6601 7119
2310 7119
5697 7119
1713 7119
6284 7119
3760 7119
2395 7119
2183 7119
7687 7119
2344 7119
7084 7119
2200 7119
4144 7119
4061 7119
5695 7119
1794 7120
5844 7120
1129 7120
393 7120
5005 7120
3857 7120
3768 7120
623 7120
5405 7120
3375 7120
4899 7120
6641 7120
5341 7120
8161 7120
950 7120
3756 7121
6676 7121
5076 7121
5314 7121
5334 7121
2512 7121
6555 7121
2439 7121
3838 7121
4352 7121
3727 7121
3130 7121
5526 7121
1477 7121
4506 7121
5240 7121
4375 7121
4329 7121
7113 7121
8132 7121
92 7121
2879 7122
6118 7122
5932 7122
5236 7122
749 7122
1232 7122
457 7122
7889 7122
1175 7122
5186 7122
4663 7122
4718 7122
7138 7122
5214 7122
5322 7122
552 7122
7396 7122
3879 7122
7745 7122
1820 7123
1159 7123
4253 7123
8210 7123
34 7123
6334 7123
8090 7123
310 7123
69 7123
4941 7123
5430 7123
2108 7123
1895 7123
6288 7123
6712 7123
2285 7123
7431 7124
4363 7124
8008 7124
6336 7124
3192 7124
7809 7124
7847 7124
4409 7124
1668 7124
8229 7124
2281 7124
3729 7124
5552 7124
804 7125
474 7125
4632 7125
1790 7125
6383 7125
1730 7125
4257 7125
4755 7125
6574 7125
2626 7125
3819 7125
3140 7125
5834 7125
5300 7125
3975 7125
1860 7125
1802 7125
6998 7125
2693 7125
8005 7125
2665 7125
2488 7126
4569 7126
3995 7126
1567 7126
4311 7126
2582 7126
6706 7126
5261 7126
507 7126
3574 7126
8028 7126
2862 7126
4734 7126
6884 7126
2302 7126
6087 7126
3193 7126
5036 7126
763 7126
7866 7126
3808 7127
1435 7127
5772 7127
2441 7127
7928 7127
7347 7127
2039 7127
2658 7127
4576 7127
2780 7127
5733 7127
2269 7127
5387 7127
4732 7127
2280 7128
7258 7128
2239 7128
1661 7128
2013 7128
7590 7128
1132 7128
1786 7128
5772 7128
1787 7128
2018 7128
771 7128
1572 7128
6522 7128
2321 7129
6545 7129
7726 7129
126 7129
2723 7129
6629 7129
1756 7129
3850 7129
5322 7129
1989 7129
1124 7129
880 7129
6150 7129
2067 7129
5955 7129
149 7129
3055 7130
5805 7130
1264 7130
5352 7130
1861 7130
2728 7130
1104 7130
7771 7130
1668 7130
2831 7130
1162 7130
3327 7130
3868 7130
7772 7130
7981 7130
6132 7130
4137 7130
4173 7130
3778 7130
7213 7130
6276 7130
6946 7130
1248 7131
782 7131
264 7131
4019 7131
3616 7131
5561 7131
5501 7131
6225 7131
2499 7131
7880 7131
8193 7131
6355 7131
5252 7131
5267 7131
4973 7131
1392 7132
5065 7132
2855 7132
343 7132
6416 7132
6327 7132
420 7132
2986 7132
2956 7132
7225 7132
3949 7132
4030 7133
8176 7133
2837 7133
5697 7133
7865 7133
4070 7133
100 7133
7559 7133
3292 7133
4180 7133
686 7133
7277 7133
4093 7133
2899 7133
7134 7134
6761 7134
5165 7134
4356 7134
568 7134
6658 7134
7263 7134
1027 7134
784 7134
7492 7134
4026 7134
1680 7134
7932 7134
1156 7134
7488 7134
3707 7134
4617 7134
6867 7135
2811 7135
4022 7135
5038 7135
6949 7135
349 7135
2998 7135
4636 7135
7473 7135
6238 7135
2001 7135
2247 7135
3143 7135
749 7135
6246 7135
823 7135
2638 7135
6204 7136
6739 7136
6333 7136
2580 7136
8115 7136
5825 7136
2951 7136
25 7136
532 7136
8197 7136
1869 7136
4110 7136
4336 7136
4631 7136
7515 7136
151 7137
5545 7137
7674 7137
3478 7137
3367 7137
145 7137
378 7137
5583 7137
268 7137
6778 7137
5779 7137
3607 7137
594 7137
3472 7137
7038 7137
7307 7137
7525 7137
2811 7137
1207 7137
6970 7138
5021 7138
8115 7138
8073 7138
6309 7138
4669 7138
5255 7138
5686 7138
4622 7138
2507 7138
3909 7138
6865 7138
6867 7138
5272 7138
7427 7138
63 7138
7528 7138
2600 7139
2012 7139
5766 7139
5919 7139
1311 7139
4647 7139
275 7139
319 7139
6953 7139
7071 7139
1956 7139
3045 7139
6412 7139
2592 7139
566 7139
4973 7139
7638 7139
1823 7139
4316 7139
2895 7139
2456 7139
2139 7139
7140 7140
2957 7140
4673 7140
2346 7140
4060 7140
2759 7140
1790 7140
1932 7140
6554 7140
5624 7140
6856 7140
5658 7140
1407 7140
2836 7140
7781 7140
4699 7140
712 7140
2978 7140
4335 7140
7448 7140
4694 7141
5506 7141
3320 7141
5767 7141
511 7141
6007 7141
5143 7141
34 7141
118 7141
5300 7141
8002 7141
6895 7141
7533 7141
2650 7141
2349 7141
6737 7142
6779 7142
3492 7142
8006 7142
8090 7142
3602 7142
4994 7142
357 7142
5748 7142
4926 7142
2950 7142
2294 7142
2163 7142
76 7143
887 7143
2577 7143
2300 7143
4941 7143
7438 7143
6748 7143
5832 7143
8171 7143
4729 7143
6937 7143
5940 7143
3796 7143
2115 7143
159 7143
764 7143
4355 7143
782 7143
3339 7143
5854 7143
5878 7143
633 7143
5684 7144
247 7144
5644 7144
7818 7144
3679 7144
3190 7144
5834 7144
1206 7144
4233 7144
6970 7144
7274 7144
295 7144
7873 7144
7320 7144
364 7144
6658 7144
6073 7144
5102 7145
2349 7145
5161 7145
4061 7145
6457 7145
2925 7145
3295 7145
3261 7145
2299 7145
1892 7145
1051 7145
1366 7145
1190 7145
2301 7145
5644 7146
6861 7146
7378 7146
7709 7146
2271 7146
6428 7146
671 7146
6840 7146
6577 7146
5814 7146
7792 7146
6207 7146
8009 7146
3548 7146
1373 7146
5345 7146
6573 7146
7965 7146
6497 7146
2448 7146
3843 7146
4740 7147
3419 7147
2472 7147
4459 7147
5438 7147
4660 7147
3413 7147
2937 7147
3120 7147
7475 7147
2758 7147
3885 7147
1352 7147
7059 7147
7078 7147
1063 7147
5163 7147
1494 7147
4741 7147
5152 7148
8072 7148
3788 7148
529 7148
2178 7148
2822 7148
4490 7148
6238 7148
5410 7148
5687 7148
228 7148
3845 7148
1088 7148
7614 7148
8229 7148
2738 7149
122 7149
7552 7149
5967 7149
5078 7149
6447 7149
4550 7149
3517 7149
5250 7149
4622 7149
7521 7149
7733 7149
3946 7149
1897 7149
4565 7149
7520 7149
4996 7149
1676 7149
4903 7149
6685 7149
5466 7149
1056 7150
714 7150
680 7150
1392 7150
1367 7150
4518 7150
5386 7150
3032 7150
2153 7150
1665 7150
4501 7151
462 7151
7559 7151
5265 7151
5615 7151
3012 7151
5941 7151
1538 7151
8157 7151
3046 7151
2696 7151
5959 7151
6845 7151
3883 7151
120 7151
7291 7151
5770 7151
8208 7151
1435 7151
2172 7152
5003 7152
5819 7152
4841 7152
2162 7152
7698 7152
7246 7152
675 7152
3277 7152
6344 7152
4311 7152
7827 7152
3031 7152
5121 7152
6108 7152
1728 7152
533 7152
4368 7152
5308 7153
3872 7153
5943 7153
1723 7153
3047 7153
869 7153
5590 7153
601 7153
8258 7153
231 7153
1500 7153
6260 7153
1529 7153
2867 7153
2604 7153
5566 7153
508 7154
500 7154
7933 7154
5120 7154
1585 7154
1915 7154
4821 7154
5289 7154
639 7154
2998 7154
1822 7154
3659 7154
4532 7154
1130 7154
3814 7154
7149 7155
2061 7155
3312 7155
4105 7155
7972 7155
7215 7155
763 7155
2754 7155
6403 7156
4863 7156
7833 7156
5143 7156
3692 7156
5959 7156
792 7156
4926 7156
1290 7156
4435 7156
5293 7156
1443 7156
7624 7156
1001 7156
621 7156
1007 7156
4294 7156
2084 7156
4196 7156
1097 7157
5587 7157
3988 7157
7565 7157
888 7157
6330 7157
7543 7157
2169 7157
6000 7157
4433 7157
3554 7157
3293 7157
1054 7157
6588 7157
4776 7157
543 7157
8017 7158
1169 7158
4572 7158
5955 7158
7498 7158
2168 7158
516 7158
5861 7158
3424 7158
3386 7158
3252 7158
5289 7158
4689 7158
2836 7158
7382 7158
4568 7158
4137 7158
7269 7158
6 7158
2543 7159
7882 7159
2328 7159
4180 7159
5890 7159
123 7159
7183 7159
2998 7159
4515 7159
2342 7159
3228 7159
4155 7159
7252 7159
5010 7159
8258 7159
4647 7160
2788 7160
337 7160
3796 7160
318 7160
2792 7160
439 7160
762 7160
293 7160
3708 7160
8103 7160
7412 7160
2808 7160
6136 7160
1060 7160
7186 7160
1774 7160
522 7160
6404 7161
1475 7161
4137 7161
2945 7161
4743 7161
4506 7161
5450 7161
3522 7161
4488 7161
6555 7161
6163 7161
1341 7161
2474 7161
7162 7162
5897 7162
3573 7162
1128 7162
6738 7162
7307 7162
1632 7162
5899 7162
6616 7162
1964 7162
620 7162
7680 7162
742 7162
1712 7162
561 7163
2174 7163
2230 7163
8107 7163
4762 7163
1209 7163
6720 7163
7170 7163
5050 7163
3990 7163
2633 7163
2018 7163
7122 7163
4805 7163
2075 7163
5667 7163
6025 7163
1360 7163
7028 7164
1234 7164
6706 7164
4591 7164
2261 7164
650 7164
5282 7164
269 7164
2178 7164
5574 7164
5973 7164
4355 7164
3244 7164
7622 7164
1313 7164
2941 7164
2811 7164
5566 7164
5414 7164
7405 7164
7165 7165
6740 7165
1774 7165
4916 7165
4909 7165
1994 7165
137 7165
7974 7165
5719 7165
4706 7165
1917 7165
7310 7165
6835 7165
4658 7165
6753 7165
3056 7165
8297 7165
5131 7165
404 7165
1520 7165
7551 7166
5518 7166
5062 7166
5872 7166
1648 7166
3031 7166
1521 7166
4586 7166
2628 7166
5982 7166
3096 7166
455 7166
5682 7167
6288 7167
7808 7167
2692 7167
5400 7167
1752 7167
3933 7167
5443 7167
8106 7167
2643 7167
2105 7167
5632 7167
3972 7167
4664 7167
4640 7167
8072 7168
5110 7168
4965 7168
1472 7168
1676 7168
785 7168
4282 7168
7648 7168
1567 7168
6234 7168
4188 7168
5544 7168
3832 7168
5702 7168
1177 7168
6578 7168
1269 7168
3534 7169
5333 7169
3867 7169
2175 7169
5652 7169
3088 7169
4017 7169
3783 7169
4083 7169
5777 7169
2414 7169
5951 7169
7110 7169
292 7169
57 7169
4778 7170
6520 7170
1337 7170
2216 7170
2318 7170
3939 7170
7205 7170
5480 7170
2672 7170
7628 7170
6547 7170
540 7170
4572 7170
1400 7170
4120 7170
2966 7170
814 7170
1626 7170
2237 7170
1808 7170
3729 7170
5511 7170
1635 7171
5430 7171
3599 7171
115 7171
7874 7171
3781 7171
8150 7171
6690 7171
2355 7171
7705 7171
3843 7171
8258 7171
5721 7171
585 7171
7837 7171
3379 7172
6463 7172
4839 7172
3933 7172
3073 7172
6547 7172
3637 7172
7878 7172
1493 7172
7461 7172
5785 7172
3615 7172
2005 7172
7910 7172
2579 7172
5265 7172
6307 7172
7576 7172
1340 7172
6825 7172
4551 7172
5174 7173
690 7173
4753 7173
6650 7173
3667 7173
4655 7173
6332 7173
5882 7173
6369 7173
5880 7173
2524 7173
3324 7173
97 7173
486 7173
2393 7173
5896 7173
1116 7173
3380 7173
5514 7173
1125 7173
3649 7173
2366 7174
2485 7174
5404 7174
8033 7174
2680 7174
1645 7174
1949 7174
6819 7174
2770 7174
7605 7174
764 7174
7582 7174
4012 7174
3992 7174
4523 7174
3331 7174
3466 7174
1200 7174
8197 7174
5462 7174
3435 7175
8190 7175
3630 7175
6063 7175
54 7175
2229 7175
5032 7175
1289 7175
2619 7175
7070 7175
7383 7175
671 7175
7794 7175
5663 7175
6493 7175
4005 7176
4156 7176
7319 7176
4174 7176
2127 7176
148 7176
1523 7176
1712 7176
1212 7176
4977 7176
4242 7176
3058 7176
5419 7176
4084 7176
5585 7176
1963 7176
1425 7176
3729 7176
6026 7176
7543 7177
1327 7177
3599 7177
3331 7177
3037 7177
8262 7177
3759 7177
6209 7177
3128 7177
6343 7177
8238 7177
8294 7177
5026 7177
896 7177
3758 7178
7815 7178
1151 7178
469 7178
960 7178
228 7178
7352 7178
3483 7178
6480 7178
4968 7178
6676 7178
915 7178
2680 7178
6383 7179
3309 7179
4112 7179
5207 7179
7097 7179
4525 7179
1254 7179
4843 7179
2327 7179
1079 7179
687 7179
3170 7179
6459 7179
3250 7179
7205 7179
5005 7179
2137 7179
152 7179
5955 7180
2874 7180
2502 7180
5590 7180
3405 7180
6970 7180
1532 7180
5773 7180
7373 7180
7085 7180
6598 7180
4213 7180
5735 7180
2803 7180
807 7180
7787 7180
1615 7181
2744 7181
1678 7181
7498 7181
934 7181
3386 7181
6327 7181
7540 7181
3604 7181
5597 7181
5803 7181
5811 7181
7011 7181
956 7181
1307 7181
7130 7182
7186 7182
6272 7182
5021 7182
2549 7182
7967 7182
7164 7182
1458 7182
6426 7182
1035 7182
5650 7182
4042 7182
7983 7182
771 7182
4465 7182
1201 7182
7969 7182
5248 7182
6350 7182
6453 7183
5892 7183
3367 7183
1356 7183
6711 7183
4890 7183
5166 7183
5140 7183
6729 7183
6145 7183
291 7183
315 7183
6168 7183
5721 7183
3882 7183
5561 7183
1534 7183
4738 7183
723 7183
2777 7184
18 7184
7064 7184
216 7184
7475 7184
797 7184
4252 7184
7973 7184
982 7184
825 7184
6331 7184
3168 7184
7310 7184
7534 7184
8133 7184
8174 7184
6360 7184
7777 7185
3036 7185
2652 7185
1882 7185
3136 7185
6849 7185
7452 7185
5155 7185
3468 7185
2260 7185
4482 7185
667 7185
7133 7185
2195 7185
644 7185
358 7185
7732 7185
1481 7185
308 7185
5222 7185
4313 7186
6261 7186
2375 7186
6375 7186
3756 7186
4609 7186
6485 7186
5473 7186
883 7186
5245 7186
5751 7186
960 7186
1973 7186
4131 7186
4160 7186
3151 7186
6796 7186
7426 7186
7863 7187
8270 7187
6964 7187
4004 7187
2811 7187
563 7187
2274 7187
7982 7187
6255 7187
5387 7187
7822 7187
2434 7187
2704 7187
5017 7187
6850 7187
5882 7187
4665 7187
7539 7187
2830 7187
3101 7187
3754 7187
5980 7187
315 7187
1405 7188
4783 7188
5986 7188
1886 7188
1263 7188
738 7188
7632 7188
6863 7188
5812 7188
3968 7188
4843 7188
1708 7188
3038 7188
7103 7188
995 7188
2638 7188
742 7188
1650 7188
4561 7189
7120 7189
4596 7189
834 7189
5100 7189
6067 7189
7835 7189
7571 7190
2054 7190
1118 7190
2267 7190
1746 7190
2760 7190
4509 7190
1080 7190
4933 7190
2592 7190
7164 7190
1680 7190
3604 7190
7263 7190
2443 7190
1808 7190
1784 7190
355 7190
750 7191
3351 7191
3193 7191
2071 7191
6863 7191
5386 7191
663 7191
6188 7191
5940 7191
4811 7191
33 7191
2133 7191
799 7192
3853 7192
1844 7192
1859 7192
1732 7192
4582 7192
863 7192
3292 7192
5527 7192
1959 7192
2150 7192
2849 7192
6891 7192
2966 7192
2392 7192
7113 7192
4456 7192
2043 7192
344 7192
305 7192
3048 7193
4682 7193
7214 7193
1970 7193
7965 7193
8220 7193
6687 7193
8088 7193
136 7193
3791 7193
5097 7193
7219 7193
7894 7193
7270 7193
6740 7193
2636 7193
1432 7193
3695 7193
154 7193
2450 7193
5214 7194
1106 7194
4907 7194
5523 7194
3905 7194
1728 7194
6467 7194
1216 7194
3964 7194
7011 7194
6931 7194
2370 7194
4773 7195
2807 7195
3907 7195
904 7195
2282 7195
8279 7195
5271 7195
1625 7195
8048 7195
1020 7195
4039 7195
3813 7195
3083 7195
8107 7195
1783 7195
734 7195
2858 7196
3906 7196
3872 7196
7637 7196
4830 7196
2306 7196
5549 7196
2576 7196
3408 7196
4472 7196
5533 7196
5463 7196
7341 7196
7505 7196
6910 7196
5303 7196
1369 7196
7811 7196
1407 7196
5785 7196
4123 7196
4724 7196
460 7197
7329 7197
7389 7197
5274 7197
1467 7197
5912 7197
5145 7197
1684 7197
731 7197
6567 7197
531 7198
6574 7198
148 7198
2704 7198
1674 7198
1109 7198
3704 7198
1000 7198
5530 7198
2925 7198
2527 7198
4879 7198
592 7198
444 7198
6360 7198
3728 7198
681 7198
1374 7198
5314 7198
4609 7198
4014 7198
1494 7198
740 7199
8129 7199
2456 7199
1610 7199
920 7199
937 7199
6945 7199
2867 7199
6891 7199
6344 7199
5210 7199
347 7199
2499 7199
3735 7199
3454 7200
6080 7200
3478 7200
5078 7200
4079 7200
6756 7200
3492 7200
329 7200
6277 7200
3908 7200
1163 7200
3834 7200
5209 7200
5212 7200
2253 7200
729 7200
5685 7200
750 7201
6206 7201
4311 7201
4540 7201
1790 7201
11 7201
1821 7201
7260 7201
3451 7201
2698 7201
1742 7201
160 7201
1145 7201
8240 7201
2268 7201
2214 7202
4139 7202
3498 7202
272 7202
274 7202
3391 7202
5379 7202
2280 7202
5959 7202
3596 7202
3485 7202
7311 7202
1189 7202
802 7202
5415 7202
8284 7202
3062 7203
8265 7203
1185 7203
8129 7203
1489 7203
5761 7203
1936 7203
1725 7203
645 7203
7203 7203
6425 7203
6669 7203
7991 7203
3861 7203
7596 7203
1182 7203
7951 7203
5329 7203
2488 7203
306 7203
8238 7203
2518 7204
1109 7204
7840 7204
5391 7204
7132 7204
5309 7204
4780 7204
3354 7204
4397 7204
2306 7204
5394 7204
582 7204
5016 7204
5221 7204
3159 7204
8279 7205
292 7205
1501 7205
6145 7205
2712 7205
1815 7205
4615 7205
247 7205
6662 7205
7243 7205
5545 7205
4553 7205
186 7205
5246 7205
5681 7205
3366 7205
4545 7205
2279 7205
8154 7205
3747 7205
1635 7205
2574 7205
6331 7206
4651 7206
5818 7206
358 7206
5789 7206
4105 7206
4360 7206
7192 7206
2254 7206
8108 7206
501 7206
2148 7206
2780 7206
6563 7206
7033 7206
1571 7206
5690 7206
5735 7206
4658 7207
6850 7207
5992 7207
8129 7207
6284 7207
5740 7207
2605 7207
7647 7207
5068 7207
2762 7207
3847 7207
4040 7207
8081 7207
7322 7207
3739 7207
7831 7207
2206 7208
7021 7208
7159 7208
190 7208
6146 7208
6858 7208
3169 7208
3867 7208
1744 7208
4525 7208
3927 7208
8192 7208
1885 7208
1794 7208
2645 7208
8028 7208
399 7208
7143 7208
5967 7209
7307 7209
6720 7209
2833 7209
5636 7209
5619 7209
4137 7209
4515 7209
5266 7209
2600 7209
4673 7209
519 7209
340 7209
1096 7209
2915 7209
4875 7209
1600 7209
2004 7209
5183 7209
2451 7209
7115 7210
1045 7210
3306 7210
33 7210
5927 7210
8239 7210
8087 7210
5534 7210
7638 7210
2301 7210
4433 7210
395 7210
7833 7210
7718 7210
3222 7210
6841 7210
3696 7210
5666 7211
4204 7211
6828 7211
4531 7211
1511 7211
2872 7211
2420 7211
3742 7211
4811 7211
137 7211
4741 7211
3783 7211
1861 7211
5061 7211
267 7211
4548 7211
2862 7211
825 7211
2584 7211
5702 7212
3791 7212
4091 7212
4897 7212
1209 7212
7 7212
4770 7212
2170 7212
4372 7212
5049 7212
2409 7212
7598 7212
153 7212
531 7212
7224 7212
6520 7212
1339 7213
4036 7213
2475 7213
1054 7213
811 7213
6757 7213
3184 7213
3644 7213
4236 7213
8177 7213
6424 7213
2365 7213
8116 7213
5478 7213
6454 7213
4631 7213
118 7214
5750 7214
3413 7214
3263 7214
4060 7214
1625 7214
6647 7214
8290 7214
1668 7214
3523 7214
6320 7214
5399 7214
340 7214
5306 7214
2122 7214
6473 7215
1144 7215
7525 7215
2294 7215
3458 7215
2652 7215
4793 7215
5775 7215
4724 7215
3414 7215
6550 7215
7229 7215
4625 7215
6335 7215
6524 7215
2089 7215
3095 7216
4794 7216
4454 7216
7217 7216
8102 7216
2429 7216
2742 7216
7074 7216
7889 7216
5551 7216
1632 7216
6054 7216
4979 7216
3823 7216
4769 7216
6255 7216
3031 7216
3833 7216
78 7216
1676 7216
1901 7216
3930 7217
7850 7217
8258 7217
6529 7217
6853 7217
2903 7217
4958 7217
7435 7217
4769 7217
1297 7217
7807 7217
6101 7217
6309 7217
7999 7217
1162 7217
1892 7217
6353 7217
7218 7218
3329 7218
7535 7218
5118 7218
449 7218
1877 7218
5545 7218
6722 7218
764 7218
7697 7218
4097 7218
470 7218
2225 7219
1903 7219
2084 7219
1401 7219
6186 7219
4590 7219
8293 7219
2867 7219
4788 7219
4505 7219
3209 7219
1364 7219
5390 7220
6424 7220
3772 7220
4812 7220
3581 7220
1227 7220
4382 7220
5420 7220
348 7220
1382 7220
3888 7220
5372 7220
3069 7220
7167 7220
4883 7220
2852 7221
486 7221
1388 7221
8116 7221
1760 7221
5787 7221
6661 7221
553 7221
1443 7221
6809 7221
89 7221
5263 7221
3196 7221
3464 7221
7229 7221
4542 7221
5245 7221
2406 7221
3240 7222
1710 7222
3607 7222
7264 7222
6633 7222
7009 7222
5327 7222
8036 7222
6106 7222
650 7222
424 7222
7223 7223
3496 7223
7904 7223
632 7223
5499 7223
1201 7223
6173 7223
1231 7223
6661 7223
6451 7223
4127 7223
6954 7223
6833 7223
5450 7223
4889 7223
6985 7223
3772 7223
4072 7223
5470 7223
5387 7223
1843 7223
6803 7223
8077 7223
1923 7223
1861 7223
3834 7224
5632 7224
201 7224
4956 7224
1063 7224
1839 7224
5315 7224
6688 7224
140 7224
7311 7224
488 7225
3567 7225
634 7225
5446 7225
1045 7225
3783 7225
1235 7225
7974 7225
8045 7225
2777 7225
3128 7225
7480 7225
212 7225
1842 7225
2062 7226
1058 7226
7607 7226
3732 7226
5787 7226
5073 7226
5730 7226
4670 7226
7670 7226
7794 7226
4532 7226
7693 7226
174 7226
1265 7226
1148 7227
6249 7227
5843 7227
7516 7227
6361 7227
4708 7227
6434 7227
3156 7227
