4667 7227
7737 7227
3379 7227
4308 7227
4858 7227
3908 7227
2135 7228
1336 7228
4269 7228
4225 7228
4242 7228
7622 7228
2643 7228
7727 7228
2384 7228
2380 7228
6611 7228
7762 7228
4314 7228
7274 7228
7343 7228
279 7228
6801 7228
7996 7228
6008 7228
4593 7228
4338 7228
2399 7228
6825 7228
27 7229
6794 7229
1719 7229
5327 7229
6976 7229
190 7229
486 7229
3958 7229
130 7229
2474 7229
95 7229
6656 7229
494 7230
16 7230
6206 7230
733 7230
3780 7230
1101 7230
3797 7230
5134 7230
4648 7230
1412 7230
5835 7230
1713 7230
663 7230
4882 7230
2393 7230
2898 7231
3607 7231
5990 7231
4428 7231
1142 7231
789 7231
1870 7231
5213 7231
4701 7231
2775 7231
3496 7231
8044 7231
6275 7231
63 7231
5989 7231
7232 7232
2832 7232
3059 7232
5502 7232
3365 7232
7018 7232
4140 7232
1715 7232
7709 7232
7638 7232
240 7232
5767 7232
2164 7232
5778 7232
735 7232
2201 7232
7259 7233
779 7233
2676 7233
2682 7233
486 7233
6146 7233
8107 7233
2152 7233
5554 7233
821 7233
6108 7233
2718 7233
6466 7233
5888 7233
3832 7233
6628 7233
8190 7233
4406 7234
5172 7234
7734 7234
4848 7234
5045 7234
3366 7234
5880 7234
6699 7234
2448 7234
1572 7234
7920 7234
2425 7234
1293 7234
7854 7234
497 7234
1974 7234
1218 7234
5222 7234
2472 7234
2513 7235
3917 7235
3807 7235
6741 7235
478 7235
4377 7235
664 7235
6597 7235
462 7235
6751 7235
347 7235
4568 7235
2344 7235
3438 7235
438 7235
2924 7235
5186 7236
824 7236
6658 7236
2719 7236
1823 7236
3935 7236
2769 7236
3777 7236
2397 7236
7906 7236
3264 7236
2278 7236
997 7236
4589 7236
4179 7236
7524 7236
7543 7236
1991 7236
6009 7236
4919 7236
7031 7236
315 7236
5326 7237
689 7237
2976 7237
7468 7237
633 7237
5910 7237
6744 7237
7033 7237
7552 7237
1365 7237
5516 7237
3222 7237
4035 7237
2153 7237
8204 7237
2924 7237
4763 7237
1200 7237
5888 7238
1435 7238
3038 7238
734 7238
839 7238
4826 7238
2547 7238
4267 7238
7618 7238
1353 7238
450 7238
104 7238
4594 7238
2822 7238
8150 7238
3851 7238
95 7238
5712 7238
5722 7239
7829 7239
1892 7239
2328 7239
2246 7239
5705 7239
4716 7239
2537 7239
1305 7239
5038 7239
5475 7239
3409 7239
7487 7239
3563 7239
7197 7239
5001 7239
1301 7240
4104 7240
5895 7240
4975 7240
3985 7240
7669 7240
6753 7240
6429 7240
8229 7240
6608 7240
6460 7240
1414 7240
3945 7240
5548 7240
4722 7240
6567 7240
5027 7240
2404 7240
3289 7240
4702 7241
2895 7241
6134 7241
1113 7241
6775 7241
7283 7241
1835 7241
3989 7241
3797 7241
3580 7241
6240 7241
4206 7241
2070 7241
6536 7241
3367 7241
5254 7242
2490 7242
4382 7242
2172 7242
5042 7242
6056 7242
2170 7242
4387 7242
7029 7242
4335 7242
7852 7242
6341 7242
3141 7242
921 7242
1865 7242
5450 7242
5852 7242
3072 7242
583 7243
4416 7243
4158 7243
7741 7243
4695 7243
5418 7243
4822 7243
499 7243
1194 7243
4247 7243
738 7243
2131 7243
6276 7243
3157 7243
5329 7243
88 7243
4126 7244
6376 7244
6946 7244
1007 7244
763 7244
7033 7244
1070 7244
853 7244
583 7244
3891 7244
6849 7244
8008 7244
5497 7244
7525 7244
6473 7244
7546 7244
3919 7244
4036 7245
2904 7245
3451 7245
7766 7245
7095 7245
6573 7245
1455 7245
5274 7245
5693 7245
3352 7245
1723 7245
3639 7245
4355 7245
137 7245
5527 7245
300 7245
3478 7245
2330 7245
1412 7245
552 7245
3743 7245
3034 7245
5358 7245
4189 7245
1594 7246
2173 7246
4603 7246
950 7246
4496 7246
6067 7246
783 7246
1185 7246
2324 7246
7447 7246
6520 7246
1183 7246
1970 7247
3027 7247
5465 7247
7429 7247
5982 7247
3552 7247
3280 7247
7233 7247
6744 7247
992 7247
4179 7247
4468 7247
97 7247
1723 7247
2225 7247
2252 7247
8177 7247
1854 7247
2237 7247
7765 7247
4696 7248
5447 7248
6578 7248
1134 7248
4965 7248
8193 7248
3829 7248
4008 7248
7428 7248
4714 7248
7199 7248
39 7248
4900 7248
1620 7248
6891 7248
1780 7248
1882 7249
6375 7249
2649 7249
1281 7249
5112 7249
619 7249
1285 7249
1078 7249
7364 7249
2811 7249
7033 7249
7120 7249
7650 7249
7892 7249
7741 7249
1641 7249
6449 7250
7940 7250
1750 7250
905 7250
7250 7250
4190 7250
4244 7250
5909 7250
2433 7250
1595 7250
5514 7250
7852 7250
765 7250
1534 7250
4035 7250
1475 7250
5151 7250
3933 7250
1834 7250
5012 7250
7456 7250
5931 7250
1820 7250
1250 7250
49 7251
5321 7251
1850 7251
7255 7251
4233 7251
44 7251
4234 7251
5466 7251
5569 7251
615 7251
2487 7251
5548 7252
3093 7252
6628 7252
2337 7252
8078 7252
6461 7252
5228 7252
1669 7252
6962 7252
5491 7252
4807 7252
221 7252
7291 7252
4825 7252
6416 7253
5854 7253
278 7253
8017 7253
8028 7253
2451 7253
4160 7253
765 7253
3745 7253
4292 7253
6675 7253
3543 7253
3357 7253
2580 7253
4965 7253
6677 7253
7334 7253
7342 7253
3419 7254
1036 7254
5347 7254
3322 7254
247 7254
6024 7254
1589 7254
841 7254
5423 7254
2043 7254
4701 7254
1829 7254
3635 7254
3165 7254
100 7254
105 7254
3577 7254
3742 7254
5663 7254
5469 7254
6625 7254
7180 7254
437 7255
16 7255
7413 7255
232 7255
4882 7255
6388 7255
671 7255
107 7255
2240 7255
4333 7255
3012 7255
6676 7255
3081 7255
4272 7255
6313 7255
5745 7255
2332 7256
3261 7256
6443 7256
6849 7256
2933 7256
5230 7256
3370 7256
1625 7256
990 7256
152 7256
4459 7256
1207 7256
6144 7256
5238 7256
4769 7256
6643 7256
3958 7256
7164 7256
290 7256
833 7256
7257 7257
7864 7257
1563 7257
5593 7257
7137 7257
1487 7257
7402 7257
2019 7257
594 7257
2267 7257
7856 7257
371 7257
2471 7257
4858 7257
5174 7257
4413 7257
600 7257
5033 7258
7398 7258
1306 7258
466 7258
4363 7258
6514 7258
465 7258
7265 7258
2732 7258
129 7258
3099 7258
4631 7258
6909 7258
8036 7258
8237 7258
254 7258
4704 7258
6101 7258
6066 7259
6501 7259
5154 7259
6574 7259
6961 7259
3659 7259
6628 7259
3176 7259
7734 7259
146 7259
1665 7259
3767 7259
3453 7259
5719 7259
6912 7259
7000 7259
1765 7259
6146 7259
1770 7259
525 7259
7328 7259
8006 7260
6797 7260
2422 7260
3406 7260
2373 7260
7389 7260
6659 7260
6191 7260
1665 7260
5453 7260
790 7260
1073 7260
5273 7260
5213 7260
4024 7261
6339 7261
888 7261
6710 7261
3357 7261
7082 7261
5701 7261
30 7261
6435 7261
4758 7261
5330 7261
275 7262
8008 7262
3612 7262
7974 7262
7056 7262
785 7262
5983 7262
7440 7262
7144 7262
5004 7262
7654 7262
6993 7262
7946 7262
2835 7262
3780 7262
2401 7262
6123 7262
1643 7262
7156 7262
7465 7262
418 7262
6483 7263
906 7263
369 7263
2354 7263
5274 7263
2830 7263
418 7263
3330 7263
1107 7263
6693 7263
6841 7263
7329 7263
1632 7263
5228 7263
1299 7263
2564 7263
532 7263
1959 7263
1783 7263
2919 7263
4102 7264
5518 7264
6966 7264
3048 7264
2619 7264
1645 7264
4748 7264
2641 7264
7516 7264
5804 7264
6780 7264
2327 7264
3519 7264
6862 7264
8 7264
8059 7264
2893 7264
4695 7265
1261 7265
2221 7265
5419 7265
2813 7265
7580 7265
3809 7265
1473 7265
5572 7265
6101 7265
5700 7265
4916 7265
6380 7265
3971 7266
7266 7266
2515 7266
133 7266
7397 7266
7772 7266
5390 7266
4863 7266
4144 7266
2898 7266
6756 7266
4282 7266
2518 7266
5991 7266
1035 7267
5141 7267
501 7267
1203 7267
7571 7267
3063 7267
1373 7267
897 7267
7892 7267
7169 7267
7977 7267
8251 7267
855 7267
4348 7267
2487 7267
5402 7267
965 7267
5120 7267
3122 7268
2267 7268
1691 7268
1869 7268
4855 7268
6168 7268
5174 7268
1342 7268
2618 7268
3083 7268
4776 7268
7347 7268
8154 7269
122 7269
6547 7269
4429 7269
7340 7269
5982 7269
1097 7269
2299 7269
3055 7269
864 7269
2067 7269
1113 7269
4808 7269
548 7269
5554 7269
7608 7270
683 7270
2650 7270
5228 7270
1040 7270
344 7270
4414 7270
7151 7270
6590 7270
4858 7270
5076 7270
3861 7270
1526 7270
2062 7270
4266 7270
1802 7271
5470 7271
2017 7271
3122 7271
3958 7271
1339 7271
8295 7271
4682 7271
1025 7271
19 7271
4170 7271
1552 7271
6669 7271
6341 7271
6363 7271
6778 7271
5780 7272
997 7272
6569 7272
326 7272
7272 7272
1104 7272
4054 7272
7038 7272
1420 7272
8132 7272
5684 7272
8230 7272
8124 7272
1298 7272
6720 7272
3003 7272
7341 7272
8294 7272
583 7272
1051 7273
911 7273
3324 7273
5647 7273
4578 7273
7197 7273
1683 7273
3732 7273
2280 7273
2345 7273
4392 7273
6810 7273
5598 7273
973 7273
919 7273
6029 7273
7593 7273
3605 7274
6712 7274
7936 7274
5082 7274
4518 7274
7457 7274
7681 7274
2806 7274
1547 7274
5397 7274
3988 7274
4802 7274
7227 7274
592 7274
7558 7274
5692 7274
1006 7275
2903 7275
3551 7275
4530 7275
3240 7275
3068 7275
5602 7275
859 7275
4968 7275
1458 7275
1963 7275
7780 7275
7259 7275
4425 7275
1338 7275
2549 7275
8086 7276
5126 7276
2540 7276
6901 7276
5695 7276
4271 7276
4929 7276
1578 7276
1429 7276
2554 7276
5941 7276
2283 7276
1442 7276
5326 7276
3883 7276
3837 7276
1652 7276
2221 7276
7427 7276
6827 7276
4494 7277
154 7277
1940 7277
6106 7277
156 7277
491 7277
6827 7277
697 7277
525 7277
294 7277
5564 7277
4061 7277
7180 7278
3159 7278
7492 7278
6513 7278
3083 7278
5523 7278
5650 7278
6825 7278
174 7278
7622 7278
5917 7278
1856 7278
5450 7278
5688 7278
2770 7278
1871 7278
416 7279
6601 7279
1708 7279
4853 7279
5182 7279
5231 7279
69 7279
6840 7279
3183 7279
7265 7279
213 7279
2917 7279
3870 7280
1999 7280
7424 7280
6079 7280
8157 7280
7789 7280
7494 7280
4327 7280
2009 7280
2967 7280
502 7280
5072 7280
733 7280
1529 7280
5266 7280
4241 7280
883 7280
2976 7280
6731 7280
2729 7280
6667 7280
290 7280
5185 7281
481 7281
3251 7281
5732 7281
1203 7281
4017 7281
5986 7281
4766 7281
3975 7281
3637 7281
474 7281
4245 7282
2547 7282
4950 7282
7090 7282
5419 7282
2240 7282
3105 7282
7014 7282
2490 7282
1342 7282
2377 7282
2580 7282
6008 7282
3465 7282
3638 7283
4653 7283
2439 7283
7143 7283
323 7283
4395 7283
231 7283
331 7283
1698 7283
4193 7283
5748 7283
992 7283
4467 7283
5951 7283
2565 7283
7553 7284
1020 7284
7516 7284
965 7284
2033 7284
1362 7284
4516 7284
5265 7284
7561 7284
2810 7284
2967 7284
4546 7284
6523 7284
107 7284
2950 7284
2384 7284
5004 7284
7942 7284
7144 7285
4362 7285
4726 7285
2303 7285
7418 7285
5964 7285
2861 7285
1749 7285
7674 7285
3547 7285
3595 7285
1414 7285
4627 7285
1025 7285
1526 7285
5078 7285
5423 7285
2706 7285
5605 7285
2625 7286
6686 7286
1820 7286
650 7286
287 7286
3008 7286
1401 7286
1122 7286
2579 7286
3371 7286
3346 7286
4444 7286
7940 7286
6597 7286
2733 7286
1726 7286
4660 7286
5168 7287
1304 7287
4265 7287
30 7287
5675 7287
6318 7287
8263 7287
6200 7287
4117 7287
7859 7287
6468 7287
7833 7287
5061 7287
2977 7287
1578 7287
3973 7287
33 7287
2151 7287
6744 7288
5572 7288
487 7288
7605 7288
4743 7288
3444 7288
4792 7288
3256 7288
3642 7288
1797 7288
7152 7288
2495 7289
3515 7289
2342 7289
7711 7289
2239 7289
5690 7289
7284 7289
1974 7289
5072 7289
1715 7289
6182 7289
4657 7289
172 7289
2133 7289
1020 7289
5077 7289
2520 7290
616 7290
3249 7290
1525 7290
3075 7290
3237 7290
5299 7290
4352 7290
1865 7290
5 7290
198 7290
7842 7290
7253 7290
7496 7290
343 7291
326 7291
3237 7291
6030 7291
2398 7291
358 7291
1038 7291
2776 7291
4798 7291
7622 7291
3003 7291
7580 7291
6015 7291
5321 7291
2242 7291
4119 7291
5185 7291
4129 7291
1626 7291
4714 7291
8017 7291
7854 7291
1615 7291
7297 7291
5500 7292
7793 7292
4791 7292
827 7292
2403 7292
2473 7292
6739 7292
1262 7292
5964 7292
1360 7292
1610 7292
7225 7292
2988 7292
2795 7292
1551 7292
7192 7292
425 7292
4263 7292
2207 7293
3220 7293
8145 7293
5549 7293
2485 7293
4313 7293
7498 7293
7825 7293
1792 7293
1542 7293
5976 7293
1520 7293
1192 7293
8208 7293
6748 7293
6513 7293
1463 7293
1901 7293
141 7293
2160 7293
1841 7293
1223 7293
5768 7294
5301 7294
7356 7294
2805 7294
5102 7294
5005 7294
5739 7294
8285 7294
4333 7294
2355 7294
7029 7294
1906 7294
6669 7294
7573 7294
4478 7294
5353 7294
7748 7294
5102 7295
3612 7295
8088 7295
7873 7295
8172 7295
5659 7295
5025 7295
7852 7295
5101 7295
591 7295
2854 7295
2605 7295
3116 7296
5576 7296
3543 7296
1122 7296
6856 7296
856 7296
5649 7296
5113 7296
6863 7296
1632 7296
5213 7296
5514 7296
880 7296
1340 7296
4423 7296
2470 7296
7846 7296
3953 7296
2320 7296
5468 7296
9 7297
3693 7297
7862 7297
3782 7297
697 7297
5151 7297
2148 7297
8271 7297
5683 7297
3019 7297
2885 7297
7778 7297
3116 7297
5756 7297
3414 7297
6295 7297
1575 7298
5822 7298
291 7298
6475 7298
7022 7298
422 7298
634 7298
1643 7298
1268 7298
2953 7298
461 7298
2374 7298
3603 7299
3488 7299
1956 7299
5689 7299
250 7299
5182 7299
5544 7299
6048 7300
6545 7300
4747 7300
5784 7300
1778 7300
5418 7300
241 7300
1186 7300
1056 7300
7457 7300
8036 7300
192 7300
1494 7300
3289 7300
3725 7300
2666 7300
1858 7300
2173 7300
1477 7301
5384 7301
6538 7301
6970 7301
2720 7301
5271 7301
7394 7301
892 7301
2940 7301
2585 7301
4035 7301
6150 7301
2008 7301
3549 7301
2925 7301
3829 7301
7965 7301
4817 7301
6354 7301
2524 7301
5809 7301
1221 7301
5632 7301
6098 7301
549 7301
107 7302
4224 7302
3801 7302
5026 7302
6107 7302
2450 7302
2833 7302
5964 7302
6182 7302
4316 7302
4741 7302
2508 7302
5414 7302
7969 7302
1551 7303
5733 7303
5194 7303
1712 7303
3891 7303
751 7303
1042 7303
5193 7303
7469 7303
5685 7303
7393 7303
8090 7303
7807 7303
1425 7303
7155 7303
4793 7303
7315 7303
164 7303
470 7303
6748 7304
2275 7304
3517 7304
2201 7304
2576 7304
1209 7304
2316 7304
1558 7304
2203 7304
4780 7304
1296 7305
4202 7305
4014 7305
8183 7305
628 7305
4841 7305
194 7305
5524 7305
7540 7305
1356 7305
768 7305
2333 7305
4311 7305
7069 7305
7811 7305
3026 7305
5533 7305
186 7305
1716 7305
1626 7305
5056 7306
3228 7306
3967 7306
43 7306
4821 7306
6146 7306
6567 7306
5045 7306
4467 7306
2072 7306
3165 7306
3984 7306
1775 7306
516 7306
5498 7307
7255 7307
1684 7307
7605 7307
2675 7307
4615 7307
7399 7307
5675 7307
7524 7307
5568 7307
6011 7307
3739 7307
5134 7307
3680 7307
2078 7307
7907 7307
3687 7308
1878 7308
1964 7308
6098 7308
8159 7308
6162 7308
3572 7308
3044 7308
2119 7308
8108 7308
2952 7308
2816 7308
2225 7308
6680 7308
6037 7308
5103 7308
7535 7308
3056 7308
7890 7308
2796 7308
2873 7309
7687 7309
7271 7309
8229 7309
2116 7309
6621 7309
7600 7309
7551 7309
7349 7309
1074 7309
5809 7309
3799 7309
6150 7309
7586 7309
7332 7309
3466 7309
2082 7310
5963 7310
2370 7310
6022 7310
7260 7310
1908 7310
3960 7310
7831 7310
1217 7310
3934 7310
5333 7310
7330 7310
6459 7310
5038 7310
4388 7310
8033 7310
3013 7310
1462 7310
4816 7310
3084 7310
6152 7310
7909 7311
7479 7311
6357 7311
2932 7311
6714 7311
5893 7311
2631 7311
8197 7311
5844 7311
4607 7311
6333 7311
2611 7311
5319 7311
3547 7311
3652 7311
7577 7312
4612 7312
7874 7312
6449 7312
1949 7312
3132 7312
8000 7312
1330 7312
1691 7312
2806 7312
780 7312
1282 7312
4947 7312
8198 7312
30 7312
3551 7312
2929 7312
2864 7313
6725 7313
3071 7313
1868 7313
6068 7313
4977 7313
5909 7313
5012 7313
6400 7313
2242 7313
5919 7313
1786 7313
6755 7313
3560 7313
4725 7314
460 7314
1054 7314
4778 7314
2749 7314
2419 7314
7335 7314
658 7314
4996 7314
7166 7314
2585 7314
5798 7314
6186 7314
183 7314
8057 7314
165 7315
2348 7315
4085 7315
7350 7315
5945 7315
6380 7315
1103 7315
6983 7315
8046 7315
971 7315
768 7315
10 7315
7037 7315
5101 7315
4740 7315
2784 7315
8079 7315
925 7315
4102 7315
7316 7316
3171 7316
3813 7316
3918 7316
4213 7316
1483 7316
1521 7316
1689 7316
3582 7316
1297 7316
846 7316
341 7317
4885 7317
6972 7317
5288 7317
4348 7317
3217 7317
4694 7317
4130 7317
2790 7317
3292 7317
7189 7317
6472 7317
4123 7317
7349 7317
1987 7317
2480 7317
5163 7317
2569 7317
8102 7318
7887 7318
448 7318
3124 7318
6160 7318
6014 7318
4856 7318
5740 7318
1565 7318
552 7318
4801 7318
7345 7318
225 7319
6606 7319
85 7319
7186 7319
4530 7319
7297 7319
1679 7319
2268 7319
7920 7319
5109 7319
4093 7319
7665 7319
5534 7319
2920 7319
3904 7319
3273 7319
7803 7319
5185 7319
6126 7319
7120 7319
7591 7319
860 7319
6202 7319
3602 7319
2659 7320
4077 7320
7701 7320
739 7320
1336 7320
4006 7320
1757 7320
4963 7320
1501 7320
1952 7320
568 7320
2468 7320
1701 7321
3303 7321
6649 7321
4082 7321
7361 7321
7291 7321
3736 7321
5093 7321
7898 7321
5214 7321
1844 7321
1209 7321
4751 7321
2507 7321
1307 7321
3357 7321
4743 7321
7236 7321
6162 7321
4039 7322
5941 7322
4769 7322
4269 7322
2746 7322
3984 7322
2386 7322
3028 7322
889 7322
5021 7322
3294 7322
5469 7322
1499 7322
1956 7323
3858 7323
2195 7323
3391 7323
4194 7323
897 7323
5940 7323
4894 7323
3196 7323
4780 7323
5286 7323
1943 7323
370 7323
6980 7323
7516 7323
6076 7323
4264 7323
2981 7324
3823 7324
7315 7324
1792 7324
2808 7324
3846 7324
771 7324
3437 7324
4247 7324
4823 7324
2371 7324
7478 7324
4013 7324
3913 7324
2166 7324
2864 7325
5100 7325
2160 7325
641 7325
1011 7325
7721 7325
8145 7325
4155 7325
520 7325
5737 7325
1837 7325
6993 7325
6746 7325
1746 7325
7116 7325
7637 7325
3408 7326
7326 7326
3468 7326
4747 7326
4651 7326
2327 7326
5327 7326
447 7326
4384 7326
2633 7326
1441 7326
1319 7326
2759 7326
5394 7326
6483 7326
6087 7326
8028 7326
2019 7326
1540 7326
2532 7326
7147 7327
6243 7327
6641 7327
6272 7327
640 7327
1441 7327
5089 7327
7281 7327
2773 7327
4776 7327
6391 7327
5919 7327
4450 7327
1361 7327
6551 7327
2257 7327
2170 7327
1229 7327
8218 7327
790 7328
2574 7328
1816 7328
1756 7328
8029 7328
7803 7328
170 7328
5018 7328
2968 7328
8273 7328
2778 7328
2151 7328
4880 7328
3280 7328
5570 7328
5620 7328
4024 7328
6332 7328
94 7328
1315 7328
4153 7328
2653 7328
5465 7328
1254 7329
6979 7329
6426 7329
5756 7329
5830 7329
2138 7329
4626 7329
1837 7329
6699 7329
4808 7329
367 7329
6339 7329
2447 7329
1732 7329
5738 7330
6358 7330
4189 7330
1834 7330
7794 7330
134 7330
3193 7330
2898 7330
2383 7330
6000 7330
7877 7330
1108 7330
6943 7330
3260 7330
296 7330
7050 7330
5053 7330
5138 7330
5576 7330
826 7330
8054 7330
3486 7330
3220 7330
2957 7331
7606 7331
4023 7331
8116 7331
4563 7331
4142 7331
3060 7331
6487 7331
5118 7331
4821 7331
2565 7331
4751 7331
7077 7331
393 7331
6598 7331
7438 7331
5539 7331
8161 7331
2892 7331
2787 7331
2490 7331
692 7331
7504 7331
6828 7331
4244 7332
7690 7332
4228 7332
5207 7332
5240 7332
2840 7332
1165 7332
3086 7332
3813 7332
6404 7332
1001 7332
6577 7332
4996 7333
7065 7333
6055 7333
7811 7333
2370 7333
6985 7333
1631 7333
7147 7333
1960 7333
5405 7333
6021 7333
2508 7333
2324 7333
5787 7333
8078 7333
4825 7333
7172 7333
4751 7333
5300 7334
2468 7334
2772 7334
4978 7334
2139 7334
2413 7334
1024 7334
2157 7334
7679 7334
3732 7334
2775 7334
2784 7334
1027 7334
4582 7334
1011 7334
5367 7334
604 7334
3169 7334
2652 7334
6217 7334
4459 7334
5195 7335
2527 7335
3307 7335
3290 7335
1410 7335
299 7335
6685 7335
375 7335
6065 7335
8196 7335
5810 7335
3171 7335
2280 7335
5320 7335
4627 7335
2774 7336
5131 7336
2718 7336
8170 7336
7768 7336
3708 7336
7322 7336
2807 7336
3885 7336
7766 7336
4851 7336
7894 7336
963 7336
6689 7336
6844 7336
1692 7336
7359 7337
296 7337
6085 7337
2582 7337
7806 7337
4782 7337
3837 7337
3617 7337
7992 7337
5366 7337
7038 7337
1201 7337
1195 7337
5084 7337
5266 7337
4795 7337
6516 7337
1795 7337
4136 7337
6856 7337
4343 7337
5332 7338
6998 7338
4829 7338
3612 7338
4782 7338
2436 7338
3468 7338
5166 7338
7246 7338
32 7338
5025 7338
1767 7338
6626 7338
3139 7338
4047 7338
5836 7338
7717 7338
1647 7338
4840 7338
662 7338
8095 7338
6704 7338
7339 7339
846 7339
451 7339
6795 7339
456 7339
8090 7339
4820 7339
7540 7339
2053 7339
2565 7339
2951 7339
1716 7339
781 7339
4338 7339
716 7339
1643 7340
7533 7340
8008 7340
1976 7340
4197 7340
3071 7340
2572 7340
7240 7340
1878 7340
5274 7340
917 7340
551 7340
2688 7340
3837 7340
4778 7340
3776 7340
7310 7340
266 7340
2204 7341
4441 7341
724 7341
4708 7341
6224 7341
197 7341
5943 7341
2502 7341
5803 7341
7373 7341
5294 7341
1082 7341
2148 7341
1467 7341
1076 7341
2707 7341
7680 7341
1458 7341
8034 7341
4444 7341
6015 7341
4844 7341
7081 7341
3919 7342
5530 7342
5787 7342
7116 7342
7087 7342
5992 7342
5429 7342
1749 7342
2731 7342
100 7342
1855 7342
201 7342
4444 7342
7965 7342
2939 7343
3763 7343
3085 7343
6232 7343
6371 7343
285 7343
2515 7343
3973 7343
6003 7343
3496 7343
7205 7343
2298 7343
2148 7343
5650 7343
6505 7343
3324 7343
2145 7343
7520 7343
2377 7343
8108 7343
884 7344
3763 7344
2361 7344
2443 7344
4519 7344
2030 7344
2744 7344
537 7344
3680 7344
4641 7344
7684 7344
4968 7344
1596 7344
1088 7344
7135 7344
4730 7344
389 7344
799 7344
106 7344
3252 7344
5073 7344
7580 7344
6089 7345
8079 7345
5575 7345
2552 7345
6959 7345
2654 7345
