6302 741
7990 741
3809 741
6948 741
1897 741
5283 741
3793 741
7768 741
7583 741
7475 741
1635 741
2090 741
3253 741
8124 741
4185 741
4988 741
2812 741
5243 741
4935 741
8088 742
7962 742
5693 742
6466 742
7684 742
2230 742
5674 742
6770 742
970 742
5687 742
5225 742
3415 742
2749 742
3983 743
6485 743
2556 743
1243 743
1412 743
7780 743
5400 743
7716 743
680 743
786 743
7743 743
4142 743
688 743
1894 743
146 743
1025 744
1371 744
2890 744
4801 744
4050 744
1740 744
2557 744
552 744
2205 744
5326 744
3717 744
6426 744
568 744
3763 744
4640 745
4315 745
7389 745
821 745
2261 745
1542 745
5459 745
7712 745
1934 745
1554 745
3027 745
585 745
7147 745
949 745
3741 745
7991 745
5211 745
3912 745
7151 745
5187 745
7057 745
5398 745
2692 745
6267 746
6729 746
3693 746
7447 746
4409 746
1897 746
4102 746
2882 746
7841 746
2522 746
4534 746
4893 746
4212 746
3794 746
4286 746
5285 746
3366 746
371 746
6704 746
213 746
7901 746
5499 746
8196 746
2409 747
3885 747
1746 747
5398 747
5145 747
3637 747
3398 747
5072 747
5754 747
1125 747
2576 747
462 747
1332 747
1166 747
402 747
2574 748
5517 748
7403 748
2279 748
7782 748
2346 748
4524 748
4144 748
1685 748
2237 748
7078 748
2607 748
4521 748
3492 748
5784 748
1574 749
6964 749
1347 749
1346 749
2234 749
4689 749
7021 749
6183 749
4916 749
6578 749
1032 749
4840 749
942 749
4664 749
1805 749
629 749
5265 749
7464 749
5918 749
455 749
5046 749
2237 749
1232 749
5544 749
402 750
7403 750
4051 750
7969 750
5258 750
2718 750
418 750
7423 750
6547 750
1454 750
3280 750
6473 750
5230 750
3925 750
5817 750
6134 750
7049 750
2587 750
4783 751
3989 751
5187 751
2607 751
4694 751
649 751
3250 751
1594 751
5162 751
7202 751
3462 751
3502 751
8110 751
7933 751
5342 751
1461 751
3945 751
8218 752
5140 752
620 752
2853 752
3856 752
2239 752
2198 752
3631 752
271 752
2903 752
2225 752
1612 752
3648 752
1867 752
1478 752
5032 752
7894 752
1450 752
7969 752
52 752
2949 752
6368 752
6531 752
2135 752
6803 753
4792 753
6664 753
7408 753
5009 753
2557 753
3995 753
4331 753
7811 753
5050 753
7237 753
7678 754
3122 754
668 754
7518 754
2332 754
1254 754
4712 754
100 754
7373 754
7468 754
4947 754
8037 754
1108 754
2711 754
8048 754
755 755
4961 755
8030 755
3851 755
4204 755
1522 755
1752 755
802 755
3320 755
7505 755
4064 755
6356 755
6689 755
4550 755
71 755
8053 756
6171 756
2202 756
1846 756
1655 756
7875 756
1832 756
3281 756
1255 756
1849 756
4266 756
6459 756
6393 757
3867 757
6175 757
2210 757
2346 757
5918 757
4252 757
5785 757
5959 757
591 757
5314 757
5076 757
5648 757
963 757
4586 757
8020 757
6091 757
7974 758
758 758
2906 758
5688 758
7342 758
5497 758
7487 758
7652 758
6719 758
3605 758
2178 758
240 758
2374 758
6274 758
4246 758
3367 758
6669 758
7762 758
6063 758
1321 758
1371 758
4244 758
3195 758
2911 759
7143 759
3988 759
1754 759
6690 759
2195 759
1851 759
4677 759
2164 759
7973 759
256 759
3047 759
7827 759
2972 759
4621 759
7976 759
6483 759
1319 759
5702 759
5065 759
1357 759
3917 759
7589 759
6653 759
1914 760
2712 760
4956 760
5882 760
2230 760
3136 760
8176 760
3273 760
5238 760
7185 760
7373 760
2429 760
2911 760
6232 760
123 760
3859 760
7859 760
2033 760
4182 760
761 761
1547 761
3739 761
6901 761
1819 761
5466 761
8269 761
6309 761
3941 761
3218 761
2803 761
8260 761
6163 761
6751 761
7333 761
6972 761
5265 761
3101 761
1792 761
4640 761
7463 762
34 762
3127 762
4001 762
777 762
2569 762
6171 762
8264 762
4665 762
7037 762
2843 762
603 762
3072 762
6117 762
374 762
6523 762
2217 763
4127 763
3774 763
1690 763
3486 763
3183 763
7364 763
7127 763
4209 763
1924 763
5899 763
6851 763
2596 763
4555 763
5812 763
4529 763
6099 764
686 764
3474 764
3311 764
4966 764
176 764
2709 764
1636 764
2390 764
3880 764
4909 764
3904 764
8 764
900 765
1379 765
7935 765
5 765
6377 765
1183 765
4538 765
4153 765
7553 765
5300 765
5997 765
5444 765
1511 765
556 765
2442 765
2892 765
238 765
6274 765
5162 766
1906 766
2151 766
5453 766
1527 766
1580 766
561 766
7396 766
2960 766
7277 766
3834 766
7629 766
6554 766
903 766
1639 766
2973 766
4362 766
2729 766
5367 766
704 766
4325 766
4259 766
1067 767
2691 767
7794 767
7479 767
8277 767
714 767
7622 767
6257 767
7078 767
5297 767
5866 767
7155 767
5988 768
4734 768
1348 768
8293 768
4865 768
7607 768
1234 768
1047 768
1663 768
1698 768
7791 768
6651 769
4156 769
4076 769
7670 769
6790 769
5667 769
3091 769
3223 769
1502 769
6994 769
4933 769
6873 769
5262 769
2625 769
6182 769
1070 769
409 770
5897 770
1287 770
6519 770
196 770
7152 770
880 770
7905 770
4349 770
6080 770
2490 770
7215 770
1866 770
7501 770
7930 770
3462 770
1390 770
8101 770
5474 770
437 770
5743 770
4173 770
285 770
225 770
7285 770
1873 771
6313 771
5451 771
2371 771
8142 771
3136 771
1997 771
2917 771
2409 771
481 771
5685 771
1412 772
7282 772
1774 772
455 772
4433 772
30 772
4170 772
8037 772
7972 772
4591 772
2120 772
450 772
759 772
2673 772
2477 772
4667 772
2062 772
3419 772
7202 772
1728 772
4037 772
991 772
7844 773
3456 773
6426 773
4553 773
5812 773
2790 773
4407 773
4224 773
438 773
8081 773
2467 773
5599 773
6212 773
933 774
6739 774
5955 774
5751 774
3739 774
4023 774
5239 774
7227 774
3446 774
5372 774
7079 774
8171 774
714 774
7972 774
1255 774
6708 774
2143 774
2597 774
1162 774
7064 774
7740 774
690 774
4916 774
3174 774
5810 774
5063 774
4568 775
1473 775
7443 775
7233 775
5392 775
7415 775
5050 775
7967 775
3778 775
792 775
917 775
7630 775
6986 775
6545 775
7048 775
3976 775
7569 775
5548 775
2198 775
4481 775
5799 775
302 775
2253 775
122 775
6620 775
665 775
2013 776
5745 776
5400 776
5522 776
2181 776
1605 776
3573 776
4612 776
1327 776
1890 776
1447 776
747 776
6336 776
973 776
5143 777
3092 777
3021 777
2736 777
5044 777
6877 777
156 777
4391 777
7613 777
7824 777
8153 777
5001 777
3246 777
894 778
3031 778
2905 778
363 778
1825 778
6002 778
6611 778
6076 778
644 778
4617 778
5494 778
5314 778
4695 778
2499 779
2515 779
6249 779
511 779
5426 779
6858 779
5225 779
1679 779
692 779
1264 779
4961 779
4935 779
5213 779
3857 779
5575 779
5583 779
1376 779
2523 779
918 779
1794 780
1867 780
174 780
2924 780
8286 780
3442 780
3933 780
2017 780
7013 780
5885 780
5719 780
357 780
1560 780
6819 780
1911 780
6443 780
2621 780
623 781
5701 781
7203 781
4984 781
8252 781
4712 781
2930 781
1248 781
5754 781
3738 781
7155 781
3531 781
3083 781
7990 781
889 781
3084 781
7861 781
7355 782
4502 782
795 782
5096 782
2626 782
5976 782
6051 782
7605 782
791 782
1089 782
6510 782
7315 782
3804 782
2733 782
5777 782
3107 782
7132 782
4524 782
4910 782
3695 783
2852 783
1707 783
3792 783
5842 783
4180 783
2268 783
1986 783
8087 783
5751 783
8004 784
4146 784
3046 784
4908 784
3954 784
6712 784
2658 784
7083 784
2942 784
1977 784
4962 784
7149 784
96 784
4520 784
4797 784
133 784
615 784
4155 784
1770 785
4107 785
6173 785
4112 785
6002 785
4546 785
8294 785
7720 785
4372 785
8133 785
2960 785
4537 785
292 785
5212 785
470 785
2384 785
7110 786
3029 786
7160 786
734 786
6268 786
7861 786
7378 786
4139 786
7793 786
4871 786
5775 787
5582 787
2237 787
7133 787
3264 787
6182 787
6552 787
2479 787
3166 787
5265 787
913 787
1224 787
2433 787
3026 787
5482 787
1509 787
582 787
1525 787
5875 788
7438 788
2765 788
1492 788
5686 788
4289 788
2649 788
5814 788
1440 788
2752 788
4478 788
6257 788
404 788
5575 788
1341 789
7740 789
4375 789
2985 789
8280 789
4377 789
2311 789
7342 789
6207 789
186 789
3984 789
243 789
1881 789
4312 789
134 789
4003 789
1788 789
7456 789
3113 789
2734 790
6729 790
5332 790
5201 790
5412 790
1567 790
2090 790
4671 790
5530 790
5693 790
6400 790
6740 790
2565 790
3038 790
5493 790
8152 791
1997 791
5355 791
223 791
3212 791
198 791
1728 791
3794 791
1049 791
882 791
337 791
2468 791
1136 792
6465 792
6279 792
1440 792
5131 792
8204 792
5723 792
919 792
1595 792
6778 792
1860 793
2168 793
6183 793
5992 793
5526 793
1960 793
1124 793
78 793
4938 793
140 793
4772 793
4117 793
7323 793
1391 793
6577 793
2490 794
4791 794
271 794
2642 794
2443 794
7532 794
3575 794
7160 794
4695 794
2565 795
7447 795
7644 795
3969 795
2365 795
4381 795
4064 795
2126 795
2619 795
4537 795
8168 795
2890 795
6893 795
3903 795
6207 795
1770 795
3871 795
3783 795
938 795
2706 796
7403 796
130 796
7430 796
6026 796
3217 796
5420 796
1058 796
3202 796
492 796
8129 796
6642 797
1937 797
4408 797
398 797
4091 797
187 797
6813 797
5410 797
2705 797
4273 797
5605 797
3632 797
5308 797
3903 797
2271 797
5327 798
6030 798
5593 798
3344 798
5702 798
8190 798
7997 798
4901 798
3766 798
5590 798
2016 798
1567 798
8170 798
636 798
739 798
7905 798
3567 798
40 798
2634 798
6971 799
2635 799
3813 799
7186 799
6496 799
5569 799
6578 799
2809 799
1024 799
7252 799
3967 799
8010 799
1047 800
3307 800
3727 800
533 800
6984 800
5534 800
2335 800
2661 800
6628 800
130 800
1075 800
3637 800
2545 800
73 800
4582 800
6729 800
6529 800
801 801
5410 801
929 801
3077 801
6866 801
1559 801
171 801
3696 801
3499 801
6616 801
4188 801
8054 801
2531 801
2006 801
487 801
5068 801
2772 801
4237 801
4382 801
1472 802
3405 802
2171 802
6175 802
4031 802
1479 802
6204 802
6712 802
535 802
6774 802
2423 802
6816 803
2708 803
7970 803
452 803
4374 803
4909 803
5012 803
1174 803
7629 803
3710 803
7630 803
1183 803
7488 804
1729 804
2910 804
4962 804
7953 804
39 804
2653 804
48 804
105 804
178 804
805 805
7665 805
6410 805
7719 805
4042 805
4642 805
1664 805
3166 805
7891 805
4076 805
3058 805
5798 805
6840 805
533 805
2254 805
2723 805
3294 805
7343 805
6649 805
4972 805
6591 806
2004 806
7307 806
3651 806
7430 806
4216 806
4198 806
2227 806
7970 806
6314 806
3523 806
224 806
4779 806
561 806
6522 807
605 807
3617 807
3656 807
6465 807
6221 807
2245 807
174 807
4867 807
1498 807
4442 808
1781 808
4711 808
5314 808
59 808
4411 808
2342 808
7927 808
7151 808
2300 808
5963 808
6577 808
2230 808
8078 808
1514 808
2260 808
4725 808
4699 809
5394 809
7290 809
4658 809
3585 809
4534 809
489 809
2692 809
7653 809
5151 809
2269 809
7149 809
4870 809
6165 809
611 809
1094 809
917 809
7907 809
213 809
2749 810
4175 810
504 810
6539 810
5645 810
3370 810
7880 810
3324 810
3525 810
5555 810
1086 810
1723 810
3999 810
6661 810
3320 810
2934 810
1223 811
7748 811
7629 811
308 811
7153 811
1117 811
6677 811
7818 811
4769 811
1275 811
5149 812
6133 812
1332 812
5103 812
2205 812
2225 812
7151 812
6327 812
4539 812
4610 812
1284 812
3084 812
5222 813
2076 813
6030 813
2694 813
106 813
8084 813
5784 813
4963 813
619 813
7206 813
2554 813
552 813
614 813
2443 813
2817 813
204 813
7708 813
4189 814
5353 814
3407 814
5335 814
824 814
2834 814
733 814
3120 814
5327 814
8240 814
5837 814
3007 814
4877 814
3741 814
1844 815
7269 815
6794 815
7119 815
3354 815
6888 815
777 815
3889 815
4919 815
891 815
7182 815
3214 815
1024 815
2152 815
4741 815
595 815
6051 815
5814 815
4117 815
2192 815
248 816
3599 816
3563 816
6879 816
5472 816
3671 816
7703 816
6950 816
1700 816
2688 816
4001 816
7176 816
1675 817
5153 817
4775 817
7356 817
4184 817
7404 817
1699 817
4153 817
2235 817
5183 817
399 817
4829 817
3770 817
5215 817
3034 817
6327 817
8072 817
4894 817
8265 817
4031 817
818 818
3280 818
284 818
2963 818
4403 818
6397 818
8036 818
2642 818
4408 818
247 818
660 818
3081 818
1745 818
6809 818
1778 818
804 818
6180 818
2475 818
6538 819
2076 819
4936 819
3977 819
2378 819
4246 819
7436 819
667 819
722 819
57 819
5630 819
455 819
1020 819
2319 819
1856 819
274 819
4117 819
903 820
7423 820
3344 820
6336 820
6789 820
5487 820
987 820
7202 820
3836 820
8005 820
8219 820
213 820
4339 820
6466 820
1216 820
1713 820
2168 820
5092 820
1499 820
2365 821
921 821
1632 821
1263 821
7598 821
3485 821
1841 821
807 821
1231 821
5301 821
8015 821
7386 821
634 821
6094 821
3096 821
3544 821
4981 821
5757 821
8198 821
5703 821
3343 822
7219 822
3145 822
194 822
3040 822
6128 822
3088 822
2247 822
3426 822
4941 822
8226 822
3611 822
5288 822
604 822
1593 822
7973 823
6461 823
2554 823
6477 823
3721 823
5413 823
4398 823
2104 823
5544 823
6669 823
793 823
996 823
6003 823
4162 823
8114 823
7457 823
3630 824
5522 824
4794 824
5752 824
2990 824
4269 824
4279 824
4579 824
6465 824
7220 824
3819 824
3728 824
6867 824
1078 824
6701 824
4812 824
4844 824
7977 824
715 824
6139 824
995 824
5733 824
6493 824
2233 825
5196 825
3349 825
1795 825
5184 825
6169 825
1459 825
829 825
941 825
6332 825
7371 825
7105 825
5688 825
6417 825
2502 825
6708 825
2866 825
4661 826
6948 826
199 826
4025 826
5058 826
4353 826
3595 826
8033 826
987 826
2855 826
1161 826
4397 826
3652 826
7002 827
1695 827
1472 827
7541 827
6380 827
42 827
3814 827
4042 827
722 827
3325 827
7008 827
3704 827
2325 827
1299 827
682 827
983 827
3102 828
7233 828
395 828
263 828
3099 828
961 828
785 828
6487 828
3718 828
4042 828
6853 828
852 828
8154 828
2013 828
5499 828
5493 829
1360 829
7974 829
2637 829
7057 829
7865 829
2099 829
625 829
3141 829
3771 829
2422 829
7844 829
6630 829
5421 829
2538 829
6087 829
559 829
1305 829
5621 829
4249 830
7634 830
7182 830
4263 830
1310 830
4587 830
5294 830
5976 830
2253 830
7925 830
3464 830
4839 830
911 830
5628 830
1337 830
5569 830
7285 830
8080 831
2984 831
6357 831
3788 831
4099 831
1454 831
1175 831
1720 831
8046 831
345 831
7592 831
6949 831
4671 832
8271 832
6368 832
1290 832
1067 832
1105 832
4490 832
3400 832
5844 832
7754 832
4871 832
660 832
8293 832
3343 832
4380 832
3842 832
5303 832
5965 832
5591 832
2531 832
617 833
1161 833
3234 833
3918 833
8224 833
1175 833
3847 833
3153 833
6460 833
2934 833
6684 833
5561 833
3223 833
5240 833
5867 833
2873 833
8155 833
4663 833
689 834
7377 834
7404 834
2066 834
878 834
6537 834
1009 834
2439 834
1032 834
1340 834
3068 834
4047 834
5468 834
4319 834
4883 835
951 835
6716 835
8105 835
4772 835
3152 835
2077 835
3455 835
1625 835
5585 835
4290 835
1098 835
3545 835
3293 835
8034 835
4875 836
163 836
2761 836
2088 836
5712 836
5207 836
5772 836
2906 836
1790 836
1106 836
7870 836
6587 836
7203 836
1770 836
2465 837
2784 837
3466 837
1866 837
7044 837
2125 837
2608 837
5301 837
1716 837
7064 837
6393 837
4452 837
1912 837
6614 837
7335 837
2911 837
2831 837
5274 838
1052 838
1281 838
5371 838
6984 838
223 838
7865 838
6924 838
1391 838
6398 838
6709 838
4989 838
3320 838
1952 838
7108 838
1894 838
6649 838
7335 839
2127 839
7392 839
2429 839
1885 839
5526 839
4343 839
1717 839
5521 839
5358 839
864 839
6611 839
7493 839
3882 839
1220 839
895 839
5679 840
8081 840
4534 840
7219 840
403 840
5162 840
7737 840
4069 840
511 840
3602 840
4863 840
6676 840
3692 840
2732 841
5112 841
3964 841
4216 841
4447 841
5286 841
4750 841
4564 841
3810 841
957 841
1985 841
7892 841
5812 841
4512 841
1998 841
2913 842
3453 842
4088 842
5835 842
595 842
5868 842
2242 842
852 842
5630 842
4594 842
680 842
2490 842
8174 842
1265 842
6643 842
315 842
6982 842
1835 843
2972 843
1396 843
4538 843
1200 843
5775 843
4105 843
7496 843
2198 843
144 843
7300 843
4910 843
5462 843
6936 843
2822 843
2708 843
4052 843
2285 843
4376 843
3847 843
5560 843
6651 843
2138 843
516 843
2244 844
345 844
1255 844
7951 844
4161 844
6260 844
2160 844
3505 844
7541 844
4062 844
3810 844
5981 844
3273 845
256 845
8170 845
1150 845
3867 845
4529 845
437 845
995 845
173 845
3006 845
4862 845
6511 846
721 846
4030 846
3740 846
3256 846
2621 846
5714 846
2424 846
6079 846
6677 846
7906 846
645 846
7583 846
5557 846
6940 846
4633 846
6538 846
6719 846
1821 846
1939 846
5618 847
3607 847
1923 847
5978 847
5872 847
7967 847
2275 847
3575 847
6180 847
5026 847
6412 847
6413 847
6772 847
7347 847
4120 847
1985 847
2325 848
6103 848
4800 848
7920 848
662 848
381 848
4627 848
4062 848
5010 848
6302 848
5812 848
5482 848
960 848
2638 848
7560 848
3254 848
3948 849
2740 849
7935 849
4258 849
2642 849
2604 849
1695 849
1472 849
7991 849
5560 849
4497 849
6495 849
3244 849
4392 849
3128 849
4880 850
2844 850
3917 850
1871 850
152 850
1710 850
3667 850
1964 850
7204 850
2288 850
6075 850
6326 850
4387 851
6234 851
7617 851
6592 851
8127 851
7866 851
5049 851
6354 851
4712 851
369 851
4941 851
6770 851
3096 851
4695 852
1087 852
2354 852
2492 852
3997 852
2580 852
2173 852
6139 852
7075 852
6459 852
5951 852
3386 852
8218 852
4213 852
1386 852
5477 852
7243 852
6757 852
1291 853
8197 853
529 853
1401 853
4775 853
3143 853
4984 853
2100 853
7681 853
3137 853
1408 853
8208 853
6775 853
7031 853
8142 853
2268 853
6026 853
4749 853
2619 853
1139 853
276 853
7215 853
5265 853
2262 853
8266 853
6714 853
7391 854
529 854
2206 854
1612 854
2370 854
5474 854
7120 854
7776 854
1434 854
3531 854
3271 854
5311 854
2078 854
4959 854
4758 854
107 854
7936 854
3056 854
3409 855
774 855
3766 855
4677 855
6759 855
1914 855
1467 855
1035 855
6325 855
2175 855
5073 855
3184 855
8251 855
7287 855
4888 855
5735 855
4980 855
5266 855
3616 855
2565 856
7300 856
200 856
5483 856
64 856
980 856
1561 856
243 856
3888 856
6746 856
2606 856
7310 856
6051 856
1494 856
6108 856
7741 856
4450 856
1269 856
1783 857
4155 857
3095 857
4274 857
543 857
4334 857
7368 857
3465 857
5602 857
8186 857
8053 857
7027 857
4292 857
3348 857
999 857
4975 857
3563 857
2265 857
7969 857
5613 857
3344 858
7654 858
3420 858
1720 858
6289 858
4299 858
891 858
740 858
6065 858
7075 858
7946 858
5881 858
6539 858
1362 858
6406 858
5126 858
5667 858
1723 858
6428 858
1632 858
4167 858
2658 858
6690 859
7094 859
3855 859
1728 859
5686 859
2932 859
3086 859
7525 859
4351 859
2976 859
4609 860
6443 860
2932 860
3612 860
1366 860
6220 860
967 860
3913 860
892 860
5032 860
1232 860
3405 860
1803 860
2123 860
1861 861
1374 861
71 861
6336 861
7437 861
6126 861
4039 861
6244 861
4984 861
5415 861
2216 861
5398 861
3238 861
6369 861
7220 861
7995 861
4490 861
6320 861
4158 862
6013 862
4876 862
2710 862
5056 862
1428 862
7803 862
4259 862
8114 862
5065 862
6736 862
2833 862
5722 862
4983 863
8028 863
4085 863
4881 863
8273 863
