3544 7345
5482 7345
3659 7345
1956 7345
4416 7345
5844 7345
3575 7345
717 7345
7854 7345
4153 7345
8280 7346
2235 7346
5207 7346
4291 7346
5826 7346
1631 7346
4505 7346
4730 7346
7603 7346
6874 7346
4199 7346
3542 7346
1762 7346
6614 7346
6570 7346
2869 7346
727 7347
6844 7347
642 7347
5283 7347
608 7347
4081 7347
4196 7347
3477 7347
222 7347
884 7347
4427 7347
6682 7347
5297 7347
1447 7347
7781 7347
7533 7347
5675 7347
7521 7347
3196 7347
4386 7347
5644 7348
7789 7348
1057 7348
5101 7348
2872 7348
8139 7348
6000 7348
4556 7348
217 7348
1371 7348
5765 7349
579 7349
2215 7349
803 7349
2140 7349
462 7349
3710 7349
5880 7349
1790 7349
3582 7349
2754 7349
6579 7349
416 7349
4138 7349
5 7349
1407 7350
763 7350
1379 7350
7777 7350
1911 7350
7180 7350
625 7350
7904 7350
4947 7350
1193 7350
4641 7350
771 7350
6076 7350
3554 7350
2116 7350
8171 7350
2105 7350
5493 7350
2847 7350
3250 7350
4788 7351
4488 7351
4158 7351
7572 7351
3669 7351
3171 7351
5072 7351
7501 7351
3034 7351
6682 7351
4232 7351
7952 7351
6058 7351
7002 7351
341 7351
5936 7351
409 7352
164 7352
1150 7352
8073 7352
7271 7352
5228 7352
1190 7352
3645 7352
3929 7352
5951 7352
1285 7352
8239 7352
1128 7352
5133 7352
7895 7352
2752 7352
6919 7352
5764 7353
4054 7353
1277 7353
3249 7353
5470 7353
4935 7353
6697 7353
480 7353
3754 7353
4773 7353
1409 7353
4564 7353
4151 7353
1871 7353
6142 7353
7698 7353
768 7353
3081 7354
6722 7354
7281 7354
6833 7354
6084 7354
2618 7354
2377 7354
4173 7354
3836 7354
3250 7354
4763 7354
4835 7354
3873 7354
6564 7354
7319 7354
7621 7354
4167 7354
2143 7354
1542 7354
6539 7355
3176 7355
8262 7355
496 7355
8157 7355
8145 7355
6852 7355
1858 7355
2808 7355
1413 7355
2429 7355
5751 7355
2817 7356
7084 7356
427 7356
1442 7356
620 7356
2723 7356
2009 7356
6615 7356
2365 7356
2057 7356
1020 7356
4963 7356
6551 7356
2945 7356
4228 7356
3789 7356
2913 7356
1820 7356
1181 7356
2956 7356
2556 7356
3142 7356
2067 7356
6198 7356
2330 7356
6637 7356
2949 7356
299 7357
3062 7357
8067 7357
2733 7357
152 7357
5279 7357
7632 7357
1070 7357
4954 7357
4447 7357
2773 7357
7575 7357
905 7357
6656 7357
515 7357
6704 7357
8081 7358
4121 7358
2240 7358
3606 7358
5896 7358
8153 7358
6280 7358
2585 7358
1877 7358
426 7358
1915 7358
993 7358
3725 7358
1128 7358
5615 7358
6567 7358
8265 7358
8054 7358
7811 7359
5022 7359
8017 7359
7780 7359
3630 7359
79 7359
115 7359
7720 7359
2665 7359
187 7359
3633 7359
3032 7359
4199 7359
6682 7359
2920 7359
1968 7359
5767 7359
2076 7359
5108 7359
4447 7359
7428 7360
6193 7360
3348 7360
7811 7360
8081 7360
7451 7360
7568 7360
1104 7360
6675 7360
7121 7360
6927 7360
3083 7360
6615 7360
2017 7360
6577 7361
2908 7361
5613 7361
7020 7361
7342 7361
2708 7361
10 7361
7565 7361
2183 7361
1221 7361
1757 7361
2054 7361
3205 7361
5908 7361
6246 7361
1276 7361
6575 7361
7441 7361
39 7361
5897 7362
3456 7362
7348 7362
1261 7362
4280 7362
405 7362
5705 7362
7726 7362
5154 7362
3572 7362
3179 7362
5957 7362
3857 7362
4556 7362
3464 7362
1869 7363
5899 7363
6420 7363
6966 7363
4604 7363
8210 7363
349 7363
7781 7363
416 7363
7693 7363
4065 7363
2697 7363
5764 7363
1915 7363
481 7363
5172 7363
1575 7363
2795 7363
8271 7363
7793 7363
1245 7364
7840 7364
2875 7364
3565 7364
5576 7364
90 7364
6708 7364
1133 7364
2989 7364
5608 7364
3375 7364
2433 7364
1762 7364
4110 7364
5347 7364
7456 7364
7274 7364
358 7364
1341 7365
5900 7365
827 7365
4938 7365
2698 7365
305 7365
3031 7365
6706 7365
6916 7365
4704 7365
2596 7365
1536 7365
8029 7366
1641 7366
7974 7366
4136 7366
5773 7366
2313 7366
522 7366
768 7366
5152 7366
6480 7366
7572 7366
2643 7366
4632 7366
525 7366
8296 7366
1825 7366
1299 7366
3634 7366
7732 7366
7573 7366
5867 7367
5805 7367
7847 7367
8279 7367
8264 7367
7333 7367
4319 7367
4702 7367
5208 7367
5183 7367
5837 7367
4333 7367
3671 7367
7020 7367
1723 7368
1086 7368
7569 7368
2729 7368
2877 7368
8034 7368
3031 7368
525 7368
671 7368
3072 7368
2881 7368
3305 7368
5758 7368
592 7368
4978 7369
6383 7369
1276 7369
2791 7369
2655 7369
3752 7369
7528 7369
4091 7369
6814 7369
2780 7369
1405 7369
575 7369
4378 7369
6459 7369
1866 7369
7904 7369
1122 7370
5819 7370
7038 7370
4491 7370
5951 7370
1061 7370
4439 7370
5462 7370
4607 7370
2808 7370
3407 7370
1003 7370
7927 7370
1924 7370
6611 7370
4134 7370
6204 7370
2583 7370
737 7370
7505 7370
6567 7370
6206 7370
4382 7370
588 7371
6781 7371
2673 7371
4137 7371
7315 7371
5426 7371
7819 7371
4555 7371
1580 7371
151 7371
5654 7371
5189 7371
3188 7371
1962 7371
4400 7371
4452 7371
6980 7371
2366 7371
5293 7371
1268 7371
2924 7372
6468 7372
5725 7372
6487 7372
3718 7372
1957 7372
3700 7372
4887 7372
4254 7372
3541 7372
3130 7372
2312 7373
7991 7373
6792 7373
636 7373
1401 7373
5413 7373
3700 7373
3192 7373
2001 7373
2191 7373
7370 7373
6695 7373
1443 7373
7115 7373
5248 7373
7494 7373
5085 7373
6775 7373
4633 7373
717 7374
7883 7374
370 7374
4747 7374
3333 7374
7350 7374
3339 7374
27 7374
2516 7374
6167 7374
2795 7374
1477 7374
7343 7374
6881 7374
6227 7374
1107 7374
7375 7375
3037 7375
7906 7375
5563 7375
154 7375
6343 7375
3442 7375
903 7375
1079 7375
449 7375
4321 7375
4299 7375
309 7375
4825 7376
1527 7376
3980 7376
1802 7376
6054 7376
2409 7376
5712 7376
7205 7376
5708 7376
4084 7376
780 7376
2169 7376
7589 7376
3028 7376
1364 7376
2895 7376
2768 7377
390 7377
6101 7377
8139 7377
5166 7377
5468 7377
1690 7377
1909 7377
764 7377
189 7377
3798 7377
4201 7377
3005 7377
533 7377
5449 7377
5751 7378
839 7378
7002 7378
343 7378
791 7378
7580 7378
1534 7378
270 7378
2647 7378
3382 7378
3370 7378
6890 7378
6404 7378
5333 7378
6242 7378
2892 7378
6280 7378
4794 7378
4374 7378
7048 7378
682 7379
7540 7379
3839 7379
3247 7379
4888 7379
3083 7379
1903 7379
550 7379
165 7379
4231 7380
4619 7380
7625 7380
7070 7380
3683 7380
2247 7380
7159 7380
7374 7380
4604 7380
7081 7380
2530 7380
5825 7380
2783 7380
1896 7380
834 7380
5967 7380
5372 7380
2261 7380
1289 7380
36 7380
1716 7380
5195 7381
5626 7381
1420 7381
6725 7381
5990 7381
5008 7381
1342 7381
2994 7381
1654 7381
6716 7382
2707 7382
108 7382
1943 7382
6797 7382
113 7382
5831 7382
8092 7382
4136 7382
1987 7382
811 7382
7356 7382
6749 7382
1081 7382
381 7382
647 7382
2375 7382
8204 7383
579 7383
6833 7383
7450 7383
6204 7383
4607 7383
785 7383
5008 7383
4012 7383
2433 7383
6195 7383
3371 7383
3638 7383
3030 7383
803 7383
348 7384
6342 7384
425 7384
3095 7384
4307 7384
5924 7384
6289 7384
5672 7384
7824 7384
3760 7384
6331 7384
5632 7384
2765 7385
4988 7385
3804 7385
1695 7385
3832 7385
1184 7385
4102 7385
635 7385
5446 7386
1387 7386
6100 7386
4539 7386
2937 7386
663 7386
8237 7386
7535 7386
2399 7386
1971 7386
2380 7386
1963 7386
2245 7386
1213 7386
1073 7386
5812 7386
1042 7386
6420 7387
3124 7387
3293 7387
5195 7387
6852 7387
1348 7387
4907 7387
2740 7387
4338 7387
5535 7387
146 7387
4734 7387
7018 7387
76 7387
2006 7388
2378 7388
4258 7388
4170 7388
4007 7388
4512 7388
4441 7388
6406 7388
5028 7388
2593 7388
88 7388
8177 7388
6078 7388
3227 7388
5761 7388
3432 7388
2707 7388
364 7388
6369 7388
1190 7388
4395 7388
6898 7388
1232 7388
6689 7388
4325 7389
1727 7389
4139 7389
2033 7389
5126 7389
2830 7389
4037 7389
6292 7389
1412 7389
4196 7389
7859 7389
4753 7389
1413 7389
3633 7389
5245 7389
6060 7390
4425 7390
6554 7390
3441 7390
3079 7390
7976 7390
6055 7390
3196 7390
1860 7390
126 7390
777 7390
3460 7390
4160 7390
3442 7390
6651 7390
4897 7391
1589 7391
4447 7391
7332 7391
586 7391
3705 7391
6547 7391
7009 7391
2421 7391
1498 7391
1914 7391
6638 7391
5924 7391
1075 7391
762 7391
5814 7391
7275 7391
3562 7392
3292 7392
6616 7392
3919 7392
4585 7392
7017 7392
1445 7392
7498 7392
1361 7392
2380 7392
6449 7392
4722 7392
4170 7392
3421 7392
3468 7392
7748 7392
5811 7392
6710 7392
3126 7392
3559 7393
6650 7393
6437 7393
3247 7393
5852 7393
2303 7393
1300 7393
851 7393
1585 7393
7617 7393
6319 7393
7487 7393
7946 7393
5972 7393
7957 7393
7450 7393
7680 7393
7371 7393
815 7394
470 7394
2060 7394
2933 7394
4899 7394
8110 7394
7541 7394
2312 7394
2893 7394
2081 7394
7185 7394
4404 7394
6770 7394
3062 7394
6858 7394
5872 7395
2734 7395
457 7395
36 7395
4980 7395
5301 7395
7720 7395
1376 7395
6715 7395
205 7395
17 7395
2893 7395
2472 7395
5121 7395
8045 7395
5830 7395
8186 7395
6862 7395
2198 7395
535 7395
1234 7395
1281 7395
5109 7395
4134 7396
895 7396
7891 7396
841 7396
616 7396
730 7396
1366 7396
7792 7396
5374 7396
2150 7396
5947 7396
704 7396
2741 7396
2089 7396
6304 7396
383 7397
7433 7397
2435 7397
169 7397
2067 7397
2049 7397
2269 7397
1347 7397
4645 7397
5650 7397
3177 7397
3147 7397
520 7397
5392 7397
7829 7397
6598 7397
7889 7397
6600 7398
1594 7398
1487 7398
24 7398
6630 7398
2833 7398
5868 7398
7450 7398
3406 7398
357 7398
145 7398
7173 7398
6467 7398
4381 7398
329 7398
4954 7398
3129 7398
5065 7399
2983 7399
1279 7399
3445 7399
427 7399
2775 7399
1774 7399
603 7399
4309 7399
7464 7399
3824 7399
123 7399
5436 7399
5695 7399
3012 7399
1333 7399
4637 7399
7467 7399
665 7399
5452 7399
1880 7399
5169 7400
2580 7400
4581 7400
8037 7400
319 7400
3577 7400
5672 7400
8263 7400
3905 7400
7645 7400
4409 7400
3167 7400
7727 7400
4464 7400
6413 7400
1066 7400
7181 7400
7544 7400
2595 7400
3855 7400
5046 7401
7947 7401
5943 7401
2269 7401
1517 7401
7508 7401
1996 7401
2004 7401
5593 7401
1856 7401
7958 7401
5261 7401
7802 7401
2595 7401
5182 7401
1516 7401
3005 7401
204 7401
5890 7401
14 7401
5532 7401
69 7401
369 7402
7512 7402
4722 7402
2679 7402
3019 7402
2809 7402
815 7402
7141 7402
4409 7402
4252 7402
7553 7402
7620 7402
8017 7402
1223 7402
6150 7402
4060 7402
352 7402
3034 7402
104 7402
6682 7402
189 7402
4617 7402
6800 7402
3058 7402
2081 7402
7031 7402
3784 7402
1797 7402
2401 7402
2720 7402
7845 7403
7014 7403
6269 7403
1178 7403
2912 7403
1689 7403
1307 7403
2898 7403
4023 7403
4881 7403
8171 7403
571 7403
5500 7403
7388 7404
3048 7404
3534 7404
39 7404
492 7404
4734 7404
4180 7404
4576 7404
1641 7404
284 7404
2172 7404
1346 7404
7028 7404
5980 7405
550 7405
3254 7405
2438 7405
6659 7405
6865 7405
1903 7405
4625 7405
174 7405
1835 7405
4589 7405
733 7405
622 7405
3445 7405
6017 7405
703 7405
3195 7406
6212 7406
7406 7406
2399 7406
3760 7406
841 7406
5613 7406
7568 7406
2346 7406
2254 7406
7342 7406
1428 7406
3353 7406
5839 7406
161 7406
6251 7406
3634 7406
1147 7406
3281 7406
4233 7406
1334 7407
3292 7407
7737 7407
5693 7407
6710 7407
5366 7407
2890 7407
1165 7407
4853 7407
8270 7408
3244 7408
112 7408
7804 7408
1524 7408
496 7408
228 7408
6844 7408
1338 7408
3030 7408
7599 7408
6951 7408
6892 7408
3595 7408
1025 7408
6427 7408
786 7409
4446 7409
2351 7409
1585 7409
4856 7409
4442 7409
423 7409
3166 7409
6866 7409
3707 7409
6798 7409
4657 7409
7342 7409
6863 7410
910 7410
3184 7410
7603 7410
2421 7410
3176 7410
7146 7410
2391 7410
2240 7410
4781 7411
2653 7411
4213 7411
3651 7411
7741 7411
1045 7411
2711 7411
1871 7411
7637 7411
2366 7411
4732 7411
3742 7411
7078 7411
7347 7412
471 7412
3386 7412
1458 7412
34 7412
293 7412
6187 7412
622 7412
6236 7412
6898 7412
3401 7412
3800 7412
7601 7412
4936 7412
109 7412
3234 7412
1860 7412
960 7412
2126 7412
6638 7413
659 7413
8229 7413
1499 7413
1698 7413
1731 7413
689 7413
1049 7413
1353 7413
1949 7413
7630 7413
52 7413
6693 7413
5021 7413
479 7413
7523 7413
8175 7414
3832 7414
680 7414
3614 7414
3314 7414
3339 7414
2513 7414
2180 7414
149 7414
1486 7414
8285 7414
5569 7414
8265 7414
4372 7414
2007 7414
5159 7414
2977 7414
3828 7414
2234 7414
536 7414
8169 7414
5093 7414
705 7414
1806 7414
5168 7415
7883 7415
160 7415
7837 7415
6681 7415
5451 7415
915 7415
8195 7415
6752 7415
5560 7415
3806 7415
3009 7415
5945 7415
1478 7415
6822 7415
6414 7415
7595 7415
7601 7415
5506 7416
1943 7416
376 7416
7930 7416
3197 7416
4763 7416
592 7416
1764 7416
4100 7416
725 7416
2905 7416
5213 7416
4356 7416
5308 7416
4730 7416
1060 7416
5991 7416
2611 7416
7832 7416
6676 7416
5208 7416
1532 7416
481 7416
7417 7417
3804 7417
7128 7417
6213 7417
4324 7417
4291 7417
7240 7417
479 7417
4798 7417
7413 7417
3683 7417
3005 7417
2200 7417
8000 7417
104 7417
7163 7417
1195 7417
3030 7418
8073 7418
4897 7418
1094 7418
1534 7418
4655 7418
6469 7418
7057 7418
6862 7418
4482 7418
8000 7418
4749 7418
2653 7418
119 7418
2905 7418
2334 7418
7160 7418
3470 7419
1246 7419
3680 7419
3466 7419
8272 7419
6578 7419
2214 7419
4247 7419
740 7419
1871 7419
4813 7419
2937 7419
4388 7419
5489 7419
692 7419
7652 7419
5610 7419
6587 7419
7141 7419
5598 7419
1913 7419
7420 7420
2130 7420
3048 7420
4084 7420
3442 7420
2957 7420
3190 7420
1823 7420
846 7420
649 7420
6472 7420
452 7420
7121 7420
187 7420
5766 7420
2935 7420
5807 7420
1244 7420
4030 7420
4387 7420
6638 7420
181 7420
1632 7420
5502 7420
6330 7420
5816 7421
3477 7421
5809 7421
7392 7421
1117 7421
5110 7421
4069 7421
4001 7421
6803 7421
6969 7421
4854 7421
7783 7421
6288 7421
3597 7421
3339 7421
3922 7421
2417 7421
7401 7421
3934 7421
7260 7421
3670 7421
4136 7421
1886 7421
10 7422
2845 7422
7465 7422
5586 7422
5838 7422
1771 7422
3980 7422
4246 7422
2267 7422
2909 7422
7186 7422
8081 7422
5825 7422
8172 7422
4276 7422
183 7422
1142 7422
5832 7422
4434 7422
7170 7422
2105 7422
82 7422
2051 7423
1203 7423
8197 7423
3091 7423
6811 7423
1061 7423
3943 7423
4968 7423
4092 7423
7059 7423
7958 7423
6181 7423
2377 7423
1814 7423
2770 7423
7199 7424
7550 7424
3609 7424
2032 7424
173 7424
4358 7424
3420 7424
3367 7424
6375 7424
2335 7424
5186 7424
288 7424
575 7424
1595 7424
7942 7424
1308 7424
1495 7424
5700 7424
6699 7425
7999 7425
5644 7425
4550 7425
5799 7425
5123 7425
374 7425
1081 7425
2253 7425
2475 7425
3935 7425
4625 7425
3179 7425
5113 7426
601 7426
6621 7426
4266 7426
6547 7426
2937 7426
2006 7426
4791 7426
7520 7426
7928 7426
4091 7426
7282 7426
310 7426
1725 7426
6223 7426
4768 7426
2632 7427
2248 7427
3120 7427
5215 7427
6123 7427
1355 7427
5605 7427
898 7427
2934 7427
3102 7427
3541 7427
5418 7427
7488 7427
2267 7427
3122 7428
7959 7428
5297 7428
2592 7428
7732 7428
7287 7428
4358 7428
4585 7428
3365 7428
1442 7428
1802 7428
742 7428
7514 7428
23 7428
8224 7428
7074 7428
4190 7428
3104 7429
7736 7429
6124 7429
5959 7429
3590 7429
4526 7429
8254 7429
6756 7429
4534 7429
5818 7429
7556 7429
6496 7429
5190 7429
3725 7429
2906 7429
1976 7429
2441 7429
1265 7429
5 7429
5056 7429
4862 7429
3351 7429
3948 7430
2463 7430
452 7430
1487 7430
5365 7430
6100 7430
4718 7430
8150 7430
2104 7430
1285 7430
5659 7430
216 7430
6397 7430
149 7430
2032 7430
2088 7431
6493 7431
5880 7431
4502 7431
5036 7431
1207 7431
4902 7431
2160 7431
1387 7431
7595 7431
1361 7431
7177 7431
5288 7431
8180 7431
6720 7431
4857 7431
2090 7431
2066 7432
8280 7432
5236 7432
5477 7432
3638 7432
2086 7432
1750 7432
5320 7432
2192 7432
5770 7432
6727 7432
3808 7432
4684 7432
6901 7432
7807 7432
504 7432
4646 7432
1366 7433
5342 7433
3935 7433
1691 7433
7373 7433
6066 7433
4883 7433
3995 7433
1664 7434
5153 7434
2313 7434
6572 7434
1968 7434
6173 7434
3397 7434
6851 7434
814 7434
4084 7434
8007 7434
5725 7434
4727 7434
4076 7434
3333 7435
5044 7435
3732 7435
6134 7435
6569 7435
3060 7435
5708 7435
5136 7435
5068 7435
745 7435
6686 7435
6426 7435
3451 7435
884 7435
3710 7435
7925 7435
4768 7436
3700 7436
8249 7436
7161 7436
837 7436
257 7436
5632 7436
3764 7436
5945 7436
6993 7436
2311 7436
1555 7436
6103 7436
3656 7436
154 7436
7381 7436
4030 7436
4045 7436
6060 7437
6545 7437
1218 7437
6982 7437
1073 7437
6454 7437
7618 7437
6403 7437
2987 7437
7327 7437
1186 7437
2885 7437
5804 7438
3891 7438
1964 7438
5551 7438
835 7438
1832 7438
5805 7438
8245 7438
4179 7438
4017 7438
3764 7438
7189 7438
3196 7438
2054 7438
5297 7438
151 7438
1483 7438
6610 7439
5365 7439
6431 7439
3562 7439
8210 7439
2105 7439
3973 7439
1077 7439
6072 7439
6122 7439
8145 7439
3794 7439
40 7439
7769 7439
8237 7439
6140 7439
2841 7439
856 7439
5012 7439
3227 7439
5734 7440
1353 7440
4022 7440
6312 7440
4678 7440
495 7440
2579 7440
6434 7440
2362 7440
5914 7440
2874 7440
4804 7440
3496 7440
3502 7440
5367 7440
1902 7440
4387 7440
7491 7440
3872 7440
1243 7440
4856 7440
3516 7440
2276 7441
4119 7441
6668 7441
6156 7441
6017 7441
5070 7441
5730 7441
1436 7441
839 7441
1535 7441
5241 7441
1322 7441
682 7441
6759 7441
880 7441
5021 7441
6483 7441
5890 7441
2472 7441
5794 7441
3630 7441
2447 7441
7394 7441
6373 7441
7625 7441
3543 7441
7442 7442
2498 7442
25 7442
7909 7442
1567 7442
7794 7442
7287 7442
6816 7442
5605 7442
96 7442
2410 7442
7983 7442
49 7442
6011 7442
6162 7442
1098 7442
7281 7442
6810 7442
5883 7442
3853 7442
1569 7442
588 7443
4403 7443
811 7443
3089 7443
1454 7443
7869 7443
1563 7443
3240 7443
3353 7443
5544 7443
2472 7443
5493 7443
2830 7444
2998 7444
343 7444
5045 7444
3879 7444
4336 7444
686 7444
6060 7444
4287 7444
4442 7444
4938 7444
853 7444
6332 7444
8175 7444
2281 7444
5894 7445
3012 7445
3068 7445
3640 7445
4827 7445
4822 7445
5814 7445
250 7445
4902 7445
2292 7445
6211 7445
927 7445
1262 7445
1596 7446
7446 7446
3095 7446
6204 7446
5372 7446
3995 7446
5544 7446
4858 7446
5474 7446
4965 7446
3044 7446
1159 7446
4100 7446
103 7446
2299 7446
7589 7446
6796 7446
5387 7446
2489 7446
3409 7446
7244 7446
4694 7446
1198 7446
1236 7447
7412 7447
5088 7447
3039 7447
4641 7447
937 7447
709 7447
2006 7447
5650 7447
4989 7447
3708 7447
3179 7448
2507 7448
1825 7448
118 7448
4661 7448
1353 7448
6294 7448
14 7448
5326 7448
1441 7448
7511 7448
2495 7448
622 7448
7355 7448
4531 7448
6150 7448
4816 7449
7449 7449
1442 7449
824 7449
7990 7449
531 7449
2906 7449
7929 7449
2152 7449
2425 7449
7535 7449
7815 7449
723 7449
3386 7449
6312 7449
2474 7449
5690 7449
5278 7449
5811 7449
7095 7450
4001 7450
7603 7450
3634 7450
927 7450
1715 7450
3606 7450
3382 7450
1949 7450
2318 7450
4083 7450
6832 7450
1654 7451
3441 7451
4446 7451
4228 7451
5210 7451
768 7451
2619 7451
6983 7451
1084 7451
2367 7451
3564 7451
3332 7451
2758 7451
205 7451
866 7451
2196 7451
6918 7452
4570 7452
4800 7452
2915 7452
594 7452
1074 7452
4109 7452
3223 7452
133 7452
321 7452
6004 7452
7595 7452
7713 7452
6910 7452
636 7452
5575 7452
4368 7452
7453 7453
7342 7453
73 7453
575 7453
6933 7453
4287 7453
7559 7453
2494 7453
1654 7453
400 7453
7435 7453
724 7453
499 7453
7011 7453
5379 7453
673 7453
7748 7453
46 7453
4921 7453
4516 7453
950 7453
8249 7453
3101 7453
3095 7453
5243 7453
3973 7453
164 7453
4665 7453
3764 7454
6937 7454
6903 7454
604 7454
290 7454
8089 7454
4167 7454
2840 7454
2577 7454
709 7454
4985 7454
3906 7454
1067 7455
1046 7455
2652 7455
6808 7455
3371 7455
6570 7455
7572 7455
4247 7455
7803 7455
1993 7455
2123 7455
168 7455
6274 7455
4184 7455
6424 7455
7835 7455
1521 7455
1520 7455
3487 7455
4591 7455
6748 7456
3084 7456
633 7456
8002 7456
4170 7456
3209 7456
1960 7456
4512 7456
3976 7456
978 7456
3706 7456
5012 7456
27 7456
158 7456
1024 7456
7330 7456
3955 7456
1995 7457
3833 7457
2709 7457
566 7457
1082 7457
2945 7457
5621 7457
6154 7457
3234 7457
4738 7457
284 7457
3353 7457
4272 7457
2472 7457
7783 7457
900 7457
2314 7458
1857 7458
4544 7458
5681 7458
745 7458
7469 7458
1795 7458
549 7458
4821 7458
1931 7458
3742 7458
7481 7458
3085 7458
1537 7458
1749 7458
6060 7458
7780 7458
1331 7458
6680 7459
934 7459
4409 7459
1910 7459
8084 7459
575 7459
913 7459
1264 7459
5882 7459
7847 7459
7344 7459
4874 7459
3692 7459
34 7459
5173 7459
6820 7459
5405 7459
7460 7459
4751 7460
4573 7460
5288 7460
2976 7460
7540 7460
2415 7460
4127 7460
256 7460
6182 7460
563 7460
1458 7460
1264 7460
1125 7460
5618 7460
1943 7460
6736 7460
8260 7460
5326 7460
2130 7460
137 7460
6923 7460
4336 7461
1387 7461
2935 7461
4900 7461
315 7461
5118 7461
148 7461
3174 7461
637 7461
3127 7461
4201 7461
4231 7461
5443 7461
6899 7461
241 7461
4781 7461
6849 7461
5322 7461
2299 7461
4558 7461
7462 7462
7515 7462
1775 7462
6173 7462
4777 7462
6612 7462
6757 7462
6861 7462
6810 7462
103 7462
6891 7462
7538 7462
5199 7462
