7452 7462
5431 7463
3783 7463
5725 7463
7128 7463
1703 7463
6685 7463
1779 7463
1542 7463
692 7463
5679 7463
8065 7463
3953 7463
3035 7463
7995 7463
3154 7463
3392 7463
4141 7463
7389 7463
1382 7464
7424 7464
6302 7464
2150 7464
5946 7464
3284 7464
4648 7464
6807 7464
6891 7464
3502 7464
6549 7464
3883 7464
6095 7464
5537 7464
2520 7464
1336 7464
1429 7464
4927 7464
6451 7464
3277 7465
103 7465
2520 7465
3261 7465
1299 7465
8273 7465
383 7465
3154 7465
266 7465
6388 7465
1305 7465
187 7465
7813 7465
3543 7465
2406 7465
1911 7465
2473 7465
5986 7465
6784 7465
2694 7465
1100 7465
6430 7465
7573 7465
4362 7465
4617 7466
1403 7466
7565 7466
5650 7466
127 7466
8032 7466
2967 7466
347 7466
6444 7466
285 7466
2165 7466
3801 7466
5344 7466
393 7466
686 7467
7468 7467
802 7467
316 7467
2325 7467
2165 7467
3272 7467
427 7467
4091 7467
8072 7467
5315 7468
4307 7468
1964 7468
6516 7468
6206 7468
7205 7468
7963 7468
3481 7468
3906 7468
7990 7468
2060 7468
8033 7468
3743 7468
5914 7468
4612 7468
515 7468
6923 7469
6716 7469
6049 7469
7403 7469
2633 7469
2688 7469
7176 7469
8139 7469
2403 7469
6063 7469
5186 7469
4762 7469
1553 7469
1230 7469
5439 7469
1763 7469
3269 7469
2940 7469
6839 7469
7887 7469
7470 7470
3006 7470
409 7470
6188 7470
5878 7470
3406 7470
1156 7470
4863 7470
6165 7470
791 7470
1834 7470
3607 7470
638 7470
1234 7470
7471 7471
1061 7471
30 7471
1445 7471
7146 7471
5055 7471
2630 7471
1842 7471
7182 7471
5968 7471
5248 7471
1993 7471
5598 7472
2957 7472
1289 7472
4119 7472
750 7472
4895 7472
880 7472
144 7472
6993 7472
4122 7472
2467 7472
433 7472
1860 7472
6262 7473
3194 7473
427 7473
24 7473
3357 7473
6382 7473
21 7473
7791 7473
721 7473
5026 7473
7829 7473
2248 7473
7340 7474
5433 7474
987 7474
5742 7474
1025 7474
8161 7474
5264 7474
6781 7474
2017 7474
5756 7474
4665 7474
6819 7474
7066 7474
4895 7474
409 7474
2409 7474
6053 7474
5196 7474
3859 7474
1205 7474
2250 7475
4075 7475
3058 7475
6235 7475
6314 7475
331 7475
2708 7475
3862 7475
644 7475
3983 7475
7335 7475
7595 7475
4811 7475
4587 7476
5766 7476
7538 7476
6948 7476
2524 7476
5495 7476
5691 7476
1360 7476
3193 7476
4644 7476
1272 7476
3002 7476
1700 7476
2665 7476
2084 7476
5799 7477
6573 7477
5965 7477
7127 7477
1129 7477
3585 7477
3151 7477
4369 7477
7525 7477
4880 7477
4751 7477
7281 7477
5853 7477
5055 7477
781 7477
7424 7477
750 7477
4191 7477
2324 7477
5624 7477
1593 7477
6186 7477
713 7477
7789 7478
1574 7478
3074 7478
4498 7478
3331 7478
7877 7478
6469 7478
6420 7478
2422 7478
6958 7478
1475 7478
2968 7478
5150 7478
4176 7478
5822 7479
6466 7479
6067 7479
2940 7479
4199 7479
196 7479
2932 7479
6178 7479
5882 7479
1436 7479
8230 7479
6480 7479
519 7479
5675 7479
531 7479
5341 7479
780 7479
478 7479
1784 7479
1657 7479
3785 7480
7665 7480
2319 7480
2817 7480
3044 7480
3397 7480
3585 7480
3082 7480
1420 7480
7543 7480
96 7480
2713 7480
7722 7480
6454 7480
3488 7480
6429 7481
3353 7481
8004 7481
6569 7481
1667 7481
5282 7481
2330 7481
6116 7481
1118 7481
3365 7481
2520 7481
7577 7481
5163 7481
4694 7481
7845 7481
4850 7481
7574 7481
8098 7482
163 7482
1703 7482
7719 7482
5252 7482
2611 7482
8154 7482
6964 7482
598 7482
575 7482
3446 7482
2385 7482
3451 7482
897 7482
989 7482
3113 7482
120 7482
7892 7482
7570 7483
7877 7483
4119 7483
1721 7483
6318 7483
826 7483
2771 7483
344 7483
4802 7483
7892 7483
2679 7483
7748 7483
1203 7483
337 7483
5585 7483
7204 7483
28 7483
2734 7483
4710 7483
1333 7483
7170 7483
2683 7483
5909 7484
4252 7484
5230 7484
520 7484
3267 7484
5882 7484
2761 7484
7783 7484
4667 7484
1220 7484
3673 7484
3671 7484
1015 7484
2040 7484
2404 7484
3603 7484
5426 7484
8259 7484
2470 7484
2587 7484
5203 7484
5098 7484
664 7484
5852 7484
5696 7485
7482 7485
4224 7485
1378 7485
5875 7485
7598 7485
4726 7485
5103 7485
2769 7485
5718 7485
7151 7485
5410 7485
1451 7485
905 7486
4882 7486
5527 7486
2200 7486
4003 7486
7298 7486
3697 7486
5130 7486
5114 7486
7403 7486
224 7486
7152 7486
4863 7486
855 7486
2935 7486
2811 7486
2468 7486
8034 7487
1927 7487
7583 7487
4865 7487
5687 7487
436 7487
5392 7487
6160 7487
6679 7487
1472 7487
5910 7487
5466 7487
2398 7487
5273 7487
6002 7487
3338 7488
5843 7488
4879 7488
7610 7488
2513 7488
7894 7488
3380 7488
6228 7488
5842 7488
1313 7488
326 7488
6557 7488
2265 7488
5745 7488
3081 7488
3511 7488
3603 7488
4377 7488
7725 7488
7489 7489
7213 7489
5123 7489
5716 7489
686 7489
638 7489
444 7489
4636 7489
256 7489
6031 7489
2253 7489
1528 7489
5868 7489
6126 7489
2351 7489
408 7489
2999 7489
4397 7489
2304 7490
2812 7490
734 7490
6715 7490
4486 7490
4213 7490
1546 7490
2945 7490
3878 7490
2210 7490
3752 7490
6631 7490
527 7490
2099 7490
1959 7491
7774 7491
1974 7491
69 7491
4890 7491
4194 7491
7512 7491
3792 7491
7258 7491
5533 7491
3478 7491
183 7491
1548 7491
8066 7491
2843 7491
7439 7491
1401 7491
408 7492
3859 7492
5202 7492
5365 7492
3209 7492
3039 7492
6461 7492
2078 7492
5868 7492
1291 7492
888 7492
3597 7492
6828 7492
7738 7492
1166 7492
2807 7492
1927 7492
2629 7492
5509 7492
4087 7492
3275 7492
5188 7492
1300 7492
4664 7493
5276 7493
3614 7493
1150 7493
1805 7493
6220 7493
7796 7493
6688 7493
190 7493
7997 7494
1960 7494
3013 7494
985 7494
5092 7494
6535 7494
2467 7494
2429 7494
5468 7494
7725 7494
5745 7494
3702 7494
1580 7495
6063 7495
4237 7495
7578 7495
4713 7495
7595 7495
2967 7495
6629 7495
7253 7495
1195 7495
7328 7495
6711 7495
3575 7495
4881 7495
4804 7495
3782 7495
5565 7495
6403 7495
7348 7495
326 7495
4414 7495
1166 7495
1441 7495
4061 7496
230 7496
6049 7496
7818 7496
4336 7496
6037 7496
1194 7496
4194 7496
4615 7496
2131 7496
1748 7496
6579 7496
277 7496
4632 7496
311 7496
4380 7497
1490 7497
528 7497
7095 7497
1748 7497
3787 7497
4647 7497
263 7497
7568 7497
1223 7497
5765 7497
5551 7497
1023 7497
6962 7497
1990 7497
4151 7497
135 7497
1892 7497
5447 7498
2178 7498
7389 7498
1889 7498
3654 7498
7000 7498
7864 7498
1178 7498
2893 7498
6673 7498
2870 7498
8045 7498
6014 7498
7499 7499
8277 7499
4287 7499
6136 7499
5221 7499
439 7499
24 7499
185 7499
2551 7499
867 7499
5733 7499
2016 7499
8219 7499
5032 7499
2061 7499
2636 7499
5561 7499
4276 7499
5704 7499
1462 7499
6910 7499
395 7500
8135 7500
5814 7500
308 7500
8244 7500
895 7500
3615 7500
3154 7500
1734 7500
5165 7500
7602 7500
7090 7500
1475 7500
5900 7501
4979 7501
1978 7501
5324 7501
1909 7501
1295 7501
4232 7501
405 7501
8090 7501
5017 7501
1181 7501
7912 7501
6600 7501
7649 7501
6177 7502
4280 7502
6406 7502
7240 7502
1094 7502
8195 7502
2216 7502
6239 7502
2438 7502
1877 7502
4403 7502
2835 7502
8263 7502
1096 7502
4576 7502
75 7503
3782 7503
2126 7503
963 7503
5598 7503
8190 7503
2306 7503
6489 7503
6460 7503
5322 7503
6048 7503
1295 7503
1336 7503
6738 7504
250 7504
4231 7504
992 7504
5852 7504
7511 7504
7256 7504
6307 7504
1882 7504
3375 7504
4662 7504
2720 7505
6710 7505
2973 7505
804 7505
6887 7505
125 7505
681 7505
1704 7505
3496 7505
5807 7505
2708 7505
4144 7505
1313 7505
3045 7505
1569 7505
929 7505
1915 7505
2581 7505
7350 7505
7437 7506
4286 7506
7843 7506
7215 7506
7511 7506
4884 7506
735 7506
1060 7506
1828 7506
6363 7506
1089 7506
6320 7507
7048 7507
2063 7507
4714 7507
3512 7507
3813 7507
1571 7507
1820 7507
7130 7507
3555 7507
4506 7507
6772 7507
1664 7507
2822 7507
6152 7507
5593 7508
2202 7508
6079 7508
2380 7508
6520 7508
7981 7508
3320 7508
2785 7508
660 7508
7103 7508
6344 7508
7119 7508
3351 7508
4464 7508
2468 7508
987 7508
7975 7509
6968 7509
5702 7509
2455 7509
1355 7509
4017 7509
3343 7509
19 7509
7748 7509
7263 7509
595 7509
966 7509
6391 7509
773 7509
5819 7510
7768 7510
689 7510
6744 7510
6607 7510
3378 7510
3292 7510
4075 7510
8203 7511
3030 7511
604 7511
2161 7511
7057 7511
7952 7511
6751 7511
285 7511
4335 7511
2351 7511
5872 7511
6688 7511
3879 7511
7763 7511
5990 7511
5695 7511
8095 7511
6861 7512
6368 7512
340 7512
7492 7512
4431 7512
4590 7512
264 7512
6321 7512
1003 7512
4556 7512
4854 7512
2764 7512
7153 7512
28 7512
2327 7512
2174 7512
7259 7512
4280 7512
5310 7512
6831 7513
1162 7513
1501 7513
6489 7513
6947 7513
659 7513
7328 7513
5678 7513
1579 7513
4686 7513
5842 7513
1047 7513
1214 7513
3119 7513
474 7513
60 7513
3824 7513
4765 7513
5075 7514
6465 7514
5872 7514
5777 7514
7001 7514
5757 7514
7478 7514
5575 7514
1379 7514
893 7514
3858 7514
3713 7514
712 7514
4254 7514
6288 7515
5809 7515
8138 7515
5048 7515
5955 7515
337 7515
4717 7515
5131 7515
3853 7515
5636 7515
4069 7515
3540 7515
4743 7515
1218 7515
911 7515
1752 7515
797 7515
3699 7515
7177 7515
6355 7516
938 7516
7628 7516
4530 7516
3574 7516
1746 7516
6961 7516
860 7516
2422 7516
1200 7516
3346 7516
634 7516
5894 7516
3531 7516
7951 7516
4942 7516
3123 7517
8231 7517
5621 7517
4091 7517
6545 7517
4774 7517
6627 7517
1428 7517
2448 7517
1308 7517
3095 7517
1035 7517
8294 7517
5215 7517
4377 7517
6404 7517
5070 7517
8088 7517
5618 7518
4040 7518
1302 7518
6770 7518
4180 7518
5664 7518
7727 7518
6985 7518
1752 7518
2352 7518
1273 7518
4427 7518
6477 7518
2775 7518
8105 7518
7347 7518
3717 7518
4167 7518
2774 7518
2084 7518
2008 7519
6867 7519
594 7519
7426 7519
3675 7519
2875 7519
125 7519
6679 7519
591 7519
774 7519
4950 7519
7136 7519
2885 7519
7423 7519
7057 7519
7364 7519
3398 7520
4743 7520
4357 7520
1206 7520
6021 7520
5810 7520
4644 7520
4855 7520
4541 7520
7231 7520
3671 7520
5231 7520
2048 7520
1668 7520
2186 7520
8289 7520
6048 7520
2769 7520
6154 7520
6536 7520
2649 7520
995 7520
213 7521
7211 7521
2137 7521
4804 7521
3207 7521
839 7521
1235 7521
1692 7521
78 7521
2165 7521
1234 7521
3718 7521
3179 7521
6809 7521
5459 7521
4140 7522
723 7522
3209 7522
4625 7522
5764 7522
8253 7522
1145 7522
6376 7522
550 7522
2451 7522
2568 7522
8241 7522
3167 7522
6075 7522
5960 7522
6628 7522
1806 7522
4632 7522
1972 7522
1727 7522
4269 7523
7440 7523
887 7523
4662 7523
1528 7523
7030 7523
7852 7523
2090 7523
2265 7523
8100 7523
3846 7523
6983 7523
2531 7523
2078 7523
1017 7523
1778 7523
5779 7523
3889 7523
7036 7524
4930 7524
6380 7524
3708 7524
1535 7524
6156 7524
1790 7524
4825 7524
7722 7524
6433 7524
4844 7524
4789 7524
2153 7524
2116 7524
7562 7524
5839 7524
3529 7524
1775 7524
7515 7525
5398 7525
3879 7525
5087 7525
4984 7525
1348 7525
1382 7525
617 7525
5092 7525
4110 7525
5587 7525
5961 7525
3840 7525
365 7525
2990 7525
5203 7525
6075 7525
6213 7526
6158 7526
7260 7526
8260 7526
7493 7526
3723 7526
6861 7526
7867 7526
1551 7526
5481 7526
5405 7526
52 7526
7040 7526
7674 7527
530 7527
2752 7527
3832 7527
5196 7527
6393 7527
7330 7527
4107 7527
2227 7527
7977 7527
7478 7527
6614 7527
39 7527
8011 7527
4548 7528
4416 7528
7053 7528
7269 7528
6993 7528
3934 7528
4206 7528
4195 7528
2318 7528
7991 7528
1715 7528
5593 7528
7529 7529
4013 7529
6669 7529
6564 7529
1122 7529
1923 7529
4047 7529
1007 7529
5824 7529
3737 7529
4145 7529
2216 7529
663 7529
2971 7529
7505 7529
3154 7529
7825 7529
7408 7529
661 7530
1495 7530
7121 7530
1625 7530
7086 7530
6740 7530
120 7530
5733 7530
6632 7530
5420 7530
6208 7530
6759 7531
3046 7531
1388 7531
3235 7531
289 7531
1797 7531
7079 7531
5702 7531
4064 7531
2810 7531
2899 7531
4563 7531
1230 7531
6651 7531
6540 7531
976 7531
4725 7531
1953 7532
7898 7532
638 7532
2568 7532
7152 7532
1931 7532
5271 7532
7369 7532
7359 7532
3230 7532
7620 7532
40 7532
610 7532
4861 7532
915 7532
1546 7532
5527 7532
270 7533
2390 7533
387 7533
6811 7533
4126 7533
5878 7533
7028 7533
4104 7533
2755 7533
2442 7533
6104 7533
4582 7534
3201 7534
4812 7534
4363 7534
2508 7534
1575 7534
4809 7534
5614 7534
1483 7534
5228 7534
3001 7534
7517 7534
3585 7534
6513 7534
1248 7534
2968 7535
856 7535
7108 7535
5001 7535
2618 7535
4762 7535
4287 7535
6429 7535
2709 7535
6748 7535
1802 7535
829 7535
3976 7535
2597 7535
2856 7535
7811 7535
7271 7536
5262 7536
7782 7536
598 7536
7368 7536
5421 7536
1338 7536
4193 7536
153 7536
1458 7536
7914 7536
7866 7536
4550 7536
7237 7536
2643 7536
4735 7536
2899 7536
1133 7536
1322 7537
2939 7537
7374 7537
997 7537
6253 7537
5255 7537
3792 7537
1313 7537
6535 7537
3012 7537
6734 7537
5652 7537
7095 7538
6081 7538
5259 7538
7845 7538
5502 7538
720 7538
202 7538
175 7538
4633 7538
4821 7538
2738 7538
4179 7538
8201 7538
4671 7538
8145 7539
7843 7539
7486 7539
391 7539
3251 7539
5190 7539
6356 7539
4682 7539
5036 7539
2845 7539
7349 7539
6790 7539
5441 7539
3031 7539
5017 7539
4217 7539
363 7540
284 7540
7512 7540
24 7540
1405 7540
913 7540
6651 7540
3710 7540
4160 7540
1084 7540
6893 7540
2976 7540
2067 7540
4846 7540
7368 7540
384 7540
1668 7540
6950 7540
6519 7540
1937 7540
1209 7540
6201 7540
4198 7541
6861 7541
2655 7541
6122 7541
5085 7541
2828 7541
1749 7541
3597 7541
1806 7541
5838 7541
7978 7541
7196 7541
3289 7541
72 7541
1837 7541
5228 7542
618 7542
7542 7542
2749 7542
7203 7542
4769 7542
8054 7542
668 7542
1305 7542
2763 7542
2698 7542
4954 7542
8026 7542
1621 7542
7064 7543
5545 7543
197 7543
2242 7543
5315 7543
2577 7543
7672 7543
3790 7543
2475 7543
1280 7543
6751 7543
6011 7543
8101 7543
2711 7543
911 7543
2148 7543
2164 7544
3784 7544
112 7544
7155 7544
6404 7544
583 7544
3506 7544
2331 7544
2178 7544
3214 7544
7086 7544
5237 7544
6033 7544
3836 7544
5120 7545
2813 7545
4481 7545
185 7545
2680 7545
7731 7545
5363 7545
5296 7545
6539 7545
5866 7545
4582 7545
3786 7545
7430 7545
4887 7545
3945 7545
7815 7545
1725 7545
1101 7545
7895 7545
5232 7545
5127 7546
522 7546
829 7546
6223 7546
3134 7546
1691 7546
222 7546
2271 7546
5523 7546
7108 7546
3729 7546
5656 7546
8239 7546
2796 7546
6162 7546
3939 7547
3627 7547
2808 7547
6773 7547
2628 7547
1278 7547
7000 7547
2516 7547
212 7547
6686 7547
6229 7547
1947 7547
7144 7547
7094 7548
782 7548
6808 7548
1721 7548
3483 7548
8057 7548
2210 7548
1046 7548
2280 7548
581 7548
3595 7548
1554 7548
1169 7548
5464 7548
9 7548
7570 7548
3517 7548
3913 7548
4657 7548
3834 7548
4521 7548
5539 7548
7296 7548
4459 7549
5426 7549
4364 7549
5253 7549
784 7549
835 7549
4836 7549
6567 7549
4144 7549
6649 7549
7815 7549
4835 7549
4348 7549
2334 7549
6811 7549
3809 7550
5041 7550
2895 7550
7727 7550
2131 7550
1125 7550
4429 7550
6117 7550
6980 7550
5565 7550
1135 7550
1052 7550
1575 7550
3339 7550
2208 7550
8132 7550
8026 7550
7362 7550
1536 7550
6178 7550
7578 7550
7564 7551
664 7551
4225 7551
854 7551
7202 7551
1986 7551
2475 7551
584 7551
5852 7551
5386 7551
384 7551
1959 7551
3555 7552
5241 7552
4392 7552
3943 7552
6512 7552
3856 7552
7943 7552
6984 7552
6019 7552
7082 7552
5005 7552
3196 7552
4358 7552
4331 7552
5446 7552
1192 7552
1472 7552
7896 7552
7081 7552
7052 7552
4882 7552
2905 7552
2706 7553
3386 7553
1752 7553
2704 7553
4156 7553
2400 7553
457 7553
3296 7553
2939 7553
2721 7554
3871 7554
7307 7554
5187 7554
5480 7554
2212 7554
425 7554
121 7554
7369 7554
6783 7554
3906 7554
3998 7554
5883 7554
522 7555
2972 7555
2885 7555
5434 7555
7916 7555
5109 7555
6225 7555
7390 7555
4651 7555
6833 7555
6320 7555
6363 7555
7803 7555
7020 7555
6797 7555
154 7555
6162 7555
2892 7555
4822 7555
791 7556
1821 7556
2881 7556
6224 7556
1672 7556
1794 7556
5049 7556
8186 7556
5037 7556
5637 7556
7877 7556
4075 7556
2929 7556
2769 7557
5413 7557
5940 7557
7368 7557
6288 7557
7209 7557
8098 7557
7196 7557
6822 7557
5135 7557
3439 7557
2495 7557
5405 7557
2784 7557
915 7557
6063 7557
3571 7557
1489 7557
4985 7557
689 7557
5824 7557
5131 7558
4722 7558
4550 7558
6339 7558
384 7558
82 7558
7330 7558
6606 7558
4846 7558
6140 7558
5176 7558
1140 7558
3925 7558
5050 7558
1372 7559
1205 7559
2879 7559
5330 7559
442 7559
6050 7559
851 7559
1058 7559
4183 7559
6564 7559
5732 7559
6216 7559
5681 7559
177 7559
7754 7560
4233 7560
4880 7560
7392 7560
3202 7560
1425 7560
2861 7560
7592 7560
4406 7560
82 7560
6110 7560
78 7560
5641 7560
1432 7560
1087 7560
7799 7560
353 7561
73 7561
471 7561
4981 7561
4753 7561
2060 7561
1290 7561
6284 7561
1760 7561
6121 7561
3700 7561
6382 7561
5988 7561
288 7561
135 7561
6811 7562
7687 7562
7738 7562
7713 7562
5208 7562
3345 7562
7726 7562
1407 7562
6501 7562
3675 7562
5632 7562
2455 7562
5795 7562
176 7562
2520 7562
1428 7562
452 7562
1201 7562
5282 7562
4318 7562
3548 7562
7443 7563
404 7563
5299 7563
5388 7563
5750 7563
6616 7563
5148 7563
3851 7563
5405 7563
581 7563
6017 7563
6714 7563
156 7563
3833 7563
1973 7564
2570 7564
1935 7564
7965 7564
2293 7564
5414 7564
1295 7564
2005 7564
5334 7564
7203 7564
79 7564
5986 7564
5647 7564
4080 7564
1125 7564
7650 7564
5266 7564
3933 7564
3914 7564
5951 7565
7108 7565
1949 7565
3177 7565
195 7565
4476 7565
1425 7565
1999 7565
6895 7565
5474 7565
4451 7565
1109 7565
1902 7565
5880 7565
1762 7565
2319 7565
7017 7565
4870 7565
6029 7565
6661 7565
7566 7566
616 7566
3702 7566
6729 7566
7547 7566
3300 7566
6801 7566
127 7566
2078 7566
5493 7566
6276 7566
8026 7566
5360 7566
1653 7566
6416 7566
179 7567
5026 7567
7408 7567
8210 7567
1850 7567
1690 7567
7119 7567
4813 7567
4274 7567
2814 7567
6053 7567
4338 7567
4850 7567
403 7567
357 7567
1280 7567
4136 7567
2861 7567
7412 7567
5935 7567
5880 7568
537 7568
4949 7568
2413 7568
4755 7568
671 7568
4658 7568
3458 7568
4909 7568
7155 7568
2906 7568
5193 7568
1240 7568
1548 7568
7231 7568
1572 7568
4921 7568
6629 7568
7465 7568
7356 7568
1166 7568
735 7568
7447 7568
712 7568
3396 7568
7457 7568
5659 7569
3999 7569
4220 7569
4936 7569
4278 7569
3040 7569
1042 7569
1219 7569
6610 7569
5978 7569
1521 7569
3614 7569
4087 7569
5805 7569
7132 7569
7577 7569
6565 7569
5776 7569
3098 7569
562 7569
3925 7570
6017 7570
167 7570
5818 7570
1376 7570
112 7570
4262 7570
1487 7570
1108 7570
2354 7570
2913 7570
3897 7570
2239 7570
2487 7570
7912 7570
284 7570
4334 7570
7391 7570
4725 7570
3760 7571
2470 7571
1781 7571
5082 7571
7708 7571
3750 7571
919 7571
4526 7571
1229 7571
5212 7571
343 7571
3955 7571
5317 7571
8037 7571
1749 7571
6628 7571
3229 7571
8102 7571
5538 7571
1758 7571
2148 7572
5810 7572
1625 7572
6752 7572
30 7572
2575 7572
1600 7572
7057 7572
4671 7572
7791 7572
5454 7572
6738 7573
2203 7573
6075 7573
6079 7573
2516 7573
3226 7573
5286 7573
6642 7573
2097 7573
1307 7573
2006 7573
3426 7573
1079 7573
5780 7573
6251 7573
3312 7573
5824 7573
692 7574
2810 7574
2725 7574
6676 7574
2108 7574
5664 7574
5194 7574
5243 7574
7523 7574
7148 7574
7277 7574
3084 7574
3330 7574
7521 7574
320 7574
50 7574
3300 7574
6831 7574
7014 7574
4794 7574
3669 7574
7423 7574
3617 7575
8115 7575
8107 7575
771 7575
727 7575
1015 7575
5516 7575
838 7575
4072 7575
3652 7575
5780 7575
4229 7575
1285 7575
6923 7575
7456 7575
3782 7575
2742 7575
2529 7575
3997 7575
895 7575
7479 7576
7245 7576
3584 7576
1580 7576
299 7576
4584 7576
3032 7576
820 7576
4751 7576
3924 7577
1632 7577
8024 7577
5704 7577
2792 7577
3426 7577
228 7577
28 7577
7854 7577
3044 7577
683 7577
1374 7577
4544 7577
33 7578
378 7578
7315 7578
6000 7578
17 7578
4264 7578
2538 7578
3441 7578
2920 7578
6947 7578
5487 7578
2522 7578
5478 7578
4664 7578
6626 7578
6858 7578
7970 7578
7579 7579
224 7579
5375 7579
3349 7579
5984 7579
4823 7579
6853 7579
1529 7579
7867 7579
8072 7579
3858 7579
3700 7579
4878 7579
5778 7579
4386 7579
7646 7579
5565 7579
4729 7579
1253 7579
7361 7579
3512 7579
4241 7580
6007 7580
7637 7580
5524 7580
3518 7580
5041 7580
5210 7580
198 7580
8015 7580
7497 7580
279 7580
163 7580
3184 7580
1770 7580
5973 7580
1212 7580
3906 7580
1076 7580
600 7581
1054 7581
6407 7581
6058 7581
5561 7581
6756 7581
4698 7581
3030 7581
4536 7581
3456 7581
2675 7581
8078 7581
8035 7581
1236 7581
4456 7581
2331 7582
4921 7582
5815 7582
838 7582
2786 7582
3691 7582
3551 7582
3797 7582
6824 7582
28 7582
3401 7582
5135 7582
1764 7582
2332 7582
3747 7582
4604 7582
4536 7582
3676 7582
8269 7582
1747 7582
7225 7582
2619 7582
5777 7582
4290 7583
7356 7583
1074 7583
5089 7583
990 7583
1986 7583
2710 7583
2279 7583
4156 7583
4942 7583
4534 7583
1996 7583
5656 7583
2761 7583
4699 7583
6209 7583
5207 7583
68 7583
5240 7584
7584 7584
2758 7584
7554 7584
3342 7584
