5522 7584
4537 7584
2734 7584
597 7584
1449 7584
5466 7584
4059 7584
1362 7584
8129 7584
5400 7584
7370 7584
5777 7584
4178 7585
5217 7585
5513 7585
4447 7585
1895 7585
182 7585
807 7585
2951 7585
7935 7585
37 7585
370 7585
5767 7585
2630 7585
4701 7586
3281 7586
309 7586
4801 7586
7768 7586
1885 7586
6523 7586
1070 7586
3073 7586
7874 7586
2538 7587
1537 7587
6668 7587
8046 7587
1044 7587
1047 7587
7962 7587
3871 7587
3788 7587
457 7587
1487 7587
7827 7587
8190 7587
7302 7587
253 7587
7561 7587
1313 7587
439 7587
4138 7587
2313 7587
6701 7587
1355 7587
2303 7587
420 7588
852 7588
1157 7588
6167 7588
2814 7588
1721 7588
600 7588
6704 7588
3736 7588
6421 7588
1803 7588
7037 7588
5994 7588
7736 7588
7723 7588
5624 7588
5783 7588
7423 7589
8294 7589
1338 7589
5243 7589
4519 7589
7531 7589
4530 7589
3331 7589
4313 7589
8145 7589
1593 7589
934 7589
7463 7589
6677 7589
3912 7589
823 7590
1113 7590
6840 7590
3166 7590
6358 7590
4199 7590
6344 7590
1449 7590
7330 7590
4770 7590
4378 7590
7152 7590
884 7590
4206 7590
4266 7590
2529 7590
7717 7590
2395 7591
5396 7591
7796 7591
5472 7591
6577 7591
4699 7591
5682 7591
6667 7591
287 7591
4392 7591
4995 7591
543 7591
2638 7591
409 7591
6260 7591
1073 7591
1097 7591
2302 7591
7563 7591
3031 7591
717 7591
774 7591
2391 7592
5688 7592
1734 7592
6443 7592
6359 7592
2543 7592
433 7592
4061 7592
7859 7592
748 7592
708 7593
8261 7593
2150 7593
269 7593
4355 7593
450 7593
6927 7593
4273 7593
5740 7593
2663 7593
478 7593
6996 7593
6354 7593
8262 7593
5391 7593
457 7593
7512 7593
126 7593
7450 7593
1754 7593
7255 7593
7701 7594
7728 7594
4622 7594
3396 7594
5715 7594
7935 7594
2148 7594
7974 7594
6019 7594
4677 7594
2071 7594
1140 7594
7990 7594
3346 7594
405 7594
6961 7594
290 7594
7465 7594
808 7594
6545 7594
7074 7595
7565 7595
6078 7595
7794 7595
4920 7595
4789 7595
6431 7595
7381 7595
7228 7595
6748 7595
3117 7595
5830 7595
6809 7595
7271 7595
5245 7595
164 7595
4533 7595
2862 7596
6039 7596
3627 7596
1076 7596
8086 7596
4776 7596
7390 7596
10 7596
6590 7596
5097 7596
4743 7596
5812 7596
5687 7596
2360 7596
5909 7596
1514 7596
5817 7596
4738 7596
4093 7596
5582 7597
6380 7597
4711 7597
5103 7597
2217 7597
2348 7597
4213 7597
5555 7597
4882 7597
2822 7597
2758 7597
3559 7597
4592 7597
2840 7597
4413 7598
291 7598
7697 7598
713 7598
2256 7598
2033 7598
6950 7598
4144 7598
5783 7598
917 7598
8102 7598
2676 7598
6737 7599
4368 7599
3974 7599
5194 7599
353 7599
3519 7599
2634 7599
2103 7599
2001 7599
299 7599
6590 7599
2240 7599
127 7599
113 7599
7766 7599
5319 7599
6318 7599
2572 7600
649 7600
2831 7600
3327 7600
250 7600
6008 7600
7569 7600
2063 7600
1357 7600
7630 7600
6844 7600
6628 7600
3284 7600
6383 7600
6068 7600
5648 7600
6237 7601
8165 7601
7781 7601
2388 7601
6679 7601
4930 7601
2278 7601
3214 7601
6824 7601
238 7601
4546 7601
1701 7601
5500 7601
2636 7601
8190 7601
8220 7601
7618 7602
5910 7602
6937 7602
3382 7602
3149 7602
5621 7602
6554 7602
4065 7602
5771 7602
2625 7602
1524 7602
6828 7603
6124 7603
1174 7603
3964 7603
6015 7603
3251 7603
6862 7603
4554 7603
3027 7603
7013 7603
2450 7603
4130 7603
4661 7603
2293 7604
2557 7604
598 7604
8169 7604
6802 7604
5315 7604
21 7604
2924 7604
4633 7604
5044 7604
2072 7604
8289 7604
8245 7604
2499 7604
1129 7604
1044 7605
2633 7605
5688 7605
5566 7605
7466 7605
1078 7605
7532 7605
222 7605
3914 7605
1478 7605
2483 7605
6656 7605
1657 7605
6090 7605
5801 7605
369 7605
7185 7605
4561 7605
4114 7605
2070 7605
7475 7605
739 7605
8137 7605
7684 7606
1841 7606
7591 7606
3708 7606
5313 7606
6246 7606
1081 7606
2822 7606
7426 7606
5389 7606
5544 7606
7766 7606
3651 7607
1080 7607
2038 7607
661 7607
3314 7607
3985 7607
6661 7607
6803 7607
4017 7607
2879 7607
1921 7607
7189 7607
4948 7607
6232 7607
4282 7607
7597 7607
3745 7607
61 7607
82 7607
1978 7608
620 7608
3721 7608
3091 7608
4713 7608
1182 7608
8160 7608
7194 7608
3481 7608
7925 7608
6976 7608
3378 7608
3331 7608
3090 7608
4979 7608
5092 7608
7046 7608
8057 7609
6701 7609
3656 7609
4799 7609
5082 7609
3497 7609
2456 7609
6058 7609
2829 7609
4966 7609
2828 7609
585 7609
5624 7609
772 7609
3609 7609
3093 7609
4811 7609
5475 7609
1435 7610
467 7610
6776 7610
6364 7610
2542 7610
7196 7610
4266 7610
4220 7610
146 7610
528 7610
4375 7610
6154 7610
1723 7610
8135 7610
7338 7610
5982 7611
3092 7611
1529 7611
3523 7611
3168 7611
7572 7611
3517 7611
5114 7611
2471 7611
1447 7611
4299 7611
1293 7611
1707 7611
2807 7611
6758 7611
2228 7611
6429 7611
7612 7612
929 7612
2800 7612
4545 7612
3615 7612
4792 7612
6261 7612
4663 7612
408 7612
5093 7612
5608 7612
4536 7612
4550 7612
8175 7612
4026 7612
3077 7613
7085 7613
7155 7613
3555 7613
2841 7613
2679 7613
3022 7613
7668 7613
4496 7613
1986 7613
5022 7613
4466 7613
4454 7614
276 7614
3378 7614
1201 7614
4907 7614
3541 7614
5466 7614
7890 7614
2538 7614
4890 7614
3939 7614
3808 7614
2718 7614
4777 7614
1447 7615
2332 7615
5326 7615
560 7615
7194 7615
7639 7615
1344 7615
4248 7615
2881 7615
772 7615
1760 7615
5338 7615
6048 7615
71 7615
3936 7615
2913 7616
3021 7616
873 7616
5816 7616
2729 7616
6330 7616
7632 7616
4632 7616
1554 7616
553 7616
4374 7617
1977 7617
4248 7617
6470 7617
3776 7617
3615 7617
7978 7617
3972 7617
6653 7617
2516 7617
4866 7617
5945 7617
4001 7617
2188 7618
5215 7618
7611 7618
6898 7618
2811 7618
4274 7618
2705 7618
3607 7618
4570 7618
6266 7618
6017 7618
799 7618
2691 7619
2008 7619
6461 7619
228 7619
1641 7619
4625 7619
7800 7619
883 7619
7473 7619
3139 7619
4433 7619
491 7619
2931 7619
2235 7619
5734 7619
7228 7619
4075 7619
2814 7619
5078 7619
1610 7620
5554 7620
2362 7620
8165 7620
5238 7620
2729 7620
625 7620
6576 7620
398 7620
442 7621
61 7621
1810 7621
7569 7621
5058 7621
671 7621
3547 7621
1253 7621
4010 7621
3505 7621
2207 7621
283 7621
1502 7621
462 7621
4875 7621
2229 7621
3637 7621
7399 7621
3120 7622
1253 7622
8262 7622
5572 7622
6738 7622
1148 7622
1724 7622
1162 7622
7623 7623
5513 7623
4821 7623
2105 7623
623 7623
4339 7623
3445 7623
5217 7623
1782 7623
729 7623
2038 7623
4625 7623
3227 7623
5694 7623
6933 7623
5399 7623
21 7623
4233 7624
6887 7624
5610 7624
1213 7624
190 7624
7319 7624
6361 7624
757 7624
369 7624
2727 7624
6689 7624
4791 7624
1432 7624
5202 7624
6255 7624
7297 7624
6284 7625
6780 7625
7258 7625
7366 7625
4763 7625
7078 7625
581 7625
4277 7625
2849 7625
7626 7626
4238 7626
4277 7626
4943 7626
2809 7626
6065 7626
3338 7626
5379 7626
1542 7626
4669 7626
8186 7626
5866 7626
96 7626
8075 7626
2013 7626
1990 7627
8145 7627
6156 7627
2274 7627
3692 7627
6152 7627
145 7627
524 7627
6641 7627
171 7627
410 7627
6686 7627
2318 7627
7058 7627
2781 7627
8267 7627
7652 7627
1695 7627
3090 7627
4446 7627
1275 7627
4466 7627
2300 7627
3074 7627
3470 7628
1783 7628
487 7628
6796 7628
1396 7628
5411 7628
1995 7628
1835 7628
6201 7628
6286 7628
6022 7628
1419 7628
2188 7628
8174 7628
2675 7628
7997 7629
6923 7629
3068 7629
7149 7629
1552 7629
5628 7629
6812 7629
7873 7629
2013 7629
7797 7629
6969 7629
6198 7629
1842 7629
7172 7629
5897 7629
6144 7629
7265 7629
2542 7629
3912 7629
2849 7630
2564 7630
2890 7630
2430 7630
6496 7630
8129 7630
5126 7630
950 7630
4395 7630
7986 7630
2068 7630
1814 7630
629 7630
4321 7630
1902 7630
3611 7630
5349 7630
673 7630
6923 7631
7219 7631
8116 7631
2653 7631
6107 7631
2215 7631
7192 7631
4654 7631
738 7631
5988 7631
1498 7631
5402 7631
1460 7631
8265 7631
7932 7631
2359 7631
1489 7631
5125 7631
183 7631
937 7631
6164 7631
1242 7631
4981 7631
3851 7631
1262 7631
4434 7631
455 7631
7001 7632
1103 7632
6539 7632
5230 7632
1770 7632
7433 7632
2939 7632
7255 7632
4713 7632
1732 7632
4290 7632
2940 7632
7880 7632
6711 7632
1291 7632
7368 7633
371 7633
6221 7633
4710 7633
1709 7633
6649 7633
1108 7633
7523 7634
2563 7634
3817 7634
635 7634
3090 7634
4798 7634
3512 7634
5073 7634
7532 7634
4099 7634
3071 7634
5866 7634
5867 7634
266 7634
7797 7634
7754 7634
4104 7634
1333 7634
7048 7634
5156 7634
6400 7635
7333 7635
7710 7635
1063 7635
794 7635
1047 7635
920 7635
290 7635
3073 7635
8241 7635
6433 7635
3003 7635
5386 7635
3814 7636
6054 7636
3128 7636
3139 7636
4894 7636
5955 7636
4007 7636
1166 7636
181 7636
1857 7636
6186 7636
6641 7636
1727 7636
1965 7636
3939 7637
2387 7637
160 7637
8041 7637
3742 7637
7983 7637
4257 7637
2978 7637
4646 7637
1631 7637
4564 7637
3086 7637
750 7637
268 7637
4817 7638
3009 7638
4797 7638
7721 7638
5344 7638
4892 7638
1135 7638
5283 7638
4374 7638
5690 7638
5450 7638
634 7638
4844 7638
7060 7638
5358 7638
6206 7638
6693 7638
1181 7638
5390 7639
908 7639
5574 7639
6626 7639
410 7639
4137 7639
4856 7639
3641 7639
1990 7639
6123 7639
7882 7639
373 7639
5473 7640
6621 7640
7057 7640
4762 7640
737 7640
119 7640
1915 7640
6888 7640
400 7640
287 7640
8263 7640
8116 7640
2182 7640
146 7640
3245 7640
1055 7640
6856 7640
5630 7640
5591 7641
6712 7641
6715 7641
7732 7641
4266 7641
7344 7641
2316 7641
6377 7641
2776 7641
2921 7641
6547 7641
1134 7641
7882 7641
6313 7641
5801 7641
6965 7641
4257 7641
6862 7641
4983 7641
8221 7641
2033 7641
1672 7641
7572 7642
7642 7642
3640 7642
2405 7642
993 7642
3303 7642
2237 7642
4933 7642
5253 7642
4105 7642
6211 7642
8114 7642
6719 7643
6549 7643
2890 7643
2054 7643
759 7643
3062 7643
2478 7643
6229 7643
6007 7643
7282 7643
3431 7643
3837 7643
2543 7643
3119 7643
5761 7643
5374 7643
6274 7643
2763 7643
2758 7643
291 7644
4101 7644
7364 7644
4579 7644
5652 7644
1996 7644
194 7644
4872 7644
5900 7644
6651 7644
499 7644
4989 7644
2320 7644
4086 7644
7075 7644
5561 7644
2523 7645
2361 7645
1032 7645
6911 7645
8108 7645
7600 7645
4536 7645
5805 7645
5640 7645
7014 7645
78 7645
344 7645
5324 7645
4278 7645
3082 7645
4959 7645
7775 7645
7115 7646
7941 7646
3531 7646
1483 7646
3229 7646
1405 7646
7712 7646
2333 7646
8290 7646
1615 7646
3710 7646
804 7646
4807 7646
6539 7646
1462 7647
3170 7647
5815 7647
1552 7647
1896 7647
3529 7647
6677 7647
4277 7647
5778 7647
6973 7647
3989 7647
7883 7647
904 7647
216 7647
240 7647
906 7647
584 7648
4114 7648
5958 7648
5777 7648
4206 7648
6288 7648
803 7648
7159 7648
1766 7648
5836 7648
3807 7648
4059 7648
2397 7648
1134 7648
6111 7648
6910 7648
7065 7648
1367 7648
6053 7648
4663 7648
2034 7648
4998 7649
733 7649
655 7649
1949 7649
5125 7649
6058 7649
5264 7649
4108 7649
5755 7649
5757 7649
1206 7649
5453 7649
592 7649
4770 7649
166 7649
5514 7649
1783 7649
138 7649
7951 7650
6206 7650
5202 7650
7113 7650
7745 7650
3435 7650
4179 7650
4516 7650
2265 7650
2720 7650
4901 7650
4592 7650
2822 7650
7349 7651
5434 7651
6866 7651
8100 7651
2694 7651
5289 7651
481 7651
3060 7651
4977 7651
5732 7651
5837 7651
5640 7651
7149 7651
7610 7651
4037 7651
6090 7652
6621 7652
2123 7652
7086 7652
980 7652
3105 7652
4587 7652
4173 7652
1474 7652
23 7652
2434 7652
6124 7652
5745 7652
6661 7652
7433 7652
1546 7652
4107 7652
4059 7652
90 7653
3040 7653
5615 7653
2352 7653
3229 7653
6117 7653
4109 7653
6817 7653
489 7653
3922 7653
5345 7653
6673 7653
2475 7653
1087 7653
4349 7653
981 7653
7038 7653
121 7653
2949 7653
5855 7653
7022 7653
4887 7654
3507 7654
3688 7654
3426 7654
3242 7654
7070 7654
5511 7654
3303 7654
4140 7654
2342 7654
3314 7655
3366 7655
2776 7655
7573 7655
2769 7655
2334 7655
275 7655
1887 7655
2394 7655
5045 7655
5354 7655
2230 7655
2088 7655
6075 7655
3144 7655
4519 7655
5644 7655
5803 7655
7019 7655
1792 7655
992 7655
8075 7655
5705 7655
7423 7655
832 7655
1859 7656
6124 7656
3566 7656
3200 7656
990 7656
772 7656
4731 7656
4530 7656
6165 7656
4109 7656
7408 7656
3460 7657
7866 7657
4087 7657
2261 7657
5222 7657
1373 7657
1445 7657
6279 7657
6741 7657
8176 7657
3453 7657
5177 7657
7809 7658
3027 7658
4573 7658
3792 7658
1207 7658
5461 7658
2409 7658
1987 7658
7644 7658
6615 7658
5296 7658
247 7658
4843 7658
984 7658
6633 7658
4781 7658
7659 7659
3998 7659
6912 7659
365 7659
5379 7659
5738 7659
3958 7659
3497 7659
3267 7659
6937 7659
4777 7659
7593 7659
1135 7659
5211 7660
3026 7660
669 7660
5524 7660
5296 7660
841 7660
5619 7660
5708 7660
6244 7660
5754 7660
14 7660
5320 7660
5895 7660
3980 7660
1406 7660
7145 7660
4648 7660
6564 7660
632 7660
79 7660
5057 7661
1653 7661
4423 7661
1006 7661
148 7661
3211 7661
5250 7661
4060 7661
5614 7661
1691 7661
2983 7661
8270 7661
7533 7661
1182 7661
4181 7661
7014 7661
7570 7661
6305 7661
4896 7661
525 7661
4193 7661
7135 7662
8041 7662
7912 7662
3671 7662
7518 7662
6727 7662
153 7662
8160 7662
4199 7662
1382 7662
825 7662
2037 7662
5990 7662
1998 7662
1704 7662
4492 7663
2398 7663
4965 7663
610 7663
1517 7663
3588 7663
5964 7663
6145 7663
4998 7663
520 7663
731 7663
2123 7663
6760 7663
6251 7663
7431 7663
4539 7663
6594 7663
5499 7664
5868 7664
6779 7664
3488 7664
4220 7664
3969 7664
4233 7664
1892 7664
3939 7664
559 7664
1722 7664
1105 7664
6675 7664
404 7664
3669 7664
4981 7665
2061 7665
2355 7665
5725 7665
3165 7665
7182 7665
5457 7665
2698 7665
3024 7665
7825 7665
1558 7665
3551 7665
4526 7665
2725 7665
1069 7665
33 7665
4109 7665
5299 7665
4866 7665
7666 7666
3117 7666
1502 7666
7092 7666
5549 7666
5468 7666
7141 7666
7727 7666
7001 7666
3938 7666
3549 7666
4714 7666
7610 7666
7731 7666
7632 7666
3408 7667
5433 7667
7424 7667
2524 7667
5461 7667
4596 7667
4988 7667
8224 7667
3507 7667
3794 7667
5430 7667
2581 7667
4958 7667
190 7667
96 7667
170 7667
559 7667
3590 7667
1828 7667
3870 7667
46 7667
8142 7667
7105 7667
1657 7667
6723 7667
8002 7667
1908 7668
7048 7668
5982 7668
4579 7668
5919 7668
4972 7668
1044 7668
2274 7668
5227 7668
4591 7668
7173 7668
7044 7668
3119 7668
718 7668
4456 7668
1268 7668
4925 7668
4217 7668
4857 7668
6831 7669
8008 7669
5614 7669
1443 7669
3309 7669
2331 7669
6827 7669
6681 7669
7732 7669
1049 7669
2891 7669
4307 7669
632 7669
6364 7669
4884 7669
7017 7669
375 7669
2291 7670
1387 7670
6320 7670
4062 7670
419 7670
7728 7670
7553 7670
7742 7670
1311 7670
7011 7670
756 7670
4400 7670
5973 7670
3768 7670
4830 7670
1681 7671
4723 7671
3667 7671
7132 7671
6435 7671
5172 7671
1516 7671
2410 7671
1372 7671
6325 7671
3280 7671
5807 7671
3219 7672
5077 7672
6800 7672
1851 7672
2922 7672
5502 7672
3479 7672
2499 7672
6805 7672
6116 7672
43 7672
7120 7672
5575 7672
230 7672
253 7672
7310 7673
7673 7673
4045 7673
5654 7673
120 7673
787 7673
3786 7673
6908 7673
1382 7673
5286 7673
5794 7673
4820 7673
5225 7673
1268 7674
6572 7674
6465 7674
3950 7674
6704 7674
2319 7674
4339 7674
7204 7674
5742 7674
2541 7674
5837 7674
1943 7674
2057 7674
880 7674
3485 7674
4384 7674
8162 7674
2071 7674
8032 7674
300 7674
4876 7675
300 7675
3040 7675
7206 7675
3001 7675
1549 7675
2692 7675
1304 7675
238 7675
5123 7675
4890 7675
369 7675
7366 7675
1653 7675
5691 7675
4936 7676
5583 7676
4702 7676
2375 7676
4901 7676
1084 7676
178 7676
6502 7676
563 7676
3770 7676
5289 7676
164 7676
2663 7676
6658 7676
6022 7676
4874 7676
825 7676
4929 7676
6984 7676
8293 7676
7677 7677
1370 7677
3242 7677
4800 7677
7825 7677
7711 7677
2865 7677
3794 7677
8078 7677
2306 7677
5271 7677
394 7677
7925 7677
7538 7677
5126 7677
3310 7677
5498 7677
3010 7677
1311 7677
7245 7677
6376 7678
658 7678
2908 7678
4134 7678
6587 7678
5039 7678
1340 7678
5279 7678
144 7678
4112 7679
6943 7679
2316 7679
1601 7679
4024 7679
5283 7679
3717 7679
1579 7679
7512 7679
4530 7679
4431 7679
2409 7679
4835 7679
1151 7679
3016 7679
5983 7679
5814 7679
3354 7679
7369 7679
5768 7679
5551 7680
3492 7680
6191 7680
3930 7680
6858 7680
426 7680
6631 7680
1595 7680
3958 7680
787 7680
3499 7680
718 7680
2697 7680
4375 7680
3151 7680
5426 7680
2926 7680
1534 7680
1364 7680
2509 7680
6690 7680
5552 7681
7193 7681
5012 7681
4841 7681
6175 7681
6914 7681
624 7681
4981 7681
2316 7681
1254 7681
6369 7681
4558 7681
2802 7681
5895 7681
8289 7681
7932 7681
5056 7681
4958 7681
6522 7681
4156 7682
4630 7682
3353 7682
6861 7682
2976 7682
455 7682
1625 7682
716 7682
3104 7682
2405 7682
4874 7683
3565 7683
126 7683
5524 7683
6377 7683
2047 7683
2786 7683
7159 7683
5817 7683
6248 7683
4007 7683
6531 7683
7765 7684
4374 7684
3093 7684
3454 7684
2151 7684
145 7684
2433 7684
1369 7684
6653 7684
7651 7684
1214 7684
4358 7684
4496 7684
7013 7684
3774 7684
2545 7684
7889 7684
3930 7685
7930 7685
135 7685
3728 7685
3481 7685
3519 7685
3717 7685
4723 7685
963 7685
1648 7685
1860 7685
7245 7685
97 7685
7127 7685
3338 7685
8218 7685
5130 7686
8290 7686
7686 7686
8035 7686
7059 7686
1213 7686
5742 7686
7920 7686
6598 7686
5112 7686
1614 7686
3453 7686
7845 7686
1151 7686
1897 7686
7983 7686
3764 7686
399 7686
4036 7686
7428 7686
2921 7687
120 7687
6165 7687
1189 7687
3168 7687
6268 7687
106 7687
1411 7687
6735 7687
6919 7687
6559 7687
658 7687
3517 7687
2935 7687
7371 7688
5831 7688
5550 7688
1569 7688
6231 7688
3474 7688
7689 7689
7269 7689
560 7689
2085 7689
5815 7689
5785 7689
2721 7689
4741 7689
3286 7689
174 7689
456 7689
5644 7689
7202 7689
1473 7689
5351 7689
5705 7689
5428 7689
4678 7689
7018 7689
5273 7689
7865 7689
6250 7690
4190 7690
5113 7690
2939 7690
6336 7690
3329 7690
982 7690
4051 7690
5569 7690
5351 7690
8090 7690
996 7690
6469 7690
4609 7690
617 7690
6689 7690
3735 7690
2933 7690
4529 7690
1494 7690
4080 7691
1342 7691
2105 7691
208 7691
1746 7691
1031 7691
6248 7691
6986 7691
6685 7691
4866 7691
1715 7691
1339 7691
628 7691
3342 7691
494 7691
1093 7691
1264 7691
5878 7691
2331 7692
5959 7692
4636 7692
2930 7692
6744 7692
6994 7692
6207 7692
5322 7692
999 7692
6257 7692
171 7692
2302 7692
1718 7692
6032 7692
4010 7692
950 7692
4738 7692
4052 7692
3651 7692
2597 7692
1291 7693
7625 7693
1183 7693
5826 7693
308 7693
1233 7693
7620 7693
608 7693
5345 7693
8291 7693
90 7693
3421 7693
3990 7693
6048 7693
2214 7693
257 7693
6132 7693
6057 7693
2529 7694
5532 7694
4738 7694
1762 7694
2692 7694
5754 7694
151 7694
7600 7694
3068 7694
5518 7694
1148 7694
2006 7694
7946 7694
1105 7694
2319 7694
4570 7694
4813 7694
4198 7694
7262 7694
4465 7694
4566 7695
1015 7695
3754 7695
2480 7695
6908 7695
3397 7695
5936 7695
7127 7695
4851 7695
4908 7695
3260 7695
182 7695
7595 7695
5637 7695
1935 7695
5375 7695
3581 7695
2006 7695
6441 7695
6460 7695
2726 7695
1866 7695
7843 7695
8100 7696
5947 7696
7744 7696
3863 7696
1967 7696
566 7696
19 7696
6188 7696
5102 7696
8070 7696
6014 7696
6595 7696
7865 7696
4191 7696
1650 7696
763 7696
2427 7696
4579 7696
8262 7696
1816 7696
5182 7696
173 7696
2105 7697
7803 7697
3466 7697
4885 7697
4249 7697
1578 7697
5470 7697
1890 7697
8 7697
4184 7697
1779 7697
7835 7697
5103 7698
2063 7698
6412 7698
1859 7698
614 7698
3153 7698
2429 7698
98 7698
5936 7698
5734 7698
3976 7698
1487 7698
3883 7698
1765 7698
1006 7698
3930 7698
5664 7698
40 7698
3863 7698
2306 7698
6465 7698
7990 7699
4684 7699
7699 7699
447 7699
489 7699
3743 7699
1860 7699
7217 7699
208 7699
7466 7699
3073 7699
1371 7699
2248 7699
6567 7699
6416 7699
706 7699
2777 7699
6861 7699
1749 7699
5449 7699
2740 7699
7873 7699
6355 7700
4699 7700
1594 7700
7341 7700
1542 7700
7569 7700
5689 7700
6827 7700
2487 7700
1605 7700
1105 7700
4077 7700
3233 7700
2908 7701
3068 7701
7382 7701
2240 7701
5501 7701
5636 7701
2257 7701
3551 7701
4357 7701
2078 7701
6068 7701
6025 7701
63 7701
4901 7701
3573 7701
1701 7702
7702 7702
3541 7702
584 7702
5443 7702
3028 7702
4512 7702
7768 7702
2455 7702
663 7702
374 7702
7256 7702
3917 7702
3375 7702
8075 7702
2332 7702
7713 7702
5214 7702
2732 7702
7215 7702
4482 7702
7127 7702
4329 7703
4251 7703
7215 7703
7424 7703
5387 7703
6292 7703
3473 7703
5780 7703
7465 7703
7775 7703
2707 7703
7330 7703
4890 7703
2282 7703
1457 7703
5781 7703
1745 7703
4881 7703
649 7703
7552 7703
1715 7703
2908 7703
3232 7704
6253 7704
4180 7704
5459 7704
5419 7704
1118 7704
863 7704
3882 7704
4903 7704
5386 7704
6592 7704
620 7705
869 7705
504 7705
6814 7705
780 7705
7648 7705
488 7705
1716 7705
1475 7705
7217 7705
3635 7705
1060 7706
1408 7706
4189 7706
6474 7706
6961 7706
2007 7706
7648 7706
4539 7706
3597 7706
8176 7706
8201 7706
7448 7706
294 7706
3889 7706
7048 7706
