7572 7706
2470 7706
4273 7706
2761 7706
3293 7707
1993 7707
7707 7707
4921 7707
7772 7707
6828 7707
226 7707
5513 7707
2593 7707
1514 7707
4926 7707
6083 7707
6162 7708
5248 7708
7585 7708
6895 7708
2191 7708
221 7708
5664 7708
682 7708
2115 7708
829 7708
8070 7708
4573 7708
814 7708
4883 7708
350 7708
1406 7708
5666 7708
6242 7708
5963 7708
5423 7709
7692 7709
993 7709
2941 7709
1686 7709
2332 7709
4638 7709
3859 7709
34 7709
5387 7709
5399 7709
3400 7710
2140 7710
2248 7710
727 7710
3234 7710
3517 7710
4165 7710
3929 7710
2423 7710
3107 7710
7107 7710
249 7711
2661 7711
4459 7711
548 7711
791 7711
7251 7711
2164 7711
3351 7711
597 7711
6366 7711
5169 7711
3079 7711
5512 7711
4935 7711
4562 7711
697 7711
5772 7711
1653 7711
3941 7711
7369 7712
5311 7712
6653 7712
2919 7712
8178 7712
941 7712
6865 7712
529 7712
4258 7712
5121 7712
3518 7712
7793 7712
1194 7712
7388 7712
4530 7712
3547 7712
3606 7712
5396 7712
3031 7712
5399 7712
5750 7713
2299 7713
2204 7713
3196 7713
3366 7713
5872 7713
2845 7713
1810 7713
675 7714
565 7714
7335 7714
7374 7714
3302 7714
6150 7714
4141 7714
4444 7714
3196 7714
1866 7714
3580 7714
3930 7714
7975 7714
5599 7714
5591 7715
1901 7715
7753 7715
358 7715
5477 7715
7310 7715
289 7715
5188 7715
3753 7715
308 7715
6110 7715
3141 7715
1783 7715
6752 7715
735 7715
6126 7715
4258 7715
913 7716
2502 7716
7559 7716
5591 7716
1401 7716
7787 7716
76 7716
7952 7717
2060 7717
1073 7717
2333 7717
5421 7717
3466 7717
2533 7717
1784 7717
6550 7717
7 7717
3646 7717
3212 7717
1015 7717
3252 7717
1694 7717
7333 7717
722 7717
4807 7717
5695 7717
2738 7717
5538 7718
2891 7718
1674 7718
769 7718
6579 7718
63 7718
7678 7718
7803 7718
4544 7718
7995 7718
3774 7718
284 7718
2366 7718
3296 7719
2554 7719
7287 7719
3059 7719
3892 7719
5324 7719
662 7719
4633 7719
5412 7719
7898 7719
7532 7719
7342 7719
1722 7719
1559 7719
4065 7719
2854 7719
6675 7719
5429 7719
4362 7719
423 7719
4573 7719
5974 7719
6267 7719
1355 7719
5771 7719
3405 7720
6709 7720
3668 7720
4119 7720
7423 7720
6675 7720
7144 7720
6230 7720
390 7720
2080 7721
5077 7721
7435 7721
2427 7721
685 7721
1378 7721
7321 7721
3405 7721
2126 7721
5483 7721
3988 7721
6477 7721
5528 7721
7562 7721
7717 7721
2306 7721
390 7721
3781 7721
6776 7721
2494 7721
5358 7721
1486 7721
5761 7722
3246 7722
3075 7722
4548 7722
3030 7722
549 7722
5667 7722
1652 7722
5843 7722
3699 7722
854 7722
3850 7722
174 7723
1913 7723
6428 7723
50 7723
5470 7723
3220 7723
7127 7723
7225 7723
6531 7723
2704 7723
7937 7723
7300 7723
7019 7723
2628 7723
4040 7724
823 7724
5405 7724
5072 7724
1857 7724
2985 7724
5271 7724
7009 7724
7725 7724
2053 7724
2529 7724
6469 7724
3657 7724
3519 7724
5300 7724
4376 7725
3609 7725
3294 7725
1187 7725
4486 7725
4349 7725
4082 7725
3879 7725
1569 7725
7940 7725
1204 7725
1020 7725
6118 7725
5830 7725
5165 7725
33 7725
1784 7725
5670 7725
8165 7725
6129 7725
7534 7725
2085 7725
2214 7725
5109 7725
1728 7726
6243 7726
4938 7726
2661 7726
4022 7726
7338 7726
5912 7726
5121 7726
5374 7726
3101 7726
7590 7726
7890 7726
2550 7726
2940 7726
5163 7727
6 7727
1408 7727
3421 7727
5333 7727
6295 7727
6090 7727
6067 7727
4627 7727
1308 7727
5134 7727
1371 7727
305 7727
1935 7727
628 7727
829 7728
78 7728
54 7728
2320 7728
6616 7728
2568 7728
7286 7728
1481 7728
2145 7728
6971 7728
2780 7728
4884 7728
4129 7728
797 7728
8293 7728
4925 7728
1253 7728
2989 7728
3396 7728
1774 7728
7729 7729
8241 7729
6451 7729
7090 7729
3945 7729
3116 7729
6592 7729
5358 7729
1261 7729
3641 7729
1194 7729
467 7729
1742 7729
995 7729
7493 7729
2048 7729
6893 7730
3580 7730
5647 7730
5018 7730
285 7730
4490 7730
1493 7730
7365 7730
7509 7730
2391 7730
1342 7730
187 7730
1144 7730
4194 7730
3512 7730
2488 7730
469 7730
5592 7730
8090 7730
7569 7730
996 7730
713 7730
141 7730
7909 7730
3663 7730
588 7730
5072 7731
1683 7731
7194 7731
681 7731
735 7731
2625 7731
1344 7731
1997 7731
4910 7731
4593 7731
6833 7731
1947 7731
4237 7731
961 7731
1156 7731
7889 7732
6769 7732
7256 7732
6513 7732
6592 7732
1161 7732
6720 7732
346 7732
6708 7732
3069 7732
4839 7732
7944 7732
1467 7732
3571 7732
5709 7732
1959 7733
7781 7733
6210 7733
4551 7733
7342 7733
7514 7733
2933 7733
1994 7733
5968 7733
3847 7733
4282 7733
1331 7733
7021 7733
5114 7733
8155 7733
1823 7733
1179 7733
51 7733
1914 7734
7297 7734
2726 7734
5214 7734
6108 7734
4936 7734
3230 7734
2300 7734
492 7734
6035 7734
5462 7735
5418 7735
222 7735
1277 7735
2641 7735
740 7735
7695 7735
4439 7735
7916 7735
6769 7735
460 7735
8176 7735
7227 7735
5329 7735
2962 7735
8252 7735
4698 7736
4807 7736
2032 7736
814 7736
138 7736
8266 7736
6198 7736
7096 7736
1871 7736
6160 7736
5663 7736
3840 7736
2310 7736
4802 7736
5102 7736
1967 7737
7008 7737
3949 7737
7285 7737
7535 7737
6389 7737
6879 7737
7691 7737
2734 7737
362 7737
7428 7738
7738 7738
2018 7738
2958 7738
6768 7738
3555 7738
7206 7738
3511 7738
5379 7738
5133 7738
7687 7738
6019 7738
3842 7738
611 7738
8067 7738
5704 7738
7669 7739
5176 7739
6805 7739
935 7739
2537 7739
285 7739
6427 7739
697 7739
1185 7739
6516 7739
7521 7739
88 7739
7974 7739
3545 7739
381 7739
2316 7739
44 7739
7002 7740
6524 7740
2841 7740
873 7740
974 7740
224 7740
965 7740
2715 7740
2720 7740
2967 7740
4608 7740
141 7740
3289 7740
894 7740
1134 7740
5224 7740
5602 7740
3260 7740
2679 7740
7652 7740
826 7741
6067 7741
6279 7741
5784 7741
2836 7741
5605 7741
608 7741
2057 7741
6164 7741
6064 7741
6355 7741
5022 7741
2301 7741
4686 7741
5881 7741
212 7741
5799 7741
7121 7741
451 7741
3581 7741
4893 7741
6150 7741
6410 7742
6142 7742
3825 7742
6601 7742
5461 7742
2893 7742
424 7742
2924 7742
3250 7742
4334 7742
6547 7742
7741 7742
3562 7742
8263 7742
3145 7742
7260 7743
2594 7743
6429 7743
3294 7743
4506 7743
7045 7743
4723 7743
6778 7743
7094 7743
5306 7744
7290 7744
1850 7744
974 7744
5723 7744
2582 7744
4888 7744
5135 7744
7714 7744
3550 7744
5758 7744
2109 7744
3582 7744
1262 7744
5183 7744
3269 7744
2030 7744
3074 7745
6304 7745
5183 7745
6512 7745
7228 7745
1449 7745
449 7745
5333 7745
3718 7745
1224 7745
3974 7745
5006 7745
4996 7745
884 7745
1645 7745
5387 7745
5545 7745
969 7746
675 7746
270 7746
3810 7746
2038 7746
3050 7746
7651 7746
6718 7746
3668 7746
7588 7746
4713 7746
5028 7746
1962 7746
565 7746
1985 7746
887 7747
8226 7747
1159 7747
3026 7747
7861 7747
2122 7747
2459 7747
3188 7747
8033 7747
6230 7747
7225 7747
2570 7747
1451 7747
4748 7747
175 7748
3891 7748
4994 7748
294 7748
1242 7748
4965 7748
4794 7748
7665 7748
7087 7748
5875 7748
582 7749
6695 7749
3098 7749
7595 7749
7972 7749
562 7749
3992 7749
3243 7749
5775 7749
1760 7749
1994 7749
3016 7749
7605 7749
7448 7749
2933 7749
3168 7750
3287 7750
3314 7750
7189 7750
2593 7750
1974 7750
3931 7750
6087 7750
14 7750
7398 7750
4109 7750
5119 7750
3506 7750
723 7750
3120 7750
2118 7750
7573 7750
4242 7750
1626 7750
2957 7750
7927 7750
1609 7750
7053 7751
8030 7751
6072 7751
3391 7751
4061 7751
73 7751
2348 7751
137 7751
6094 7751
5994 7751
6794 7751
3051 7751
3165 7751
2676 7751
2844 7751
4641 7751
7240 7751
169 7751
5961 7751
5991 7751
7865 7751
7705 7752
1162 7752
712 7752
5714 7752
2443 7752
1300 7752
3497 7752
2272 7752
5512 7752
8285 7752
1084 7752
7314 7752
4521 7752
2769 7752
6712 7753
6355 7753
395 7753
3847 7753
8272 7753
5221 7753
1332 7753
4338 7753
5568 7753
4943 7753
7862 7753
5293 7753
6095 7753
4397 7753
3332 7753
7867 7753
6116 7753
7048 7754
197 7754
1401 7754
198 7754
1657 7754
973 7754
4758 7754
4564 7754
8172 7754
7340 7754
3073 7754
5986 7754
7907 7754
4862 7754
6659 7754
2291 7755
7451 7755
3397 7755
806 7755
4005 7755
6230 7755
7333 7755
3824 7755
7539 7755
4139 7755
2920 7755
2173 7755
6496 7755
5215 7755
4638 7755
5142 7755
4576 7756
256 7756
5620 7756
7319 7756
2037 7756
999 7756
2982 7756
7018 7756
1348 7756
8206 7756
3058 7756
3728 7756
5232 7756
1892 7756
1767 7756
7238 7756
1782 7757
2542 7757
1391 7757
3552 7757
3261 7757
4789 7757
1432 7757
3790 7757
4972 7757
712 7757
4858 7757
6321 7757
4750 7757
5666 7757
7357 7757
4861 7758
6007 7758
365 7758
3791 7758
4278 7758
2313 7758
6831 7758
856 7758
1921 7758
7058 7758
4079 7758
5153 7758
5700 7758
3058 7758
4480 7759
2810 7759
622 7759
4156 7759
1388 7759
7825 7759
2760 7759
5597 7759
3973 7759
6435 7759
1781 7759
6406 7759
532 7759
2532 7759
583 7759
3657 7759
7201 7759
2111 7759
8129 7759
1931 7759
1263 7760
3658 7760
8157 7760
5315 7760
2968 7760
5433 7760
5866 7760
4576 7760
4022 7760
7480 7760
2231 7760
423 7760
4716 7760
3253 7760
7451 7760
621 7760
3985 7761
1752 7761
7355 7761
868 7761
1692 7761
724 7761
6414 7761
2900 7761
7562 7761
3934 7761
2332 7761
6506 7761
223 7761
888 7761
3989 7762
5055 7762
638 7762
4394 7762
5205 7762
280 7762
8080 7762
8133 7762
8203 7762
7730 7762
6996 7762
6234 7762
7807 7763
6608 7763
4221 7763
7227 7763
5514 7763
2228 7763
6221 7763
2039 7763
6165 7763
3590 7763
48 7763
5684 7763
1786 7763
5163 7763
650 7764
7764 7764
50 7764
3571 7764
8173 7764
7197 7764
6966 7764
321 7764
7341 7764
125 7764
7990 7764
1973 7764
4565 7764
6697 7764
7225 7764
2182 7764
4885 7765
3601 7765
6152 7765
5335 7765
2188 7765
8045 7765
2814 7765
4520 7765
3482 7765
2985 7765
2222 7765
1481 7765
3267 7765
2420 7765
181 7765
7887 7765
5272 7765
4826 7765
3441 7765
1537 7765
1067 7766
4160 7766
4853 7766
6076 7766
2137 7766
2833 7766
3132 7766
1219 7766
7680 7766
6255 7766
5697 7766
8230 7766
2004 7766
3344 7766
2050 7766
1192 7766
685 7766
2683 7766
5959 7766
6347 7767
1803 7767
910 7767
2569 7767
6547 7767
1974 7767
7194 7767
8224 7767
7432 7767
1701 7767
1390 7767
5438 7767
1231 7767
2170 7767
3675 7768
5272 7768
6339 7768
2019 7768
6730 7768
3919 7768
6852 7768
3132 7768
309 7768
7722 7768
4581 7768
3601 7769
3083 7769
709 7769
6049 7769
3253 7769
1775 7769
2761 7769
3407 7769
3700 7769
826 7769
3260 7769
1528 7770
3568 7770
1045 7770
2607 7770
2809 7770
5947 7770
4726 7770
3209 7770
4047 7770
5990 7770
3062 7770
6682 7770
2123 7770
1712 7770
7475 7770
5301 7770
3788 7770
7078 7770
6271 7770
5414 7771
3184 7771
1484 7771
6820 7771
3963 7771
7365 7771
1756 7771
5614 7771
1060 7771
2683 7771
639 7771
3085 7771
5156 7771
2475 7771
1790 7771
1408 7771
6154 7771
7379 7771
1277 7771
1878 7771
3353 7771
6008 7772
4595 7772
3669 7772
327 7772
1921 7772
1816 7772
257 7772
5750 7772
1493 7772
7146 7772
973 7772
5947 7772
3294 7772
2279 7772
5199 7772
1559 7772
4000 7772
4978 7772
5466 7772
6039 7773
1997 7773
993 7773
1218 7773
5285 7773
213 7773
2972 7773
6627 7773
4765 7773
5158 7773
1709 7773
5714 7773
2320 7773
4224 7773
6091 7774
1175 7774
7231 7774
7740 7774
1844 7774
2335 7774
8135 7774
2351 7774
672 7774
4000 7774
2118 7774
3645 7774
5976 7774
8084 7774
4648 7775
7028 7775
169 7775
6769 7775
4574 7775
4941 7775
8208 7775
6004 7775
6705 7775
2105 7775
232 7775
1497 7775
3339 7775
3307 7775
2833 7775
7066 7775
5398 7775
1774 7775
7818 7775
3272 7776
6364 7776
515 7776
5734 7776
3753 7776
6433 7776
7776 7776
2308 7776
364 7776
2905 7776
965 7776
1078 7777
4727 7777
4884 7777
1186 7777
5114 7777
1221 7777
1953 7777
3758 7777
4915 7777
25 7777
4220 7777
1564 7777
1190 7777
5087 7777
5908 7777
4632 7778
2085 7778
1234 7778
431 7778
8034 7778
6388 7778
3312 7778
4985 7778
1323 7778
5775 7778
2403 7778
6701 7778
936 7778
1349 7778
361 7778
6529 7778
5758 7779
1451 7779
5214 7779
4750 7779
141 7779
4695 7779
1699 7779
2804 7779
5044 7779
2666 7779
6163 7779
7859 7779
4785 7779
7986 7779
264 7779
6908 7779
1923 7779
5470 7780
5667 7780
7768 7780
4657 7780
3676 7780
1451 7780
4897 7780
633 7780
6743 7780
663 7780
2424 7780
6798 7780
2983 7780
42 7781
3973 7781
4665 7781
7944 7781
7183 7781
2404 7781
3697 7781
8072 7781
6706 7781
3772 7781
5123 7781
3123 7782
3518 7782
3522 7782
4829 7782
965 7782
7463 7782
7052 7782
1911 7782
5754 7782
1681 7782
5152 7782
6811 7782
140 7782
2231 7782
7982 7783
6688 7783
5273 7783
199 7783
1036 7783
5238 7783
5039 7783
363 7783
7443 7783
7166 7783
6642 7783
5912 7783
6746 7783
5931 7783
7784 7784
3539 7784
6563 7784
3789 7784
7681 7784
4820 7784
5435 7784
3971 7784
1106 7784
3244 7784
6595 7784
6051 7784
3075 7784
417 7784
2638 7784
7177 7784
3281 7784
551 7784
6221 7784
4711 7784
5008 7784
522 7785
4167 7785
5602 7785
2164 7785
3446 7785
2597 7785
832 7785
5478 7785
4791 7785
2829 7785
7196 7785
3314 7785
258 7785
466 7785
6763 7785
2654 7785
4745 7785
1796 7786
5248 7786
5764 7786
3780 7786
2555 7786
2728 7786
5637 7786
3770 7786
4277 7786
6729 7786
7772 7786
1956 7786
2161 7787
1497 7787
4822 7787
4595 7787
6353 7787
676 7787
103 7787
49 7787
863 7787
976 7787
8015 7787
6767 7787
2235 7788
5056 7788
7074 7788
590 7788
348 7788
4005 7788
2705 7788
4404 7788
6936 7788
3008 7788
6145 7788
4521 7788
2909 7788
1841 7788
4191 7788
2634 7788
3052 7788
7433 7789
6428 7789
5309 7789
757 7789
6414 7789
7737 7789
7389 7789
829 7789
2976 7789
7281 7789
3284 7789
1200 7789
2619 7789
7607 7789
5951 7789
3742 7790
5016 7790
4759 7790
4840 7790
4090 7790
1120 7790
6319 7790
2034 7790
5102 7790
7170 7790
5714 7790
5816 7790
1454 7790
5207 7790
30 7790
7809 7790
2148 7790
4445 7790
4779 7790
5225 7790
1352 7790
5230 7791
470 7791
270 7791
6948 7791
8204 7791
725 7791
7284 7791
1860 7791
5242 7791
3825 7791
195 7791
6994 7791
4908 7791
5133 7791
5103 7791
7263 7791
3016 7791
4594 7791
3635 7792
6366 7792
1227 7792
2607 7792
5550 7792
5907 7792
3475 7792
7286 7792
4000 7792
1690 7792
199 7792
1041 7792
1032 7792
5406 7792
2988 7793
869 7793
2865 7793
906 7793
4682 7793
7443 7793
4896 7793
4936 7793
7883 7793
8264 7793
2075 7793
6844 7793
2047 7793
6302 7793
4747 7793
2575 7793
5814 7793
3055 7793
2135 7793
622 7793
4536 7793
2119 7793
4333 7793
3159 7793
3817 7794
6994 7794
6472 7794
3012 7794
2594 7794
989 7794
7944 7794
7048 7794
619 7794
2088 7794
7772 7794
2065 7794
2413 7794
6104 7794
8259 7794
3789 7794
6798 7795
2325 7795
7408 7795
2497 7795
6273 7795
2727 7795
7974 7795
6325 7795
79 7795
7949 7795
7775 7795
6676 7795
6134 7795
6753 7795
7014 7795
7338 7795
3913 7795
3657 7795
2680 7796
8089 7796
951 7796
4996 7796
821 7796
5951 7796
5568 7796
5420 7796
1563 7796
7148 7796
247 7796
6554 7796
2414 7796
1614 7796
8190 7797
7744 7797
2076 7797
3867 7797
4252 7797
8075 7797
6058 7797
8220 7797
8262 7797
3409 7797
7965 7797
1371 7797
563 7797
7107 7797
8044 7798
4671 7798
4422 7798
5764 7798
6146 7798
2543 7798
7262 7798
4950 7798
6595 7798
6903 7798
3137 7798
609 7798
6079 7798
1894 7798
403 7799
3781 7799
5041 7799
1307 7799
4829 7799
529 7799
89 7799
4879 7799
1728 7799
346 7799
2290 7799
8054 7799
5615 7799
1685 7799
1599 7799
3338 7799
4025 7799
7563 7800
4123 7800
7400 7800
5518 7800
8267 7800
4231 7800
7533 7800
7941 7800
1105 7800
4595 7800
4407 7800
6775 7800
2222 7800
2019 7800
1403 7800
6864 7800
5003 7801
3972 7801
4829 7801
5637 7801
856 7801
3227 7801
5072 7801
731 7801
4781 7801
2488 7801
1692 7801
5353 7801
6996 7801
6453 7801
1066 7801
4958 7802
594 7802
2467 7802
4336 7802
277 7802
1500 7802
7831 7802
4881 7802
4566 7802
2451 7802
5608 7802
1463 7802
7726 7802
6802 7802
3908 7802
1303 7802
6615 7802
1906 7802
6641 7803
7293 7803
8221 7803
5203 7803
6773 7803
2673 7803
1614 7803
7402 7803
3684 7803
6053 7803
3096 7803
5780 7803
5985 7803
6757 7803
4221 7803
7426 7804
5704 7804
1878 7804
2370 7804
5041 7804
1127 7804
40 7804
1940 7804
6037 7804
5730 7804
320 7804
2619 7804
1184 7804
2642 7805
6209 7805
4339 7805
1615 7805
156 7805
2414 7805
1217 7805
1056 7805
2570 7805
2221 7805
6509 7805
4541 7805
529 7805
204 7805
7247 7806
274 7806
4072 7806
5566 7806
4156 7806
2861 7806
579 7806
6284 7806
6191 7806
7201 7806
7731 7806
5443 7806
7687 7806
7960 7806
4856 7807
892 7807
1934 7807
7286 7807
7809 7807
7907 7807
2332 7807
5819 7807
7214 7807
2545 7807
3353 7807
4554 7807
1996 7807
3639 7807
647 7807
5599 7807
6775 7808
683 7808
2869 7808
5402 7808
1054 7808
7465 7808
7598 7808
3496 7808
7423 7808
7930 7808
4663 7808
6288 7808
6574 7808
7290 7808
7840 7808
7578 7808
3316 7808
4887 7809
1036 7809
559 7809
6612 7809
4706 7809
6217 7809
5517 7809
3107 7809
7506 7809
6924 7809
8221 7809
4134 7809
5043 7809
1299 7809
5297 7809
2600 7809
697 7809
7108 7809
639 7809
327 7809
2358 7810
121 7810
3339 7810
76 7810
7664 7810
6180 7810
2463 7810
4411 7810
6863 7810
8077 7810
5101 7810
4384 7810
1931 7811
6545 7811
6914 7811
8240 7811
791 7811
641 7811
7243 7811
4338 7811
2541 7811
6628 7811
7802 7811
6675 7811
5888 7811
2626 7811
1766 7812
1516 7812
7146 7812
5189 7812
3794 7812
2235 7812
2905 7812
790 7812
7496 7812
4107 7812
2246 7812
7031 7812
6856 7812
3373 7812
4301 7812
7141 7812
5463 7812
491 7812
1835 7812
3950 7812
75 7812
4352 7812
6308 7813
1842 7813
6475 7813
7806 7813
915 7813
1695 7813
1612 7813
6630 7813
5632 7813
4903 7813
2172 7813
5920 7813
4619 7813
6535 7813
3165 7813
7824 7813
2483 7813
2333 7813
4101 7813
52 7813
1024 7813
793 7814
241 7814
5598 7814
1067 7814
8193 7814
5196 7814
1599 7814
771 7814
5678 7814
1372 7814
4478 7814
669 7814
7605 7814
3022 7814
5435 7814
5641 7814
3663 7814
5968 7814
205 7814
3229 7814
8073 7815
4995 7815
5909 7815
4464 7815
6266 7815
7539 7815
525 7815
3229 7815
6912 7815
5618 7815
1587 7815
1080 7815
90 7815
4585 7815
5238 7815
7021 7815
3813 7815
1747 7815
4182 7815
5388 7815
3507 7815
7540 7815
5239 7815
7480 7815
2596 7815
3504 7815
4387 7815
8077 7815
1378 7816
7452 7816
3833 7816
4791 7816
5583 7816
1681 7816
3999 7816
2597 7817
6797 7817
7511 7817
3212 7817
3105 7817
4277 7817
4800 7817
7086 7817
3119 7817
486 7817
7253 7818
3627 7818
4793 7818
6712 7818
448 7818
449 7818
3230 7818
5161 7818
5096 7818
1764 7818
1371 7818
5640 7818
2005 7818
89 7818
1124 7818
1374 7818
2290 7819
4555 7819
636 7819
7432 7819
3717 7819
7506 7819
6621 7819
7697 7819
534 7819
1243 7819
1936 7819
3628 7819
5333 7819
1708 7819
1161 7819
5300 7820
133 7820
742 7820
2925 7820
529 7820
3914 7820
486 7820
522 7820
6201 7820
5335 7820
3145 7820
953 7820
7110 7820
5322 7821
4553 7821
2170 7821
888 7821
6691 7821
4010 7821
6168 7821
7763 7821
5518 7821
3460 7821
519 7821
2635 7821
3325 7821
3774 7821
4099 7821
3845 7821
3802 7821
6953 7821
5980 7822
1514 7822
6356 7822
6567 7822
2550 7822
6019 7822
4998 7822
3009 7822
2524 7822
343 7822
5705 7822
5758 7822
6248 7822
3705 7822
2321 7822
3932 7822
2275 7822
6261 7822
4229 7822
5963 7822
7574 7822
5631 7822
5946 7823
7947 7823
6076 7823
4144 7823
2204 7823
5624 7823
6972 7823
5035 7823
1693 7823
4542 7823
3481 7823
8006 7824
4827 7824
2227 7824
2670 7824
4122 7824
6819 7824
5815 7824
7892 7824
5658 7824
4170 7824
1313 7824
4878 7824
5961 7824
5697 7824
5413 7824
5632 7824
8239 7824
6302 7824
7794 7824
5176 7825
2842 7825
1815 7825
2905 7825
144 7825
2043 7825
5112 7825
2965 7825
4978 7825
5428 7825
4544 7825
6770 7825
2435 7826
5985 7826
3322 7826
8172 7826
1763 7826
3432 7826
4893 7826
5252 7826
1501 7826
3516 7826
2707 7826
7058 7826
6569 7826
1921 7826
6663 7826
5910 7827
5173 7827
7935 7827
1574 7827
4107 7827
6031 7827
6529 7827
7020 7827
3302 7827
4792 7827
3878 7827
6998 7827
5168 7827
7574 7827
2406 7827
222 7827
1760 7828
7408 7828
3451 7828
6317 7828
2414 7828
7381 7828
7692 7828
163 7828
2776 7828
1462 7828
8280 7828
6590 7828
1732 7828
2182 7828
7802 7828
1564 7828
4694 7828
4763 7829
7205 7829
822 7829
615 7829
942 7829
3980 7829
6850 7829
4890 7829
729 7829
4458 7829
129 7829
7951 7829
3695 7829
1279 7829
7933 7829
6406 7830
187 7830
7830 7830
5912 7830
685 7830
3067 7830
5140 7830
785 7830
4290 7830
6849 7830
6796 7830
8180 7830
1268 7830
4776 7830
6000 7830
6954 7830
1342 7830
2324 7831
4520 7831
1917 7831
7073 7831
6608 7831
7999 7831
4234 7831
6825 7831
3684 7831
6111 7831
403 7831
5576 7831
3992 7831
1355 7831
6425 7831
1499 7831
4667 7831
1886 7831
2411 7832
6800 7832
6918 7832
4138 7832
663 7832
6819 7832
3212 7832
4654 7832
7368 7832
3242 7832
1238 7832
2165 7832
2310 7832
