7391 7832
6258 7832
7693 7832
8135 7833
5534 7833
2783 7833
2265 7833
6326 7833
3616 7833
5718 7833
8290 7833
7027 7833
8092 7833
5 7833
140 7833
2742 7833
7875 7833
4815 7833
6679 7833
2273 7833
6284 7833
3824 7834
7330 7834
3063 7834
4343 7834
3537 7834
8074 7834
4646 7834
5783 7834
8105 7834
6368 7834
5037 7834
3783 7835
1995 7835
6832 7835
7880 7835
7388 7835
4760 7835
3948 7835
6842 7835
8057 7835
7220 7835
1096 7835
7436 7835
2584 7835
4961 7835
5555 7835
2320 7835
7033 7835
7935 7835
3906 7835
1679 7835
8009 7835
686 7835
634 7836
7000 7836
6193 7836
1181 7836
4622 7836
118 7836
3045 7836
650 7836
2791 7836
1365 7836
7019 7836
4236 7836
1987 7836
3950 7837
3582 7837
2057 7837
6795 7837
3496 7837
498 7837
5451 7837
3729 7837
729 7837
7492 7837
8066 7837
7017 7838
1803 7838
6224 7838
8240 7838
6227 7838
3781 7838
7374 7838
5803 7838
4454 7838
7521 7838
1892 7838
8172 7838
8186 7839
5503 7839
5735 7839
7818 7839
6275 7839
7350 7839
3345 7839
7910 7839
7598 7839
5696 7839
3373 7839
7152 7839
1254 7839
3808 7839
4327 7839
7523 7839
8157 7839
2754 7839
3027 7840
4101 7840
2165 7840
1536 7840
6945 7840
4642 7840
1435 7840
5026 7840
5344 7840
2077 7840
5406 7840
498 7840
5078 7840
7977 7840
3537 7840
3796 7840
740 7841
780 7841
1769 7841
1865 7841
3787 7841
1520 7841
5702 7841
5792 7841
1282 7841
5035 7841
4984 7842
1459 7842
4512 7842
6220 7842
3938 7842
996 7842
2763 7842
1407 7842
491 7842
1232 7842
3197 7842
3035 7842
8070 7843
1655 7843
1122 7843
7281 7843
5265 7843
2606 7843
4661 7843
2841 7843
7307 7843
7138 7843
6693 7843
1965 7843
6608 7843
7123 7843
865 7843
6212 7843
1315 7843
28 7843
5591 7844
5822 7844
4958 7844
2257 7844
2642 7844
985 7844
8072 7844
895 7844
6 7844
5065 7844
3474 7844
1157 7844
3228 7844
5246 7844
1291 7844
1728 7844
8070 7844
1116 7844
904 7844
1003 7844
1901 7844
863 7845
4638 7845
7159 7845
2641 7845
1523 7845
4360 7845
690 7845
1116 7845
7665 7845
4989 7845
3485 7845
1600 7845
5502 7845
2198 7845
1747 7845
1135 7845
5702 7845
6547 7845
241 7845
399 7845
4416 7846
2606 7846
7515 7846
7427 7846
6717 7846
6380 7846
6812 7846
5440 7846
2125 7846
4440 7846
8129 7846
2468 7846
1365 7846
1684 7846
367 7846
4981 7846
8027 7846
109 7846
639 7846
7181 7846
8271 7847
3113 7847
129 7847
1451 7847
5801 7847
2655 7847
2971 7847
2952 7847
4137 7847
3081 7847
501 7847
5761 7847
7132 7847
7251 7847
306 7848
2711 7848
2181 7848
3813 7848
5021 7848
2620 7848
2942 7848
2037 7848
2436 7848
5319 7848
4257 7848
2652 7848
4165 7848
3925 7848
823 7848
6055 7849
5843 7849
1403 7849
381 7849
1017 7849
5890 7849
7870 7849
4765 7849
62 7849
1918 7849
5098 7849
4377 7849
536 7849
2442 7849
4428 7849
347 7849
2405 7849
6616 7849
6103 7849
4879 7849
1909 7849
598 7849
5511 7849
4740 7849
3572 7849
2744 7849
1186 7849
6112 7850
7523 7850
4895 7850
1873 7850
1555 7850
6577 7850
1183 7850
8290 7850
4480 7850
1765 7850
1261 7850
7770 7850
7720 7850
4773 7850
4251 7850
3312 7850
722 7850
6382 7851
8046 7851
1365 7851
1991 7851
6463 7851
2813 7851
8295 7851
7344 7851
7710 7851
1306 7851
1716 7851
1101 7851
4153 7851
1151 7851
7019 7851
3563 7851
5188 7852
7163 7852
2881 7852
5336 7852
7539 7852
7648 7852
5781 7852
1676 7852
8239 7852
416 7852
7815 7852
8139 7852
5524 7852
7853 7853
3554 7853
2527 7853
4963 7853
2780 7853
5452 7853
1859 7853
5271 7853
783 7853
1675 7853
6460 7853
5920 7853
2427 7853
6248 7853
6325 7854
515 7854
4763 7854
6982 7854
4660 7854
4859 7854
1769 7854
4883 7854
3179 7854
4631 7854
551 7854
7855 7855
4427 7855
21 7855
2109 7855
4839 7855
6761 7855
1093 7855
1467 7855
156 7855
6182 7855
5720 7855
6522 7855
2989 7855
6924 7855
5776 7855
4575 7855
8028 7855
6075 7856
4231 7856
8090 7856
8241 7856
7227 7856
1493 7856
2777 7856
3419 7856
3585 7856
993 7856
3529 7856
7044 7856
8174 7856
814 7856
8028 7856
5570 7856
5909 7856
7048 7857
7383 7857
232 7857
1655 7857
3566 7857
2033 7857
4358 7857
2740 7857
7349 7857
2436 7857
34 7857
6701 7857
6014 7857
6254 7857
1339 7858
6772 7858
1886 7858
2800 7858
8115 7858
7551 7858
5837 7858
7730 7858
6580 7858
3156 7858
2278 7858
5357 7858
802 7858
3628 7858
6335 7858
5173 7858
3350 7858
4997 7859
2066 7859
6421 7859
3595 7859
1971 7859
7285 7859
867 7859
1892 7859
3104 7859
383 7859
2605 7859
2187 7859
7087 7859
4196 7859
126 7859
1829 7859
3454 7859
1722 7859
2139 7859
4514 7859
750 7859
4715 7860
2283 7860
811 7860
5866 7860
4933 7860
2817 7860
5 7860
64 7860
6501 7860
3104 7860
6633 7860
6814 7860
5242 7860
7692 7860
3050 7860
3736 7860
5586 7860
7347 7861
7718 7861
672 7861
3603 7861
7869 7861
3408 7861
3781 7861
7652 7861
5592 7861
4537 7861
4189 7861
7693 7861
6421 7861
3770 7861
7936 7861
1135 7861
1728 7861
6658 7862
3817 7862
6947 7862
5065 7862
1006 7862
6646 7862
4848 7862
5984 7862
1775 7862
3367 7862
3446 7862
4996 7862
1169 7862
3973 7862
8269 7862
1277 7862
2965 7862
216 7862
2606 7862
2705 7863
7370 7863
1080 7863
3086 7863
8083 7863
739 7863
1814 7863
7675 7863
7004 7863
3113 7863
7479 7863
7809 7863
5907 7863
6078 7863
1931 7863
5092 7863
3380 7863
2621 7864
639 7864
2593 7864
8028 7864
7634 7864
3797 7864
1717 7864
1308 7864
2915 7864
6935 7864
1366 7864
3342 7864
5605 7864
1248 7864
1767 7864
4334 7864
6954 7864
5309 7864
3735 7864
2430 7865
2279 7865
4412 7865
6949 7865
7013 7865
6974 7865
6272 7865
6260 7865
1279 7865
3563 7866
7258 7866
7184 7866
4199 7866
1262 7866
7775 7866
8259 7866
6781 7866
6026 7866
4191 7866
5866 7866
1865 7866
7970 7866
4167 7866
3559 7866
7650 7866
7347 7867
5248 7867
5518 7867
1388 7867
7209 7867
8219 7867
1305 7867
7000 7867
2451 7867
2410 7867
4593 7867
983 7867
6684 7867
4774 7868
8087 7868
6758 7868
4962 7868
7073 7868
6325 7868
3310 7868
2595 7868
6551 7868
3378 7868
5637 7868
7681 7868
3128 7869
3169 7869
2844 7869
5415 7869
7271 7869
3253 7869
361 7869
1873 7869
1250 7869
2772 7869
7050 7869
603 7869
3609 7869
6709 7869
2206 7870
791 7870
6433 7870
1769 7870
4592 7870
1105 7870
2844 7870
519 7870
2478 7870
4129 7870
2849 7870
8193 7870
731 7870
2713 7870
383 7870
2456 7870
4160 7870
2953 7870
6737 7870
1878 7871
6136 7871
6425 7871
1438 7871
5453 7871
1450 7871
7889 7871
777 7871
2160 7871
4962 7871
3461 7871
8115 7871
1710 7871
2932 7871
6590 7871
5801 7871
4808 7871
148 7871
3595 7871
7323 7871
1917 7872
838 7872
7872 7872
5982 7872
2403 7872
318 7872
1460 7872
1766 7872
7113 7872
8092 7872
5352 7872
6929 7872
7169 7872
410 7872
961 7872
6443 7872
4006 7872
6108 7872
2427 7872
5164 7872
4596 7872
5050 7872
5695 7872
4131 7873
6308 7873
3868 7873
4553 7873
7009 7873
405 7873
2982 7873
7457 7873
3663 7873
4781 7873
5469 7873
1549 7874
5532 7874
6235 7874
2981 7874
7105 7874
311 7874
7552 7874
1487 7874
5142 7874
4123 7874
1821 7874
7074 7874
6720 7874
2109 7874
5597 7874
7607 7874
6693 7874
2239 7875
5744 7875
3771 7875
2990 7875
6131 7875
5336 7875
4339 7875
4778 7875
7236 7875
197 7875
3642 7875
2569 7875
4188 7875
1497 7875
1952 7875
6320 7876
6029 7876
4915 7876
4265 7876
5097 7876
5010 7876
4536 7876
6268 7876
6676 7876
6615 7876
5758 7876
6947 7876
2713 7876
8107 7876
6910 7876
2113 7876
7664 7876
7552 7876
2157 7876
8178 7876
6468 7876
2938 7877
2049 7877
3827 7877
7494 7877
7936 7877
2574 7877
744 7877
5243 7877
112 7877
6050 7877
2180 7877
5117 7877
2833 7877
3009 7877
1579 7877
4172 7877
6067 7878
2443 7878
5377 7878
6580 7878
4554 7878
5583 7878
7217 7878
5781 7878
5482 7878
6139 7878
7789 7878
864 7878
7431 7878
5392 7878
2740 7878
2034 7878
1459 7878
3652 7878
4800 7878
5881 7879
1295 7879
7348 7879
4738 7879
1552 7879
1409 7879
8177 7879
115 7879
957 7879
623 7879
8183 7879
8237 7879
2822 7879
6388 7880
7506 7880
6638 7880
3924 7880
1568 7880
6974 7880
7119 7880
5888 7880
7734 7880
1174 7880
3540 7880
2459 7880
1792 7880
4444 7880
7638 7880
5411 7880
7629 7880
8296 7880
417 7880
790 7880
3717 7880
2958 7880
1816 7880
4532 7880
426 7880
1264 7881
6216 7881
7583 7881
4664 7881
3375 7881
1205 7881
4684 7881
3485 7881
7120 7881
2754 7881
109 7881
5134 7881
3972 7881
2254 7881
3583 7881
7085 7881
200 7881
7778 7881
5701 7881
5474 7881
5248 7881
7963 7881
398 7881
2647 7882
1563 7882
6376 7882
3898 7882
2554 7882
6340 7882
2253 7882
5679 7882
2738 7882
1612 7882
2240 7882
4528 7882
6577 7882
7330 7882
2951 7882
6725 7882
4375 7882
1986 7882
5822 7883
7551 7883
2956 7883
4498 7883
664 7883
2792 7883
4541 7883
6266 7883
8260 7883
6628 7883
3545 7883
7110 7883
1549 7883
4099 7883
1269 7883
1596 7883
7078 7883
5231 7883
3028 7884
5834 7884
2421 7884
2764 7884
4084 7884
3869 7884
3799 7884
3391 7884
7081 7884
895 7884
4259 7884
321 7884
3332 7884
1201 7884
6331 7884
4184 7884
929 7884
1528 7884
8078 7884
2314 7884
3840 7885
4925 7885
4257 7885
39 7885
1193 7885
4224 7885
1231 7885
722 7885
5947 7885
3642 7885
8296 7885
2225 7885
3735 7886
1636 7886
164 7886
1692 7886
5931 7886
253 7886
4049 7886
2704 7886
3145 7886
3088 7886
7962 7886
4863 7886
6943 7886
3192 7886
6919 7886
7020 7886
7679 7886
8154 7886
5159 7886
7507 7886
903 7886
1360 7887
5568 7887
4990 7887
4161 7887
1757 7887
6681 7887
1051 7887
6134 7887
3463 7887
2425 7887
1077 7887
8030 7887
5570 7887
4686 7887
2181 7887
7604 7887
6607 7887
695 7887
6827 7887
1895 7887
5512 7887
5526 7887
2301 7887
7582 7887
6612 7888
5217 7888
2555 7888
6025 7888
64 7888
3801 7888
5640 7888
1411 7888
5240 7888
832 7888
2332 7888
3573 7888
5233 7888
2547 7888
1569 7888
5980 7888
1965 7888
5384 7888
5152 7888
3009 7888
7803 7888
518 7888
6979 7888
2257 7889
2861 7889
5149 7889
34 7889
8249 7889
350 7889
4569 7889
2 7889
5133 7889
2873 7889
8238 7889
6594 7889
5139 7889
6152 7889
4669 7889
2698 7889
989 7889
4077 7889
4920 7889
1769 7889
5391 7890
2467 7890
264 7890
134 7890
3824 7890
2210 7890
2470 7890
6712 7890
3165 7890
7408 7890
6428 7890
723 7890
3743 7890
1972 7890
5738 7890
5078 7890
2831 7890
2604 7890
2720 7890
1859 7890
1906 7891
293 7891
1349 7891
7448 7891
4686 7891
7056 7891
2192 7891
605 7891
1717 7891
3968 7891
4392 7891
6723 7891
6187 7891
6229 7891
2455 7891
4294 7891
3933 7892
3205 7892
4213 7892
532 7892
3036 7892
6090 7892
1459 7892
906 7892
3906 7892
765 7892
7482 7892
7803 7892
6162 7892
6477 7892
4129 7892
7532 7892
2361 7892
2084 7892
7399 7892
1604 7892
905 7892
1007 7893
4317 7893
6330 7893
3836 7893
7977 7893
6431 7893
1698 7893
3510 7893
4548 7893
6856 7893
5978 7893
5819 7893
4190 7893
3550 7893
4799 7893
2567 7893
3246 7893
4548 7894
4415 7894
5041 7894
7046 7894
744 7894
7552 7894
1301 7894
3082 7894
2849 7894
2711 7894
2784 7894
3134 7894
232 7894
6937 7894
730 7894
2972 7894
1435 7894
2387 7894
3743 7894
1870 7894
7487 7894
2999 7894
3006 7894
7401 7894
6178 7894
418 7895
795 7895
1425 7895
2945 7895
6335 7895
4569 7895
6454 7895
6132 7895
1656 7895
3806 7895
7835 7895
4854 7895
18 7895
5693 7895
1355 7895
7228 7895
3880 7895
1723 7896
6417 7896
1448 7896
2788 7896
2851 7896
5345 7896
2949 7896
326 7896
4749 7896
3698 7896
5548 7896
5684 7896
3177 7896
2962 7896
3039 7896
3012 7896
4231 7896
5320 7896
5077 7896
3045 7896
8028 7896
4225 7896
7692 7897
5843 7897
4376 7897
2727 7897
563 7897
5722 7897
7829 7897
7265 7897
7654 7897
2248 7897
2755 7897
4916 7897
504 7897
8178 7897
362 7897
1540 7897
3877 7898
1413 7898
2324 7898
3796 7898
3540 7898
6752 7898
7177 7898
4859 7898
2427 7898
718 7898
7912 7898
8253 7898
3217 7898
7037 7898
1565 7898
3498 7898
1663 7898
4983 7898
2495 7899
2206 7899
3176 7899
6632 7899
6537 7899
7217 7899
2840 7899
6162 7899
3695 7899
3638 7899
2334 7899
1347 7899
3290 7899
6239 7899
151 7899
2715 7899
6837 7899
7514 7899
6483 7899
278 7899
4091 7900
3671 7900
8137 7900
6098 7900
3408 7900
5470 7900
7723 7900
369 7900
533 7900
8124 7900
7373 7901
422 7901
7933 7901
8006 7901
4247 7901
6258 7901
856 7901
3168 7901
770 7901
1841 7901
2485 7901
2123 7901
5805 7901
7428 7901
2032 7901
3405 7902
2139 7902
4750 7902
6909 7902
1868 7902
7752 7902
7275 7902
1379 7902
4725 7902
4384 7902
3576 7902
3031 7902
381 7902
1171 7902
4465 7902
3829 7902
706 7902
24 7902
4791 7902
2279 7902
7949 7903
6693 7903
2471 7903
253 7903
4397 7903
1441 7903
4482 7903
3081 7903
7560 7903
889 7903
6366 7903
4451 7903
4195 7903
2832 7903
1107 7903
4174 7903
7933 7903
1451 7903
8269 7903
4817 7903
913 7904
6083 7904
3764 7904
5897 7904
1390 7904
2071 7904
3147 7904
8198 7904
4374 7904
4030 7904
6509 7904
8176 7904
306 7904
7331 7905
6274 7905
590 7905
2533 7905
2527 7905
7572 7905
3129 7905
7516 7905
1130 7905
7862 7905
4885 7905
4576 7905
6972 7906
4826 7906
3573 7906
205 7906
2206 7906
2697 7906
3673 7906
4358 7906
6732 7906
4774 7906
5597 7906
5614 7906
3753 7906
5221 7906
98 7906
7909 7906
3047 7906
3247 7906
3032 7907
6355 7907
6067 7907
4141 7907
6918 7907
2875 7907
3477 7907
1605 7907
1245 7907
6551 7907
4894 7907
2188 7907
7849 7907
3782 7908
1514 7908
3498 7908
642 7908
7097 7908
240 7908
4742 7908
5271 7908
8284 7908
3405 7908
8057 7908
4093 7908
2165 7908
511 7909
6668 7909
5450 7909
5430 7909
202 7909
7058 7909
5751 7909
808 7909
4909 7909
2741 7909
6641 7909
5096 7909
5153 7909
4910 7909
1190 7909
4195 7909
3869 7909
6073 7910
4206 7910
4772 7910
974 7910
3202 7910
5622 7910
5335 7910
6068 7910
7383 7910
7432 7910
6467 7910
5684 7910
6979 7910
7078 7910
4774 7910
802 7910
2345 7910
4646 7911
4062 7911
5514 7911
3322 7911
4458 7911
575 7911
1814 7911
5008 7911
5602 7911
3545 7911
4431 7911
6689 7911
585 7911
502 7911
8005 7911
7617 7911
4395 7911
1516 7911
1664 7911
485 7911
2705 7912
7829 7912
2331 7912
5730 7912
4769 7912
822 7912
6733 7912
6801 7912
3038 7912
734 7912
8008 7912
1492 7912
7583 7913
7913 7913
7726 7913
6380 7913
7580 7913
6217 7913
4368 7913
4959 7913
3739 7913
4319 7913
4329 7913
6066 7913
3098 7913
5789 7914
888 7914
4515 7914
2256 7914
6616 7914
663 7914
2682 7914
2728 7914
7431 7914
8266 7914
3031 7914
2376 7914
970 7914
2403 7914
1767 7914
1250 7914
6625 7914
6089 7914
4941 7914
3929 7915
72 7915
5221 7915
2555 7915
792 7915
4975 7915
4846 7915
3565 7915
4051 7915
2987 7915
6631 7915
5527 7915
7075 7915
1133 7915
5554 7915
8046 7915
7911 7915
2479 7915
7448 7915
3870 7916
1551 7916
1572 7916
4578 7916
6087 7916
917 7916
6905 7916
2608 7916
3015 7916
3151 7916
1285 7916
376 7916
4335 7916
1326 7916
7882 7916
2704 7916
7940 7916
2239 7916
1367 7916
3473 7916
7079 7916
593 7916
4127 7916
6849 7916
7240 7917
5333 7917
4051 7917
6336 7917
6569 7917
7583 7917
1710 7917
7366 7917
4777 7917
2071 7917
7860 7917
4263 7917
5795 7917
937 7917
3825 7917
1474 7917
704 7918
3982 7918
6600 7918
1238 7918
3055 7918
3807 7918
2115 7918
2654 7918
5503 7918
1323 7918
6142 7918
2952 7918
6077 7918
2451 7918
6078 7918
7835 7918
8033 7918
6076 7918
3898 7918
6223 7919
4000 7919
1794 7919
1001 7919
585 7919
7064 7919
2316 7919
8057 7919
5258 7919
5341 7919
2530 7919
3699 7919
280 7920
3954 7920
3157 7920
6611 7920
3794 7920
2492 7920
370 7920
4173 7920
561 7920
1788 7920
4620 7920
2781 7920
7887 7920
4352 7920
6641 7920
3222 7920
3441 7921
5145 7921
3609 7921
4353 7921
1621 7921
2417 7921
460 7921
1851 7921
2047 7921
6772 7921
5692 7921
7308 7921
5116 7921
438 7921
5610 7921
1015 7921
3729 7921
2391 7921
3788 7922
4251 7922
2808 7922
2308 7922
1082 7922
5379 7922
6973 7922
7541 7922
5308 7922
6959 7922
1116 7922
4627 7922
5787 7922
7349 7922
1361 7922
7370 7922
7992 7922
7274 7922
7340 7922
6646 7922
6886 7922
6835 7922
4848 7923
6250 7923
1675 7923
3617 7923
4753 7923
4915 7923
1596 7923
1585 7923
1362 7923
7906 7923
6066 7923
2246 7923
302 7923
6444 7923
4339 7923
2212 7923
8169 7923
5631 7923
508 7923
5453 7924
5550 7924
3190 7924
5772 7924
6874 7924
1823 7924
2984 7924
841 7924
1814 7924
7835 7924
8176 7924
6643 7924
579 7924
6064 7924
4307 7924
665 7925
5110 7925
7387 7925
57 7925
3982 7925
5358 7925
4774 7925
1909 7925
5593 7925
5411 7925
6501 7925
2166 7925
7550 7925
431 7925
4312 7925
2312 7925
156 7926
434 7926
6758 7926
4738 7926
7291 7926
2433 7926
3862 7926
6743 7926
1100 7926
6908 7926
2736 7926
4144 7926
2792 7926
4815 7926
7590 7926
799 7926
550 7926
1962 7927
327 7927
5884 7927
1082 7927
5566 7927
3371 7927
8059 7927
953 7927
4531 7927
2679 7927
7408 7927
687 7927
3977 7928
3486 7928
7184 7928
7413 7928
4725 7928
3504 7928
3032 7928
1299 7928
8224 7928
5778 7928
5388 7928
1972 7928
178 7928
5526 7928
5621 7928
3491 7928
745 7928
109 7928
529 7928
4654 7929
6201 7929
2246 7929
7827 7929
3211 7929
4216 7929
3858 7929
4439 7929
5524 7929
3510 7929
4795 7929
1101 7929
7244 7929
2262 7929
28 7930
7294 7930
5428 7930
1927 7930
1822 7930
399 7930
6643 7930
2849 7930
44 7930
2788 7930
2688 7930
7783 7930
3170 7930
2324 7930
1413 7930
3547 7930
7749 7930
6246 7931
2893 7931
2989 7931
7390 7931
575 7932
1381 7932
144 7932
1284 7932
2399 7932
6393 7932
5411 7932
4941 7932
3048 7932
1159 7932
1346 7932
1915 7932
96 7932
6816 7932
6523 7933
7202 7933
6319 7933
4529 7933
2389 7933
6307 7933
7120 7933
1281 7933
6856 7933
7448 7933
7634 7933
7588 7933
417 7933
7253 7933
6262 7933
6887 7933
1750 7933
7934 7934
6355 7934
4139 7934
6577 7934
3843 7934
4185 7934
4179 7934
1204 7934
2374 7934
2253 7934
5783 7934
5289 7934
1709 7934
5720 7935
7040 7935
7511 7935
5374 7935
7599 7935
1327 7935
6825 7935
5462 7935
4883 7935
3575 7935
8165 7935
3846 7935
7126 7935
523 7935
1009 7935
791 7936
975 7936
6734 7936
3316 7936
2287 7936
7357 7936
3123 7936
7183 7936
887 7936
6910 7936
3505 7936
5073 7936
2981 7936
1145 7936
1560 7936
3212 7936
5334 7936
3540 7936
4596 7937
7094 7937
1144 7937
4042 7937
2183 7937
5345 7937
5113 7937
6873 7937
3344 7937
7298 7937
2990 7937
5392 7937
1015 7937
2532 7938
5093 7938
7096 7938
7938 7938
3948 7938
8224 7938
5795 7938
1742 7938
149 7938
92 7938
7263 7938
7600 7938
57 7938
4878 7938
938 7938
5241 7938
4908 7938
323 7938
6304 7938
1186 7938
8077 7938
6447 7938
4030 7939
2012 7939
6808 7939
7095 7939
2203 7939
3823 7939
2575 7939
7018 7939
2362 7939
5025 7939
7033 7939
906 7939
3197 7939
2330 7939
2346 7939
3421 7939
1151 7939
3548 7939
6254 7940
3632 7940
6537 7940
104 7940
2280 7940
7045 7940
7399 7940
3406 7940
3809 7940
4442 7940
3482 7940
898 7940
6325 7940
152 7940
7736 7940
21 7940
4119 7940
2463 7941
4896 7941
1574 7941
2763 7941
1003 7941
6550 7941
2881 7941
5353 7941
8180 7941
7183 7941
7849 7942
439 7942
5172 7942
6075 7942
5413 7942
4608 7942
3371 7942
3354 7942
5882 7942
3918 7942
1215 7942
1449 7942
6383 7942
3976 7942
4734 7942
3566 7942
207 7942
7895 7943
6994 7943
2013 7943
2924 7943
1871 7943
3086 7943
7448 7943
6677 7943
7189 7943
375 7943
7580 7943
3099 7944
2655 7944
4935 7944
3271 7944
543 7944
781 7944
3192 7944
7127 7944
6714 7944
6960 7944
3050 7944
8095 7944
4821 7944
1303 7944
1223 7944
7717 7944
1166 7945
2080 7945
4551 7945
8105 7945
6275 7945
7983 7945
97 7945
8186 7945
418 7945
3281 7945
712 7945
6772 7945
7717 7945
3044 7945
4412 7946
1447 7946
1128 7946
1740 7946
2463 7946
4596 7946
4642 7946
2812 7946
2816 7946
5387 7946
4626 7946
228 7946
8002 7946
4773 7947
1475 7947
4251 7947
3950 7947
5057 7947
7846 7947
2268 7947
8 7947
5836 7947
8226 7947
280 7947
3989 7947
3116 7947
3032 7947
1341 7947
3344 7947
3314 7947
7531 7947
7398 7947
1665 7947
7928 7947
6454 7948
456 7948
5058 7948
4088 7948
7733 7948
5320 7948
3029 7948
1411 7948
3307 7948
3245 7948
6272 7948
3872 7948
6210 7948
1260 7948
3263 7949
2549 7949
4289 7949
3005 7949
2567 7949
5273 7949
2234 7949
7719 7949
5703 7949
2196 7949
4882 7949
3126 7949
716 7949
2065 7949
3217 7949
1052 7950
6755 7950
4978 7950
2315 7950
5415 7950
230 7950
7783 7950
2366 7950
1526 7950
6067 7950
1567 7950
323 7950
7327 7950
6864 7950
1253 7950
4162 7950
1300 7950
4233 7950
6792 7950
2834 7951
7123 7951
7036 7951
1599 7951
4572 7951
4826 7951
6084 7951
3748 7951
4766 7951
934 7951
268 7951
4406 7951
5332 7951
4983 7951
530 7951
921 7951
594 7951
3510 7951
326 7951
995 7951
708 7952
6330 7952
7874 7952
3649 7952
2332 7952
6879 7952
6506 7952
1596 7952
1568 7952
6969 7952
433 7952
