2318 7952
4821 7952
6853 7952
8219 7952
6858 7952
3946 7952
4257 7952
7001 7952
2937 7953
5773 7953
7891 7953
2537 7953
1493 7953
3590 7953
7532 7953
961 7953
4022 7953
3159 7953
2873 7953
4247 7953
2804 7953
7570 7953
1025 7953
5464 7953
5785 7953
7766 7953
5447 7953
1564 7953
2288 7953
1509 7953
2877 7953
7648 7953
1327 7953
2813 7953
5264 7953
2557 7953
2378 7953
3304 7954
2843 7954
8159 7954
739 7954
777 7954
6767 7954
895 7954
4836 7954
7368 7954
2545 7954
3031 7954
7680 7954
6079 7954
663 7954
624 7954
4172 7955
8034 7955
3907 7955
3998 7955
14 7955
1593 7955
6204 7955
1214 7955
6647 7955
7920 7955
697 7955
384 7955
5924 7955
1771 7955
6307 7956
1536 7956
683 7956
697 7956
895 7956
774 7956
1558 7956
6797 7956
8187 7956
4612 7956
2172 7956
1700 7956
5159 7956
5715 7956
120 7956
2391 7956
6497 7956
3801 7956
5404 7956
5283 7956
5656 7957
6739 7957
4996 7957
4490 7957
4907 7957
3763 7957
7842 7957
5536 7957
1534 7957
5923 7957
7311 7957
1365 7957
3195 7957
1407 7957
6650 7957
3709 7957
1949 7958
8290 7958
6961 7958
5279 7958
1104 7958
3752 7958
7802 7958
2271 7958
7625 7958
8065 7958
2934 7958
2596 7958
3764 7959
5134 7959
4763 7959
6559 7959
738 7959
4848 7959
2499 7959
4772 7959
5621 7959
3391 7959
7330 7959
5222 7959
8254 7960
6557 7960
8154 7960
4862 7960
1923 7960
529 7960
2572 7960
4438 7960
6181 7960
2516 7960
4290 7960
3461 7960
4812 7960
4894 7960
6163 7960
5345 7960
5130 7960
391 7960
7887 7961
358 7961
6284 7961
789 7961
1870 7961
7552 7961
3219 7961
2581 7961
3188 7961
811 7961
3829 7961
7743 7961
3705 7961
3379 7961
1362 7961
5330 7961
7228 7961
4201 7962
7613 7962
7071 7962
5672 7962
4318 7962
1775 7962
3332 7962
2714 7962
632 7962
5602 7962
6035 7962
2061 7962
7875 7962
6514 7962
6539 7962
6549 7963
1909 7963
1474 7963
1740 7963
6731 7963
5733 7963
6538 7963
4995 7963
7341 7963
4263 7963
3370 7963
7866 7963
6249 7963
4170 7964
5663 7964
4837 7964
1184 7964
8265 7964
3892 7964
519 7964
1387 7964
5254 7964
7248 7964
8044 7964
942 7964
2127 7965
7765 7965
5239 7965
565 7965
2463 7965
6626 7965
266 7965
4447 7965
7115 7965
4505 7965
3330 7965
2161 7965
447 7965
2712 7965
3127 7965
4947 7965
4851 7965
2481 7965
5830 7966
5583 7966
7378 7966
7115 7966
2532 7966
7809 7966
3880 7966
2071 7966
7377 7966
7018 7966
3091 7966
1042 7966
6373 7966
3943 7966
3753 7966
2676 7966
2375 7966
1856 7967
7912 7967
6601 7967
1728 7967
976 7967
1323 7967
2060 7967
6077 7967
925 7967
7870 7967
3277 7967
6461 7967
2299 7967
623 7967
5637 7967
3963 7967
5326 7967
1370 7967
3992 7967
1635 7967
6554 7967
6679 7968
3096 7968
341 7968
3045 7968
2941 7968
6083 7968
6168 7968
272 7968
2924 7968
2314 7968
688 7968
5753 7968
5722 7968
3371 7968
5610 7968
4887 7968
1361 7968
1144 7969
3523 7969
799 7969
6681 7969
882 7969
6627 7969
3985 7969
3576 7969
729 7969
1516 7969
6019 7969
1786 7969
2718 7970
8285 7970
4837 7970
6856 7970
2894 7970
941 7970
5658 7970
1679 7970
3584 7970
1182 7970
6465 7970
6087 7970
1784 7970
5664 7970
1336 7970
1360 7970
3269 7970
7433 7970
2152 7970
4829 7970
8291 7970
4076 7970
4082 7971
7835 7971
6344 7971
3156 7971
1341 7971
424 7971
2533 7971
3752 7971
2170 7971
6535 7971
7379 7971
2268 7971
1356 7971
291 7972
27 7972
3541 7972
7021 7972
8286 7972
8015 7972
5750 7972
2067 7972
739 7972
6587 7972
7397 7972
4321 7972
2783 7973
7479 7973
2055 7973
782 7973
5852 7973
4727 7973
4431 7973
5038 7973
7630 7973
37 7973
1707 7973
7695 7973
2057 7974
2633 7974
6646 7974
3861 7974
6817 7974
2380 7974
855 7974
8013 7974
5761 7974
7981 7974
266 7974
873 7974
6929 7974
2126 7975
2861 7975
6591 7975
2004 7975
7553 7975
5207 7975
4675 7975
2301 7975
6816 7975
6840 7975
4910 7975
5755 7975
1474 7975
4903 7975
7009 7975
276 7976
5506 7976
3136 7976
633 7976
5771 7976
8217 7976
3370 7976
6682 7976
4277 7977
5058 7977
3742 7977
7256 7977
4160 7977
827 7977
3398 7977
1040 7977
7333 7977
6512 7977
7904 7977
48 7977
6276 7977
1108 7977
1159 7977
6984 7977
4631 7977
1821 7977
3554 7977
513 7977
4084 7977
4820 7977
7185 7977
6792 7977
3254 7977
3983 7977
256 7977
7664 7978
5322 7978
4258 7978
1890 7978
2569 7978
5644 7978
5514 7978
5931 7978
1024 7978
4941 7978
2842 7978
6779 7978
7058 7978
7728 7978
3472 7978
8098 7978
3596 7978
6021 7978
1084 7978
2427 7978
5561 7978
5815 7979
3525 7979
1952 7979
7085 7979
6175 7979
2314 7979
586 7979
3577 7979
3036 7979
6221 7979
4585 7979
6755 7979
443 7979
4592 7980
8083 7980
4075 7980
4014 7980
4660 7980
2013 7980
425 7980
1979 7980
5301 7980
851 7980
2738 7980
6112 7980
6077 7980
501 7980
4772 7980
4579 7981
2811 7981
350 7981
6564 7981
5702 7981
1244 7981
1186 7981
4595 7981
1403 7981
3791 7981
7233 7981
3760 7981
7514 7981
2649 7981
5279 7981
6404 7981
2109 7982
2621 7982
1516 7982
3238 7982
4579 7982
5694 7982
4872 7982
2666 7982
2180 7982
7283 7982
4766 7982
2520 7982
1990 7982
3904 7982
6209 7982
7787 7982
6286 7982
4195 7982
5932 7982
2813 7982
4570 7982
1410 7983
4548 7983
549 7983
3640 7983
5582 7983
341 7983
6894 7983
285 7983
1307 7983
4336 7983
4743 7983
2105 7983
7649 7983
4843 7983
2470 7983
5538 7984
787 7984
1285 7984
633 7984
709 7984
6089 7984
7142 7984
2131 7984
1963 7984
5721 7984
8005 7984
3777 7984
2626 7984
7799 7985
5248 7985
6817 7985
2641 7985
4850 7985
3028 7985
3119 7985
1681 7985
2288 7985
2448 7985
1923 7985
4661 7985
4592 7985
2561 7986
6511 7986
1339 7986
2459 7986
7630 7986
3473 7986
3327 7986
3924 7986
5466 7986
2666 7986
1095 7986
2113 7986
8178 7986
4533 7986
3799 7987
5187 7987
5900 7987
5360 7987
5450 7987
3539 7987
3836 7987
148 7987
1643 7987
1534 7987
4216 7987
5045 7987
3408 7987
3446 7987
4857 7987
4921 7987
3698 7987
1282 7987
6382 7988
6914 7988
2934 7988
5768 7988
4775 7988
3322 7988
4139 7988
1648 7988
5585 7988
1024 7988
2952 7988
1419 7988
4468 7988
6473 7988
5716 7988
6800 7988
7989 7989
2594 7989
4085 7989
226 7989
608 7989
230 7989
6772 7989
309 7989
768 7989
1963 7989
1220 7989
1262 7989
7818 7990
2348 7990
3382 7990
7862 7990
1502 7990
3435 7990
394 7990
2545 7990
2356 7990
8048 7990
8089 7990
4860 7990
5102 7990
6334 7990
7517 7990
4356 7990
6735 7990
2013 7991
4488 7991
1865 7991
2342 7991
1843 7991
4672 7991
7128 7991
867 7991
1327 7991
3954 7991
1463 7991
5716 7992
822 7992
5315 7992
5134 7992
5610 7992
786 7992
665 7992
222 7992
2253 7992
6757 7992
4954 7992
293 7992
7399 7993
5443 7993
3177 7993
1587 7993
2783 7993
1074 7993
4076 7993
3917 7993
1889 7993
8286 7993
5396 7993
6910 7993
1378 7993
5554 7993
2103 7993
5348 7993
491 7993
7392 7994
6430 7994
4830 7994
319 7994
6683 7994
7194 7994
7516 7994
7381 7994
7488 7994
1463 7994
1871 7994
1248 7994
8170 7994
6783 7994
5459 7995
4456 7995
134 7995
5950 7995
6862 7995
6393 7995
4167 7995
7275 7995
6814 7995
1740 7995
887 7995
3502 7995
6901 7995
722 7995
6000 7995
8020 7995
1454 7995
1116 7995
7860 7995
5156 7995
6576 7995
4805 7996
3633 7996
6412 7996
6039 7996
1769 7996
6681 7996
3421 7996
8221 7996
6626 7996
3828 7996
1232 7996
2386 7996
1356 7996
6182 7996
2579 7996
8259 7996
6049 7996
6888 7996
5306 7996
4881 7996
7139 7997
1046 7997
2445 7997
1825 7997
5535 7997
3128 7997
2427 7997
6050 7997
3630 7997
5918 7997
5868 7997
1939 7997
2812 7997
2879 7997
2417 7997
5943 7997
3847 7997
5088 7997
6819 7997
1460 7998
3843 7998
2228 7998
1200 7998
6229 7998
495 7998
393 7998
6255 7998
866 7998
6098 7998
5822 7998
2283 7998
1272 7998
3897 7998
8258 7998
5815 7998
7734 7998
7366 7998
7040 7998
8032 7998
4391 7999
676 7999
7403 7999
2967 7999
4931 7999
770 7999
1829 7999
7284 7999
4972 7999
6246 7999
2575 7999
3421 7999
7321 7999
5561 7999
2659 7999
6085 7999
3116 7999
1518 7999
2090 7999
2227 7999
8043 7999
2245 7999
748 7999
7370 7999
5332 8000
1058 8000
2669 8000
2183 8000
1209 8000
4663 8000
1986 8000
1723 8000
7516 8000
7597 8000
1786 8000
4160 8000
6735 8000
6258 8000
7231 8000
5389 8001
2068 8001
6195 8001
8219 8001
6629 8001
1522 8001
815 8001
7904 8001
2740 8001
7030 8001
4162 8001
5940 8001
7240 8001
1279 8001
4884 8002
4023 8002
6656 8002
4809 8002
6953 8002
6839 8002
1056 8002
4130 8002
6681 8002
5389 8002
6715 8002
7592 8002
1999 8002
5398 8002
7869 8002
281 8002
3611 8003
4574 8003
3563 8003
4309 8003
8090 8003
7126 8003
1279 8003
2442 8003
3845 8003
3314 8003
6393 8003
1655 8003
1771 8003
2235 8003
7494 8003
6773 8003
2325 8003
3006 8003
3037 8003
690 8003
3415 8003
4101 8004
5809 8004
6709 8004
3350 8004
4965 8004
6000 8004
6064 8004
1151 8004
4444 8004
6060 8004
4137 8004
4429 8004
7942 8004
4174 8004
2940 8004
2949 8004
4409 8005
1964 8005
2915 8005
6778 8005
7831 8005
3209 8005
7435 8005
5461 8005
2813 8005
376 8005
5245 8005
3220 8005
586 8005
7517 8005
3737 8005
3658 8005
6107 8006
433 8006
5432 8006
299 8006
793 8006
4844 8006
1639 8006
417 8006
8210 8006
176 8006
2145 8006
3479 8006
7749 8006
723 8006
6274 8007
2926 8007
4325 8007
2334 8007
3009 8007
7319 8007
5945 8007
1149 8007
4362 8007
4022 8007
7565 8007
6960 8007
280 8007
5199 8007
6894 8007
1094 8008
5557 8008
3888 8008
904 8008
3583 8008
5391 8008
605 8008
3889 8008
5945 8008
5894 8008
6842 8008
5169 8008
375 8008
8206 8009
4545 8009
4137 8009
4550 8009
2385 8009
4642 8009
6200 8009
3072 8009
5931 8009
4486 8009
7236 8009
1071 8010
448 8010
936 8010
5893 8010
540 8010
3645 8010
7408 8010
402 8010
7520 8010
345 8010
1200 8010
2972 8010
1693 8010
4996 8010
3519 8010
3070 8010
3458 8010
4416 8011
5139 8011
2312 8011
4338 8011
559 8011
6609 8011
1322 8011
8116 8011
7115 8011
442 8011
5279 8011
2175 8011
3252 8011
895 8011
2294 8011
3269 8011
3286 8011
3950 8011
4097 8012
6487 8012
1134 8012
6053 8012
4363 8012
661 8012
2908 8012
7172 8012
5321 8012
1794 8012
3505 8012
1725 8012
1968 8012
7379 8012
4411 8013
8121 8013
973 8013
7568 8013
5784 8013
7889 8013
4445 8013
1526 8013
5810 8013
3165 8013
4532 8013
4685 8013
3134 8013
1517 8013
3859 8013
6375 8013
7588 8013
4612 8013
3445 8013
7307 8013
6555 8014
3329 8014
6776 8014
1073 8014
4996 8014
6567 8014
7153 8014
742 8014
6673 8014
1281 8014
7506 8014
6695 8014
2905 8014
4403 8014
7648 8015
3485 8015
3305 8015
6084 8015
1077 8015
3409 8015
1583 8015
4878 8015
5565 8015
4289 8015
3895 8015
5214 8015
3019 8015
6354 8015
1645 8015
5912 8015
1854 8015
1230 8015
7835 8015
5958 8016
5619 8016
1461 8016
5186 8016
5981 8016
7883 8016
1652 8016
4162 8016
6502 8016
1820 8016
6276 8016
1527 8016
880 8016
2929 8016
1087 8016
1409 8016
7147 8016
2040 8017
496 8017
7754 8017
6914 8017
6057 8017
1850 8017
6630 8017
3652 8017
6865 8017
3810 8017
1605 8017
1212 8017
4217 8017
3531 8017
803 8017
8018 8018
8239 8018
8137 8018
5552 8018
4005 8018
1218 8018
1348 8018
6317 8018
6694 8018
1976 8018
3456 8018
7435 8018
6388 8018
69 8018
2346 8018
7831 8018
240 8018
7962 8018
2626 8018
6394 8018
8261 8018
3847 8019
4742 8019
7094 8019
6152 8019
7155 8019
6031 8019
659 8019
7238 8019
6577 8019
390 8019
6380 8019
8084 8019
314 8020
4737 8020
7681 8020
4052 8020
5438 8020
2001 8020
751 8020
4748 8020
8226 8020
3096 8020
5448 8020
7377 8021
7602 8021
2773 8021
2084 8021
2635 8021
1233 8021
7073 8021
512 8021
4566 8021
2582 8021
5894 8021
3635 8021
440 8021
3303 8021
1025 8022
8022 8022
1063 8022
7937 8022
6752 8022
2205 8022
7152 8022
3021 8022
5077 8022
1103 8022
3044 8022
5332 8022
4976 8022
6684 8022
3398 8022
4388 8022
2718 8022
7220 8022
967 8022
561 8022
6243 8023
5410 8023
823 8023
7940 8023
3892 8023
6355 8023
4876 8023
6505 8023
7902 8023
5687 8023
1250 8023
3559 8023
2195 8023
1849 8023
3222 8023
1221 8023
5449 8023
4180 8023
2200 8023
3796 8023
6819 8023
7349 8024
6410 8024
7714 8024
8073 8024
4392 8024
981 8024
3622 8024
7387 8024
1939 8024
2531 8024
4400 8024
3693 8024
2845 8024
4546 8024
7678 8024
7352 8024
1821 8024
7314 8024
3977 8024
6078 8024
1654 8024
2867 8024
2032 8024
3145 8025
1976 8025
803 8025
5678 8025
4734 8025
1786 8025
1943 8025
7011 8025
6828 8025
4036 8025
6350 8025
6974 8025
3269 8025
4950 8025
8193 8025
591 8025
4450 8025
2139 8026
4751 8026
1253 8026
7576 8026
7634 8026
5666 8026
350 8026
3122 8026
2746 8026
4748 8026
7412 8026
2675 8026
1517 8026
1587 8026
47 8026
953 8026
6677 8026
749 8027
2415 8027
1127 8027
7329 8027
7285 8027
7630 8027
4871 8027
2012 8027
3414 8027
6633 8027
3312 8027
6472 8027
4590 8027
4050 8027
2973 8027
4398 8028
2175 8028
7947 8028
7992 8028
1474 8028
7056 8028
7712 8028
873 8028
1310 8028
2275 8028
6794 8028
718 8028
2882 8028
3516 8028
4821 8028
1571 8028
534 8028
97 8028
1221 8028
2731 8028
4248 8028
4977 8029
5326 8029
7097 8029
5056 8029
6668 8029
1672 8029
2378 8029
5560 8029
4427 8029
3824 8029
8036 8029
7369 8029
2524 8029
2777 8029
6094 8029
5667 8029
2138 8029
3346 8029
1780 8030
6947 8030
5532 8030
6198 8030
5892 8030
8221 8030
1858 8030
2679 8030
897 8030
6732 8030
6958 8030
7206 8030
1669 8030
5620 8030
1132 8030
39 8030
172 8030
6000 8031
6609 8031
3219 8031
3346 8031
4274 8031
5177 8031
3458 8031
3542 8031
5168 8031
5710 8031
2736 8031
3436 8031
970 8031
6108 8031
3640 8031
1046 8031
36 8031
6549 8031
4797 8032
8176 8032
6204 8032
5981 8032
4742 8032
7116 8032
2108 8032
7497 8032
6909 8032
5341 8032
1487 8032
6068 8032
551 8032
2986 8032
634 8032
398 8032
1332 8033
7563 8033
5855 8033
1605 8033
3919 8033
811 8033
7902 8033
264 8033
836 8033
1791 8033
7818 8033
3845 8033
4036 8033
5377 8033
5842 8034
8 8034
1731 8034
7066 8034
8290 8034
3134 8034
4666 8034
6506 8034
1953 8034
1587 8034
7771 8034
7506 8034
2593 8035
2752 8035
2572 8035
3305 8035
4114 8035
187 8035
814 8035
3614 8035
2225 8035
7037 8035
3507 8035
3919 8035
7780 8035
3247 8035
5480 8035
2812 8035
7365 8035
2498 8035
1698 8035
1878 8036
3012 8036
2755 8036
7214 8036
7859 8036
4088 8036
319 8036
5459 8036
18 8036
4384 8036
4309 8036
1532 8036
7589 8036
4076 8037
8070 8037
7833 8037
4319 8037
1265 8037
8160 8037
2912 8037
326 8037
1990 8037
3024 8037
5246 8037
804 8037
5157 8037
6892 8037
6564 8037
6243 8037
1268 8037
1029 8037
1299 8037
2203 8037
6835 8037
792 8038
8046 8038
6985 8038
6480 8038
3544 8038
2875 8038
5938 8038
2244 8038
5709 8038
7074 8038
1796 8038
2075 8038
2829 8038
7286 8038
4352 8038
5140 8038
820 8039
6940 8039
1356 8039
4855 8039
1700 8039
2728 8039
511 8039
1839 8039
3554 8039
2688 8039
3284 8039
1076 8039
2348 8039
7031 8039
8244 8039
802 8040
8040 8040
3692 8040
8080 8040
3005 8040
2940 8040
3083 8040
1192 8040
3862 8040
374 8040
7837 8040
6850 8040
4581 8040
3823 8041
7264 8041
1136 8041
3999 8041
4712 8041
1943 8041
5267 8041
6037 8041
620 8041
4438 8041
1240 8041
2441 8041
1989 8041
8042 8042
69 8042
216 8042
2216 8042
7827 8042
4415 8042
271 8042
4950 8042
4558 8042
6021 8042
4626 8042
4858 8042
8006 8042
3214 8042
4587 8042
183 8042
3474 8042
3462 8042
306 8042
1306 8043
3491 8043
7060 8043
7877 8043
7787 8043
7711 8043
6552 8043
3523 8043
5393 8043
6136 8043
5142 8043
5701 8043
2875 8043
3383 8043
5778 8043
2802 8043
1234 8043
3707 8044
4198 8044
2800 8044
7869 8044
5254 8044
656 8044
1829 8044
3289 8044
4978 8044
8070 8044
533 8044
7625 8044
6886 8044
6173 8044
7608 8044
3036 8044
1517 8044
5951 8044
7745 8044
5447 8044
2301 8044
3154 8044
6713 8044
1353 8044
1500 8045
7741 8045
76 8045
3837 8045
2445 8045
4278 8045
3642 8045
3035 8045
4769 8045
1630 8045
591 8045
3721 8045
869 8045
3872 8045
8087 8045
1574 8045
7328 8045
1412 8045
4476 8045
6131 8046
5432 8046
6929 8046
3169 8046
1866 8046
714 8046
4729 8046
4610 8046
3651 8046
4548 8046
59 8046
371 8046
3083 8046
4158 8046
2355 8046
7811 8046
2734 8046
1870 8046
7156 8046
633 8047
6741 8047
226 8047
4573 8047
7247 8047
7570 8047
4925 8047
1032 8047
5436 8047
3478 8047
7975 8047
6368 8047
2370 8047
4717 8047
8121 8047
7777 8047
1856 8047
6798 8047
3990 8047
3615 8047
5495 8048
3045 8048
7251 8048
1693 8048
1489 8048
1843 8048
3343 8048
5003 8048
6327 8048
2100 8048
7603 8048
7586 8048
159 8048
7105 8048
1313 8048
7488 8049
3673 8049
3836 8049
3475 8049
4883 8049
3296 8049
3803 8049
5620 8049
7019 8049
6342 8049
5878 8049
5511 8049
4017 8049
7094 8049
7804 8049
4362 8049
1401 8049
3107 8049
2733 8049
2152 8050
2395 8050
2742 8050
6309 8050
4817 8050
4156 8050
34 8050
3134 8050
1681 8050
2358 8050
8103 8050
6112 8050
2278 8050
7532 8050
6649 8050
7097 8050
3547 8051
1236 8051
6880 8051
2169 8051
7183 8051
4853 8051
4024 8051
3566 8051
4478 8051
196 8051
1830 8051
118 8051
5880 8051
1499 8052
4452 8052
6622 8052
4548 8052
4884 8052
2299 8052
480 8052
1653 8052
2953 8052
3897 8052
5560 8052
3908 8052
5920 8052
4160 8052
3304 8052
2844 8052
7184 8052
4267 8052
5286 8052
7044 8052
5092 8052
5958 8052
3823 8052
4109 8052
4840 8052
280 8053
3550 8053
4319 8053
851 8053
5709 8053
6124 8053
5551 8053
7177 8053
4640 8053
1326 8053
984 8053
3080 8053
5109 8053
2430 8053
2376 8053
3623 8054
7311 8054
3442 8054
6694 8054
2443 8054
1821 8054
4173 8054
3426 8054
640 8054
5734 8054
3246 8054
8261 8054
4926 8054
6962 8054
295 8054
256 8054
308 8054
1460 8054
1709 8055
1232 8055
2592 8055
2123 8055
4343 8055
7589 8055
8026 8055
6393 8055
6033 8055
1997 8055
1700 8055
5236 8055
2760 8055
5946 8055
3036 8055
3182 8055
2577 8055
3342 8055
4943 8055
4488 8055
1207 8056
6313 8056
7541 8056
5037 8056
6813 8056
3680 8056
381 8056
6809 8056
3516 8056
4933 8056
6043 8056
4981 8056
7413 8056
6431 8056
4569 8056
1894 8056
3209 8056
6437 8056
4714 8057
4170 8057
6156 8057
4874 8057
2128 8057
4642 8057
1080 8057
6017 8057
4678 8057
6145 8057
426 8057
5399 8057
6520 8057
5310 8057
7951 8057
7108 8057
48 8057
2570 8057
6993 8057
5767 8057
7186 8057
726 8057
7837 8057
3513 8057
5918 8057
6555 8057
4441 8058
4758 8058
6122 8058
2555 8058
2580 8058
350 8058
5168 8058
1825 8058
7379 8058
3415 8058
5498 8058
2285 8058
1989 8058
6940 8058
2196 8058
2987 8059
3437 8059
1551 8059
6932 8059
1207 8059
3380 8059
1802 8059
271 8059
6948 8059
2721 8059
5158 8059
4610 8059
6212 8059
2303 8059
24 8059
4947 8059
8060 8060
5776 8060
6485 8060
3990 8060
4611 8060
1593 8060
3177 8060
717 8060
3077 8060
5264 8060
811 8060
5628 8060
2276 8060
1781 8060
5755 8060
2229 8060
268 8060
2942 8060
5183 8060
2333 8060
2899 8060
2754 8060
299 8060
4269 8060
7977 8061
1310 8061
7589 8061
4334 8061
6244 8061
2013 8061
1081 8061
6537 8061
6043 8061
7742 8061
3343 8061
3954 8061
3907 8061
3829 8061
4029 8061
4676 8061
1360 8061
181 8061
7237 8061
8034 8061
5254 8062
399 8062
5670 8062
2439 8062
712 8062
5983 8062
136 8062
5645 8062
4461 8062
2864 8062
1264 8062
1851 8062
479 8062
3922 8062
4858 8062
1621 8062
5794 8062
6642 8062
8089 8062
4927 8062
8190 8062
6266 8062
1381 8062
8103 8063
5696 8063
2785 8063
1790 8063
7874 8063
2225 8063
6440 8063
3851 8063
1124 8063
3705 8063
7664 8063
4748 8063
6443 8063
1313 8063
6333 8063
1501 8063
3639 8063
3790 8063
4398 8063
3687 8063
3034 8064
4433 8064
1517 8064
4539 8064
4909 8064
2972 8064
4996 8064
4005 8064
7127 8064
145 8064
6428 8064
3859 8064
934 8064
4431 8064
1192 8064
7045 8064
1754 8065
2113 8065
3232 8065
6664 8065
166 8065
7578 8065
1993 8065
6292 8065
4965 8065
5352 8065
2967 8065
7275 8066
7607 8066
7302 8066
3925 8066
6706 8066
3534 8066
3548 8066
2904 8066
7277 8066
2514 8066
5997 8066
1116 8066
3768 8066
1894 8066
3611 8067
5152 8067
471 8067
1396 8067
5415 8067
4777 8067
3288 8067
2010 8067
5006 8067
7880 8067
7322 8067
854 8067
3250 8067
3153 8067
126 8067
7050 8067
5491 8067
6231 8068
7701 8068
4813 8068
5515 8068
2934 8068
3226 8068
581 8068
7141 8068
34 8068
8043 8068
134 8069
7870 8069
8135 8069
5819 8069
489 8069
3166 8069
6520 8069
6320 8069
5566 8069
5967 8069
3498 8069
2089 8069
4382 8069
6055 8069
4439 8069
1301 8069
2498 8069
4706 8069
3357 8070
8176 8070
1914 8070
7571 8070
1452 8070
3190 8070
1272 8070
5065 8070
1194 8070
7084 8070
5464 8070
3240 8070
2740 8070
5561 8070
5867 8070
6475 8070
1610 8070
6003 8070
897 8070
4919 8070
7833 8070
3060 8071
199 8071
1242 8071
4710 8071
5919 8071
1892 8071
1844 8071
4615 8071
1069 8071
6572 8071
2785 8072
981 8072
6117 8072
5778 8072
2770 8072
6317 8072
4682 8072
5764 8072
4423 8072
1554 8072
