3010 8072
1264 8072
2512 8072
3756 8073
2200 8073
7585 8073
1169 8073
1947 8073
1347 8073
7492 8073
888 8073
5777 8073
7825 8073
4758 8073
1037 8073
719 8073
4019 8073
8053 8073
347 8073
7588 8073
4829 8074
5631 8074
4472 8074
5836 8074
4451 8074
6768 8074
7538 8074
3876 8074
4669 8074
7808 8074
777 8074
714 8074
2971 8074
6428 8075
3327 8075
1457 8075
6675 8075
1734 8075
5893 8075
7866 8075
6089 8075
1911 8075
5515 8075
2471 8075
7638 8075
2150 8075
532 8075
7977 8075
4184 8075
4919 8075
5480 8075
3787 8075
464 8075
4710 8076
8076 8076
6253 8076
6679 8076
1499 8076
5398 8076
3309 8076
4573 8076
5785 8076
3414 8076
1268 8076
742 8076
2579 8076
4197 8076
2803 8076
17 8076
7090 8077
1791 8077
4232 8077
2465 8077
3638 8077
3290 8077
996 8077
6919 8077
1455 8077
2481 8077
3424 8077
4741 8077
1162 8077
2039 8077
4374 8077
5972 8077
7849 8077
4889 8078
6962 8078
337 8078
3772 8078
6696 8078
5697 8078
3415 8078
7401 8078
3704 8078
280 8078
1257 8078
3605 8078
6304 8078
3496 8078
160 8078
7754 8078
2763 8078
4415 8078
4014 8078
3568 8078
1994 8078
5224 8078
4438 8078
4350 8078
1704 8078
7518 8078
370 8079
1636 8079
1323 8079
7843 8079
814 8079
7045 8079
821 8079
6 8079
7756 8079
3235 8079
248 8079
1720 8079
2736 8079
7373 8079
4874 8079
6360 8079
6103 8079
2030 8079
1183 8079
3612 8079
4076 8080
6228 8080
3223 8080
6759 8080
2872 8080
7646 8080
7808 8080
3250 8080
2456 8080
6142 8080
4655 8080
8224 8080
3807 8080
3706 8080
6734 8080
2524 8080
3102 8080
4008 8081
3989 8081
1668 8081
6394 8081
1630 8081
7255 8081
6606 8081
6255 8081
4405 8081
1940 8081
6167 8081
3885 8081
3232 8082
6816 8082
5012 8082
5499 8082
48 8082
3060 8082
3113 8082
127 8082
4667 8082
5145 8082
1089 8082
2477 8083
5441 8083
1662 8083
716 8083
3117 8083
4847 8083
4808 8083
5103 8083
1858 8083
4165 8083
2704 8083
302 8083
7204 8083
4097 8083
7827 8083
1760 8083
1562 8083
195 8083
2131 8083
130 8083
950 8083
105 8083
6658 8084
6512 8084
4431 8084
3988 8084
2160 8084
2619 8084
2127 8084
3670 8084
6629 8084
6864 8084
1463 8084
2502 8084
1786 8084
2994 8084
1568 8084
4702 8084
6731 8084
527 8084
1165 8085
8085 8085
7252 8085
60 8085
6292 8085
7670 8085
1441 8085
5506 8085
2306 8085
4669 8085
3614 8085
5321 8085
2470 8085
4519 8085
1707 8085
3648 8085
95 8085
6400 8085
4597 8086
5973 8086
6688 8086
3357 8086
4812 8086
4486 8086
3698 8086
2875 8086
5986 8086
61 8086
3193 8086
7056 8086
5443 8086
5092 8086
7144 8086
2731 8086
2244 8086
5338 8086
8252 8086
4458 8086
2811 8086
1338 8086
7770 8086
3880 8086
3070 8086
2708 8086
5009 8086
560 8087
6103 8087
5468 8087
4319 8087
6797 8087
5983 8087
5265 8087
5547 8087
1976 8087
3792 8087
1547 8087
7763 8087
640 8087
2411 8087
78 8087
3296 8088
6162 8088
4711 8088
3919 8088
4841 8088
3263 8088
7512 8088
3861 8088
5047 8088
2851 8088
4325 8088
5547 8088
19 8088
7320 8088
6280 8088
7315 8088
6079 8088
283 8088
7347 8088
8107 8088
7845 8088
5850 8088
3080 8089
6605 8089
889 8089
3977 8089
4790 8089
6242 8089
5568 8089
5202 8089
7887 8089
1095 8089
2817 8089
2669 8089
137 8089
2653 8089
7563 8089
7464 8090
7327 8090
742 8090
3147 8090
1779 8090
4706 8090
3070 8090
4724 8090
6029 8090
4622 8090
4279 8090
4369 8090
7293 8090
7933 8090
809 8090
6241 8090
1716 8091
8000 8091
6722 8091
4242 8091
4778 8091
1036 8091
7608 8091
4220 8091
6656 8091
3567 8091
2051 8091
8196 8091
4007 8091
2065 8091
5986 8091
3446 8091
1937 8091
1195 8091
5418 8091
7152 8091
6631 8091
5892 8091
7569 8092
3767 8092
3021 8092
7180 8092
1373 8092
1829 8092
1073 8092
1532 8092
6302 8092
2595 8092
5028 8092
5489 8092
5752 8092
3878 8092
4621 8092
3698 8092
4725 8092
2370 8092
7186 8092
1341 8092
34 8093
5557 8093
216 8093
1482 8093
6060 8093
1201 8093
5561 8094
1355 8094
8090 8094
5803 8094
1563 8094
5096 8094
2250 8094
6114 8094
8027 8094
7850 8094
6832 8094
2663 8094
2359 8094
7368 8094
3634 8094
5367 8094
2066 8094
470 8094
7405 8094
5348 8094
95 8094
7405 8095
1553 8095
216 8095
5748 8095
3179 8095
6682 8095
197 8095
7976 8095
4876 8095
5230 8095
5163 8095
3105 8096
8096 8096
3604 8096
6163 8096
1520 8096
2465 8096
6630 8096
3742 8096
2809 8096
6107 8096
3819 8096
5474 8096
2676 8096
3609 8096
3202 8096
1412 8096
6867 8096
628 8096
1366 8096
2533 8096
4732 8096
7391 8096
2981 8096
7277 8096
2234 8096
350 8097
146 8097
8097 8097
5614 8097
3290 8097
5835 8097
3350 8097
7402 8097
3566 8097
5535 8097
8103 8097
1149 8097
4161 8097
3123 8098
7092 8098
1413 8098
3929 8098
1579 8098
4931 8098
4961 8098
1514 8098
5837 8098
1987 8098
1655 8098
7776 8098
640 8098
1055 8098
7430 8098
3554 8098
2481 8098
7507 8098
1778 8098
6480 8098
267 8099
1230 8099
4607 8099
1285 8099
4926 8099
1575 8099
3026 8099
353 8099
32 8099
6850 8099
373 8099
6792 8099
3756 8099
6317 8099
535 8099
1937 8099
8020 8099
170 8099
6962 8100
82 8100
6894 8100
6835 8100
1344 8100
4264 8100
6223 8100
6794 8100
5232 8100
2261 8100
1830 8100
1960 8100
6682 8100
485 8100
1502 8100
739 8100
2299 8100
5708 8100
3938 8100
7543 8100
1207 8100
1514 8101
43 8101
1494 8101
4349 8101
2851 8101
7480 8101
4977 8101
2952 8101
6723 8101
2647 8101
621 8101
3767 8101
1151 8101
7723 8102
971 8102
7366 8102
2675 8102
8171 8102
6699 8102
5526 8102
7824 8102
1692 8102
2543 8102
2318 8102
436 8102
7373 8102
7509 8102
3780 8102
4085 8102
4271 8102
2394 8102
6163 8102
7481 8102
6621 8103
322 8103
3365 8103
2861 8103
4529 8103
1600 8103
4596 8103
2989 8103
1339 8103
5080 8103
1082 8103
5498 8103
4592 8103
5811 8103
2951 8103
7440 8103
1613 8103
3096 8103
4245 8103
6519 8103
2474 8103
6933 8104
5225 8104
6237 8104
2665 8104
3825 8104
7133 8104
3601 8104
3772 8104
6057 8104
6551 8104
3544 8104
4746 8104
2979 8104
5444 8104
6412 8104
885 8104
724 8104
3637 8104
4170 8104
7436 8104
2731 8104
3462 8104
4029 8105
6879 8105
4589 8105
248 8105
7859 8105
7159 8105
8150 8105
2207 8105
7451 8105
2395 8105
3940 8105
3994 8105
1653 8106
6579 8106
6746 8106
4387 8106
3132 8106
2383 8106
2423 8106
6755 8106
3152 8106
1639 8106
4795 8107
1178 8107
6049 8107
606 8107
4866 8107
6929 8107
3170 8107
4626 8107
1428 8107
6087 8107
1663 8107
169 8107
4509 8108
6979 8108
3050 8108
837 8108
2316 8108
2191 8108
1349 8108
2549 8108
3603 8108
7960 8108
7094 8108
1764 8108
5130 8108
2877 8108
7780 8108
254 8108
5644 8108
5306 8108
5415 8108
7856 8109
3197 8109
6684 8109
1262 8109
226 8109
3953 8109
1690 8109
2399 8109
3877 8109
4986 8109
2004 8109
6204 8109
3220 8109
4505 8109
8070 8109
4024 8110
4672 8110
502 8110
2515 8110
7387 8110
1560 8110
610 8110
1310 8110
6359 8110
817 8110
2352 8110
2436 8110
1272 8110
6165 8110
4237 8110
204 8111
5605 8111
2267 8111
5390 8111
6737 8111
1978 8111
7981 8111
6992 8111
6753 8111
7347 8111
6759 8111
1985 8112
3321 8112
72 8112
8112 8112
3350 8112
6809 8112
2545 8112
3984 8112
341 8112
5767 8112
3145 8112
5377 8112
6198 8112
1017 8112
7878 8112
6677 8112
7504 8112
5006 8112
6235 8112
1253 8112
549 8112
8113 8113
4555 8113
6200 8113
7982 8113
4644 8113
92 8113
3273 8113
6964 8113
1986 8113
8045 8113
795 8113
4542 8113
4816 8113
6833 8113
1281 8113
8025 8113
127 8113
4737 8113
671 8114
1108 8114
494 8114
2239 8114
5114 8114
4165 8114
249 8114
6699 8114
783 8114
676 8114
5526 8114
7037 8114
3604 8114
1391 8114
6480 8114
4568 8114
4684 8114
7573 8114
2920 8114
4272 8115
6414 8115
456 8115
5055 8115
661 8115
2523 8115
4060 8115
4167 8115
2829 8115
4482 8115
1440 8115
2658 8115
7298 8115
588 8115
314 8115
7935 8116
4069 8116
5365 8116
6169 8116
1029 8116
6168 8116
7286 8116
1248 8116
2086 8116
3953 8116
625 8116
7001 8116
8240 8116
5443 8116
5599 8116
8244 8116
7847 8116
5826 8116
3277 8116
5597 8116
4615 8116
2448 8117
2260 8117
2634 8117
1447 8117
550 8117
57 8117
2166 8117
3585 8117
1209 8117
5216 8117
1429 8117
5231 8118
1248 8118
2629 8118
6413 8118
5590 8118
6735 8118
6831 8118
7705 8118
4607 8118
963 8118
5700 8118
5500 8118
4741 8118
8034 8118
4141 8118
2837 8119
718 8119
7430 8119
6647 8119
3857 8119
460 8119
5545 8119
2547 8119
2929 8119
4366 8119
4651 8119
4202 8119
618 8120
3658 8120
6971 8120
6340 8120
5919 8120
5896 8120
4990 8120
40 8120
7285 8120
7122 8120
2791 8120
2327 8120
2450 8120
4740 8120
7209 8120
2680 8120
4065 8121
2383 8121
2170 8121
3599 8121
3585 8121
8059 8121
5685 8121
3292 8121
2913 8121
1490 8121
3985 8121
2 8121
5835 8121
6557 8121
5515 8121
5526 8121
6248 8121
903 8121
9 8121
5301 8122
3817 8122
3252 8122
6211 8122
6775 8122
2006 8122
4746 8122
5972 8122
5127 8122
6013 8122
2518 8122
3092 8122
364 8122
7521 8122
5038 8122
2304 8122
7456 8122
4670 8122
1745 8122
6250 8123
1392 8123
3196 8123
3641 8123
3571 8123
2360 8123
1877 8123
5912 8123
3934 8123
39 8123
3456 8123
3845 8123
1653 8123
7248 8123
4562 8123
4386 8123
1023 8123
3754 8123
2389 8123
281 8123
4411 8123
1366 8123
2308 8123
115 8124
4894 8124
2524 8124
3277 8124
4398 8124
4637 8124
8231 8124
3264 8124
2508 8124
7038 8124
6071 8125
7338 8125
1897 8125
2934 8125
1708 8125
6206 8125
3704 8125
2468 8125
5895 8125
3250 8125
2310 8125
5250 8125
6597 8125
1081 8125
1007 8125
7628 8125
7258 8125
5803 8125
2638 8125
2608 8125
377 8125
8126 8126
934 8126
1040 8126
2597 8126
4561 8126
2481 8126
6116 8126
667 8126
2637 8126
2040 8126
4881 8126
7850 8126
6575 8126
4114 8127
3906 8127
548 8127
6841 8127
1306 8127
1663 8127
172 8127
5750 8127
3780 8127
3339 8127
6514 8127
7887 8127
451 8127
5688 8127
602 8127
7898 8127
5388 8127
4740 8127
4620 8127
384 8128
6066 8128
1366 8128
1342 8128
4665 8128
7910 8128
7983 8128
300 8128
250 8128
6968 8128
39 8128
5943 8128
1095 8128
846 8128
5333 8128
373 8128
6992 8129
5215 8129
2423 8129
987 8129
144 8129
4815 8129
433 8129
2481 8129
4880 8129
6853 8129
2178 8129
3261 8130
2776 8130
5177 8130
2143 8130
7789 8130
5239 8130
1096 8130
1434 8130
2474 8130
3984 8130
108 8130
6936 8130
880 8130
6357 8130
2723 8130
4972 8131
8131 8131
1923 8131
1221 8131
5463 8131
7058 8131
2130 8131
1454 8131
291 8131
198 8131
8005 8131
1694 8131
109 8131
395 8131
2577 8131
3777 8131
6980 8131
4381 8131
1860 8132
3477 8132
8186 8132
5560 8132
1635 8132
1997 8132
230 8132
893 8132
8203 8132
5664 8132
6262 8132
6688 8132
4651 8133
5997 8133
2934 8133
1972 8133
6776 8133
6342 8133
7122 8133
7832 8133
4151 8133
7680 8133
5351 8134
2247 8134
5875 8134
1112 8134
1778 8134
6649 8134
4286 8134
2487 8134
889 8134
644 8134
4036 8134
4533 8134
419 8134
1675 8135
2168 8135
1877 8135
6098 8135
4930 8135
4619 8135
2004 8135
3104 8135
6685 8135
2843 8135
3638 8135
1750 8135
2502 8135
1552 8135
2113 8135
3332 8135
6008 8135
7356 8135
2108 8136
1489 8136
7225 8136
2492 8136
3419 8136
532 8136
7562 8136
2879 8136
502 8136
6118 8136
2097 8136
167 8136
2018 8136
1045 8136
2796 8136
6559 8136
6633 8136
6144 8136
5418 8136
4799 8136
2765 8136
7775 8136
5148 8136
645 8136
7594 8137
8090 8137
3095 8137
1587 8137
4490 8137
7637 8137
1086 8137
3228 8137
4755 8137
3475 8138
4204 8138
5283 8138
4631 8138
7167 8138
6682 8138
7103 8138
2423 8138
3193 8138
1313 8138
1165 8138
369 8138
3090 8138
2320 8138
7811 8139
1392 8139
3095 8139
5101 8139
4866 8139
6177 8139
5493 8139
189 8139
466 8139
2922 8139
8273 8139
355 8139
3147 8139
4665 8139
6776 8139
6958 8139
6260 8139
3500 8139
5267 8140
6743 8140
8140 8140
3217 8140
4568 8140
2740 8140
725 8140
3639 8140
1457 8140
3803 8140
2329 8140
996 8140
671 8140
3922 8140
1096 8140
5245 8140
5031 8140
6131 8140
3568 8140
5053 8140
4664 8141
3032 8141
5491 8141
5860 8141
4272 8141
2470 8141
2999 8141
2468 8141
3939 8141
5281 8141
5222 8141
5681 8141
5838 8141
1332 8141
3190 8141
71 8141
2561 8141
552 8141
5446 8142
3331 8142
6371 8142
346 8142
6943 8142
4919 8142
6221 8142
3142 8142
3605 8142
5936 8142
6575 8142
418 8142
592 8142
1149 8142
6140 8142
3879 8142
8143 8143
6053 8143
6958 8143
2421 8143
3473 8143
7297 8143
6501 8143
1778 8143
4672 8143
6890 8143
2830 8143
1662 8143
8208 8143
2229 8143
1216 8143
3707 8143
5630 8143
5614 8143
52 8144
6318 8144
7383 8144
7356 8144
2976 8144
4742 8144
7206 8144
7925 8144
60 8144
8008 8144
4258 8144
4870 8144
1026 8145
6195 8145
1525 8145
4172 8145
4249 8145
2477 8145
548 8145
7095 8145
3642 8145
5004 8145
5355 8145
500 8145
2138 8145
1313 8145
4386 8145
1332 8145
3680 8145
1195 8145
1165 8145
8009 8145
6146 8145
6318 8145
3260 8145
226 8145
3442 8145
3914 8146
5212 8146
7940 8146
6758 8146
272 8146
3468 8146
3391 8146
7752 8146
6485 8146
3353 8146
2711 8146
2409 8146
540 8146
7219 8146
1791 8147
1991 8147
5384 8147
3179 8147
720 8147
470 8147
5047 8147
322 8147
1765 8147
5022 8147
4480 8147
6580 8147
4553 8147
5557 8147
4847 8147
5333 8147
144 8148
6550 8148
6164 8148
7391 8148
2773 8148
2174 8148
4546 8148
2417 8148
3222 8148
2790 8148
1378 8148
2522 8148
5481 8148
2556 8148
4835 8148
4130 8148
4413 8148
4621 8148
4859 8148
8149 8149
4253 8149
1518 8149
8245 8149
4204 8149
5082 8149
466 8149
2426 8149
2527 8149
4545 8149
533 8149
7333 8149
3492 8149
7342 8149
5026 8149
2842 8149
5332 8149
7056 8149
5991 8149
2596 8149
3346 8149
8280 8150
2071 8150
6555 8150
4682 8150
5142 8150
5723 8150
4117 8150
2904 8150
543 8150
2348 8150
7176 8150
1364 8150
4631 8150
834 8150
2292 8151
5402 8151
4537 8151
5412 8151
1851 8151
559 8151
3247 8151
4380 8151
2984 8151
6998 8151
3040 8151
5693 8151
1467 8151
409 8151
3124 8152
973 8152
7571 8152
6340 8152
3721 8152
7910 8152
231 8152
1031 8152
4266 8152
4815 8152
936 8152
98 8152
5058 8152
4877 8152
4862 8152
2004 8152
213 8152
4358 8152
2227 8153
4117 8153
5125 8153
5965 8153
6380 8153
7753 8153
2575 8153
271 8153
3783 8153
4244 8153
5228 8153
2784 8153
1550 8154
3935 8154
5897 8154
3680 8154
4350 8154
6984 8154
4639 8154
2741 8154
2692 8154
1435 8154
2197 8154
5264 8154
3615 8154
6099 8154
3950 8154
6964 8154
6789 8154
3432 8154
7982 8155
534 8155
2675 8155
6049 8155
158 8155
8129 8155
1051 8155
1156 8155
7892 8155
3015 8155
3451 8155
1484 8155
5772 8155
5745 8155
7681 8155
3982 8155
7691 8155
2198 8155
6808 8155
4360 8155
2814 8155
2271 8155
961 8155
2473 8155
7215 8155
5990 8155
3492 8156
8156 8156
5123 8156
3857 8156
1636 8156
721 8156
1428 8156
4138 8156
5946 8156
2348 8156
2935 8156
5 8156
1915 8156
6642 8156
3192 8156
7269 8156
3218 8156
2279 8157
622 8157
6055 8157
2195 8157
5215 8157
6653 8157
3190 8157
7901 8157
6024 8157
1994 8157
6626 8157
393 8157
1203 8157
1681 8157
5637 8157
3846 8157
2169 8157
5477 8157
2709 8157
5097 8157
3948 8157
6071 8157
1911 8157
3353 8157
740 8158
7370 8158
5632 8158
2680 8158
3207 8158
6271 8158
2345 8158
7031 8158
3300 8158
2828 8158
4907 8158
3517 8158
1953 8158
4779 8158
8037 8158
617 8158
1332 8158
2188 8159
2310 8159
6116 8159
54 8159
6642 8159
2951 8159
4130 8159
7544 8159
6720 8159
2892 8159
5326 8159
347 8159
2037 8159
6400 8159
7466 8159
7060 8159
4881 8159
7705 8159
5658 8159
1044 8159
2061 8160
4929 8160
192 8160
424 8160
462 8160
2201 8160
2822 8160
3414 8160
1595 8160
4883 8160
4392 8160
8084 8160
6465 8160
3220 8160
2541 8161
8203 8161
6467 8161
1240 8161
148 8161
5431 8161
1227 8161
6380 8161
6253 8161
3184 8161
5552 8161
462 8161
3344 8161
4405 8161
6272 8161
4862 8161
765 8161
8089 8161
7825 8161
5764 8161
7469 8161
309 8161
3342 8161
7368 8161
1483 8161
6968 8161
8264 8161
3709 8162
6201 8162
4498 8162
1419 8162
2935 8162
6021 8162
3135 8162
5599 8162
2968 8162
6633 8162
528 8162
5944 8162
1856 8162
8107 8163
7019 8163
8015 8163
4008 8163
7333 8163
4948 8163
6506 8163
1626 8163
5872 8163
1540 8163
4076 8163
3614 8163
6454 8163
4749 8163
5543 8163
165 8163
7237 8164
433 8164
5650 8164
7193 8164
4714 8164
7912 8164
399 8164
27 8164
8282 8164
1634 8164
6932 8164
2175 8164
2327 8164
4750 8164
1756 8164
659 8164
3263 8164
7905 8164
5625 8164
706 8164
3842 8164
5399 8165
2252 8165
4632 8165
4086 8165
256 8165
6142 8165
2643 8165
5285 8165
4994 8165
7554 8165
6055 8165
5517 8165
4076 8165
6522 8165
3550 8166
8180 8166
3284 8166
6629 8166
4258 8166
1583 8166
4670 8166
205 8166
6630 8166
8206 8166
3838 8166
3212 8166
5866 8166
7585 8166
2192 8166
1450 8167
5487 8167
5444 8167
4045 8167
7695 8167
8 8167
4694 8167
7606 8167
3113 8167
3777 8167
3895 8167
5357 8167
7788 8167
1200 8167
8240 8168
3640 8168
7695 8168
6851 8168
3312 8168
3614 8168
1740 8168
2443 8168
6320 8168
1388 8168
1897 8168
7895 8168
1562 8168
5527 8168
6753 8168
1956 8168
5593 8169
7632 8169
7957 8169
7448 8169
6531 8169
7473 8169
807 8169
8 8169
7199 8169
672 8169
2032 8169
3995 8170
4765 8170
198 8170
6085 8170
5855 8170
3027 8170
1051 8170
6933 8170
6342 8170
1527 8170
5335 8170
3219 8170
2529 8170
5992 8170
6862 8170
7836 8171
4259 8171
1887 8171
2278 8171
3220 8171
7511 8171
4202 8171
8010 8171
6682 8171
5421 8171
376 8171
6706 8171
309 8171
3772 8172
6360 8172
5266 8172
5400 8172
1843 8172
4817 8172
637 8172
322 8172
7166 8172
6057 8172
2306 8172
8168 8172
938 8172
2252 8172
173 8172
4529 8172
6563 8172
148 8172
1277 8172
3367 8172
5495 8172
4004 8172
1007 8173
3574 8173
6644 8173
7591 8173
2522 8173
1667 8173
2849 8173
7753 8173
2692 8173
8139 8173
119 8174
6998 8174
5077 8174
5885 8174
4724 8174
1764 8174
6461 8174
7189 8174
6168 8174
2629 8174
709 8174
2203 8174
1710 8174
5985 8174
60 8174
1213 8175
7907 8175
7033 8175
5583 8175
4755 8175
6982 8175
451 8175
5548 8175
4770 8175
906 8175
2355 8175
1867 8175
1760 8175
5049 8175
410 8175
2899 8176
4084 8176
7030 8176
4710 8176
825 8176
4450 8176
675 8176
7143 8176
5561 8176
1089 8176
1195 8176
5688 8176
3466 8176
1242 8176
7651 8176
6916 8176
3800 8177
5396 8177
2873 8177
1440 8177
7665 8177
7589 8177
6058 8177
3761 8177
2957 8177
7049 8177
5497 8177
5341 8177
1997 8177
2039 8177
614 8177
6618 8177
5912 8177
127 8177
6502 8177
5582 8178
6466 8178
7237 8178
1910 8178
5374 8178
5719 8178
737 8178
8176 8178
6901 8178
170 8178
4586 8178
2181 8178
5575 8178
6051 8178
4816 8178
8193 8179
6369 8179
7554 8179
6073 8179
1882 8179
1786 8179
5644 8179
4109 8179
1792 8179
4122 8179
2245 8179
2392 8179
4340 8179
1232 8179
5263 8179
7639 8179
4695 8179
2497 8179
3634 8179
3181 8179
1233 8179
2162 8179
3789 8179
250 8180
6253 8180
6905 8180
6279 8180
7139 8180
1046 8180
174 8180
1169 8180
7186 8180
1327 8180
6913 8180
4031 8180
4438 8180
6976 8180
2784 8180
579 8180
2282 8180
90 8180
1621 8181
5528 8181
7252 8181
4314 8181
5987 8181
4539 8181
2299 8181
5498 8181
7143 8181
7539 8181
3596 8181
5135 8181
2423 8181
3931 8181
2415 8181
7997 8181
4938 8181
1534 8182
7865 8182
3197 8182
7095 8182
2542 8182
5783 8182
7560 8182
2370 8182
795 8182
8125 8182
2126 8182
8236 8183
4925 8183
2809 8183
6373 8183
6167 8183
6520 8183
6464 8183
3872 8183
3229 8183
2367 8183
1448 8183
1097 8183
2166 8183
6844 8183
1596 8184
1911 8184
1392 8184
619 8184
790 8184
7427 8184
5097 8184
1878 8184
8067 8184
6827 8184
3226 8184
8264 8184
3117 8184
2632 8184
5718 8185
1319 8185
7163 8185
4409 8185
616 8185
2872 8185
5404 8185
6633 8185
2389 8185
7963 8185
2456 8185
4022 8185
5394 8185
4013 8185
7397 8185
1217 8185
7783 8185
5667 8185
5695 8185
4190 8185
8016 8185
765 8185
6758 8185
5754 8185
1860 8185
5123 8185
4183 8185
3396 8185
7002 8185
1132 8185
2509 8185
4608 8185
5628 8186
7027 8186
4956 8186
1895 8186
8172 8186
7791 8186
568 8186
7863 8186
1162 8186
5444 8186
7508 8186
8142 8186
3168 8186
2049 8186
582 8186
7592 8186
5700 8186
4743 8187
2425 8187
2654 8187
4415 8187
241 8187
5844 8187
1639 8187
5315 8187
7019 8187
745 8187
138 8187
5562 8187
6549 8187
5658 8187
4747 8187
7204 8187
97 8188
3764 8188
3705 8188
4308 8188
8252 8188
6496 8188
4265 8188
5294 8188
71 8188
8165 8188
3827 8188
8189 8189
4335 8189
3006 8189
1070 8189
5411 8189
1373 8189
4862 8189
771 8189
5477 8189
6136 8189
3419 8189
7456 8189
387 8189
7259 8189
3136 8189
5463 8189
4667 8189
4780 8189
5984 8190
3837 8190
3924 8190
7180 8190
5009 8190
1885 8190
3067 8190
991 8190
4696 8190
6273 8190
5738 8190
4798 8190
4682 8190
2377 8190
3229 8190
5390 8190
2771 8190
6971 8190
1609 8191
7496 8191
2038 8191
8267 8191
2488 8191
7480 8191
90 8191
1521 8191
7108 8191
