3245 8191
1189 8191
4100 8191
6065 8192
5615 8192
5077 8192
2018 8192
3080 8192
4564 8192
6514 8192
1620 8192
3083 8192
1497 8192
1712 8193
6516 8193
5792 8193
1650 8193
2771 8193
7176 8193
591 8193
2075 8193
409 8193
6114 8193
3638 8193
6563 8193
6743 8193
8221 8193
319 8193
3392 8193
1254 8193
3948 8194
8194 8194
2360 8194
5188 8194
7251 8194
903 8194
3044 8194
3235 8194
3116 8194
885 8194
240 8194
2072 8194
5678 8194
1903 8194
553 8194
5818 8194
3507 8194
6580 8194
5565 8194
6832 8194
6541 8194
5276 8194
18 8194
4190 8194
7869 8194
7176 8194
6706 8194
6984 8195
165 8195
3056 8195
5534 8195
7878 8195
4425 8195
4467 8195
3885 8195
4874 8195
537 8195
5389 8195
882 8195
4775 8196
4658 8196
7580 8196
6223 8196
7030 8196
6809 8196
8125 8196
5311 8196
4744 8196
5135 8196
4595 8196
2746 8196
3988 8196
178 8196
6021 8196
3028 8197
4741 8197
1871 8197
4859 8197
6054 8197
2533 8197
5936 8197
1786 8197
6890 8197
4364 8197
5046 8197
5955 8197
7580 8197
1680 8197
4466 8198
6547 8198
8133 8198
6177 8198
3669 8198
7833 8198
8009 8198
6009 8198
59 8198
455 8198
4481 8198
622 8198
562 8198
649 8198
3055 8198
113 8199
5149 8199
4542 8199
7164 8199
3868 8199
5563 8199
4446 8199
4059 8199
1000 8199
1823 8199
4654 8199
494 8199
4779 8199
989 8199
1396 8199
4518 8199
2257 8199
6895 8199
4506 8199
7725 8200
6187 8200
2650 8200
4000 8200
6852 8200
7815 8200
4514 8200
3846 8200
7963 8200
5552 8200
7652 8200
5258 8200
3609 8200
1620 8200
2557 8200
6696 8200
204 8200
6180 8200
6509 8200
2345 8200
3174 8200
789 8200
8090 8200
3486 8201
991 8201
5691 8201
3675 8201
3588 8201
878 8201
5513 8201
5138 8201
7044 8201
4562 8201
5058 8201
3462 8201
5664 8201
2233 8201
7720 8201
898 8201
3304 8201
713 8201
4637 8202
5348 8202
8180 8202
7621 8202
2126 8202
452 8202
2593 8202
7451 8202
3729 8202
6863 8202
6616 8202
6519 8202
16 8202
4079 8202
2250 8202
5087 8202
4138 8203
1911 8203
5371 8203
3230 8203
7556 8203
7505 8203
192 8203
559 8203
295 8203
4476 8203
4050 8203
5342 8203
1829 8203
5957 8203
3157 8203
5142 8203
4246 8203
7262 8203
867 8203
6090 8204
7827 8204
2580 8204
5262 8204
5007 8204
1371 8204
2113 8204
2057 8204
987 8204
1650 8204
47 8204
4881 8204
4318 8204
398 8204
2707 8204
2844 8204
7940 8204
3270 8204
4273 8204
6569 8205
3228 8205
656 8205
2127 8205
8206 8205
5194 8205
6244 8205
4249 8205
4088 8205
8044 8205
5038 8205
7033 8205
7352 8205
2937 8205
63 8205
5296 8205
7311 8205
3091 8205
1917 8205
7264 8205
2735 8205
4579 8205
3281 8206
5068 8206
1583 8206
1732 8206
1987 8206
2051 8206
7040 8206
49 8206
8159 8206
2393 8206
6770 8206
829 8206
5022 8206
2486 8206
1908 8206
6024 8206
7865 8206
7141 8207
6605 8207
3927 8207
4839 8207
3058 8207
1718 8207
54 8207
7630 8207
2716 8207
999 8207
1145 8207
3933 8207
7428 8207
615 8207
5923 8207
7847 8207
8245 8207
494 8208
4859 8208
4040 8208
2696 8208
6986 8208
6255 8208
5943 8208
4282 8208
5465 8208
1084 8208
614 8208
5138 8208
480 8208
2328 8208
7126 8208
5163 8208
4199 8208
1455 8208
318 8208
7887 8209
2290 8209
1124 8209
115 8209
7180 8209
1679 8209
434 8209
3252 8209
6465 8209
3930 8209
5164 8209
1689 8209
4558 8209
6551 8209
7387 8209
991 8209
6953 8209
1885 8209
2348 8209
6158 8210
4584 8210
2145 8210
3888 8210
4835 8210
2641 8210
1940 8210
1353 8210
7957 8210
3649 8210
5007 8210
7136 8210
1971 8210
2231 8210
4364 8210
3192 8210
7843 8210
2391 8210
5487 8210
6266 8210
2152 8211
3375 8211
4060 8211
3095 8211
2742 8211
1481 8211
2971 8211
2111 8211
7463 8211
7504 8211
7983 8211
4014 8211
753 8211
2214 8211
4797 8211
5890 8211
4444 8212
436 8212
3030 8212
6275 8212
4204 8212
2097 8212
3422 8212
3048 8212
6795 8212
6557 8212
6258 8212
6976 8212
7497 8212
172 8212
7578 8212
4378 8212
8213 8213
7141 8213
5321 8213
3167 8213
1349 8213
2845 8213
3998 8213
1690 8213
361 8213
7654 8213
5523 8213
1054 8213
8032 8213
1487 8213
7589 8213
8214 8214
2222 8214
3260 8214
3622 8214
4182 8214
271 8214
7184 8214
4835 8214
1770 8214
3692 8214
3659 8214
5076 8214
3611 8214
4723 8214
4755 8214
7314 8214
2057 8215
1667 8215
2327 8215
3621 8215
4376 8215
8219 8215
5699 8215
6519 8215
5941 8215
347 8215
7675 8215
3972 8215
7284 8215
1676 8215
6752 8215
442 8215
2581 8215
7966 8215
6417 8215
1536 8215
6275 8215
2375 8216
6735 8216
4920 8216
895 8216
814 8216
4579 8216
609 8216
1490 8216
8133 8216
5454 8216
8089 8216
1754 8216
1902 8216
5057 8216
4324 8216
3500 8216
4518 8217
5333 8217
535 8217
3242 8217
3654 8217
498 8217
5176 8217
3002 8217
3396 8217
782 8217
3870 8217
7049 8217
993 8217
1886 8217
7127 8217
2143 8217
5177 8218
8210 8218
5932 8218
3695 8218
4986 8218
3470 8218
8192 8218
975 8218
5243 8218
7842 8218
1648 8218
5461 8218
5693 8218
4325 8218
3392 8218
3864 8218
5145 8218
103 8218
7384 8218
5710 8219
4136 8219
4360 8219
4054 8219
1232 8219
2582 8219
7796 8219
5319 8219
3439 8219
3929 8219
1973 8219
7332 8219
5311 8219
1450 8219
6220 8219
7231 8219
6363 8219
495 8219
7057 8219
5454 8220
7850 8220
7492 8220
1860 8220
8066 8220
7999 8220
3710 8220
6334 8220
5225 8220
7233 8220
5078 8220
4750 8220
7461 8220
4646 8221
4791 8221
6563 8221
4356 8221
3286 8221
712 8221
3263 8221
2398 8221
5078 8221
7448 8221
7972 8221
5551 8221
4129 8221
2732 8221
7758 8221
5118 8221
1060 8221
6535 8221
11 8221
3438 8221
1896 8221
6009 8221
1478 8221
4309 8221
3639 8222
4434 8222
7136 8222
194 8222
7556 8222
6877 8222
7720 8222
5351 8222
2638 8222
7065 8222
44 8222
3963 8222
7169 8222
8223 8223
8239 8223
7438 8223
1871 8223
6536 8223
7044 8223
1790 8223
8183 8223
4913 8223
489 8223
4327 8223
6510 8223
884 8223
4258 8223
3786 8223
4232 8223
6453 8223
4975 8223
1187 8223
4949 8223
5410 8223
4199 8223
5515 8224
5659 8224
3209 8224
4528 8224
3931 8224
6770 8224
6132 8224
2561 8224
2973 8224
7594 8224
5899 8224
8252 8224
2367 8224
7119 8224
8067 8224
2663 8224
6706 8224
6243 8225
2103 8225
2063 8225
3654 8225
5367 8225
450 8225
838 8225
5855 8225
835 8225
5123 8225
1177 8225
8265 8225
451 8225
6685 8225
727 8225
3741 8225
4589 8225
5591 8225
371 8226
1563 8226
2404 8226
7151 8226
2320 8226
6380 8226
8057 8226
6820 8226
6849 8226
1356 8226
2387 8226
7744 8226
2965 8226
7741 8226
1095 8226
5818 8226
3510 8226
5420 8226
4413 8226
3638 8226
1856 8226
7488 8227
3091 8227
1243 8227
6647 8227
3398 8227
2108 8227
2749 8227
6360 8227
904 8227
3515 8227
2727 8227
3077 8227
1371 8227
1717 8227
863 8227
4661 8227
2145 8227
5309 8227
5159 8227
7802 8227
2403 8228
6980 8228
1474 8228
6150 8228
7928 8228
1681 8228
2550 8228
7264 8228
7441 8228
6852 8228
7594 8228
1808 8228
2349 8228
4387 8228
1130 8228
4442 8228
4194 8228
6720 8228
1238 8228
3012 8228
6937 8228
4529 8228
1596 8229
1107 8229
3898 8229
3735 8229
219 8229
8120 8229
6472 8229
6739 8229
5648 8229
794 8229
3964 8229
2192 8229
7639 8229
4603 8229
5918 8229
3697 8229
5353 8230
288 8230
1850 8230
7019 8230
2585 8230
507 8230
7225 8230
5264 8230
5649 8230
2514 8230
5341 8230
7183 8230
7127 8230
804 8231
4190 8231
2965 8231
213 8231
5825 8231
6461 8231
5360 8231
5652 8231
7340 8231
6078 8231
1108 8231
6183 8231
3633 8231
5387 8231
6862 8231
6856 8231
3197 8231
3192 8231
2971 8232
6128 8232
6684 8232
5093 8232
792 8232
280 8232
773 8232
950 8232
2272 8232
7399 8232
1181 8232
6989 8232
772 8233
823 8233
5536 8233
349 8233
5263 8233
3183 8233
6643 8233
1550 8233
6108 8233
72 8233
7105 8233
1357 8233
3790 8233
4655 8233
8043 8233
2050 8233
5885 8233
2135 8233
1960 8233
5319 8233
7797 8233
2104 8234
1740 8234
2287 8234
6108 8234
7146 8234
938 8234
1459 8234
3983 8234
1650 8234
3456 8234
6682 8234
5436 8234
6420 8234
2486 8234
161 8234
5500 8234
5154 8234
4450 8235
2135 8235
4246 8235
7974 8235
3621 8235
4912 8235
2086 8235
156 8235
6368 8235
1338 8235
3833 8235
2587 8235
5789 8235
85 8235
4498 8235
672 8235
1724 8235
187 8235
5777 8235
3746 8235
2471 8235
4609 8235
7133 8235
6050 8236
2288 8236
4312 8236
290 8236
1610 8236
6879 8236
4394 8236
1790 8236
4610 8236
3309 8236
4839 8236
4998 8236
3322 8236
7863 8237
6578 8237
1943 8237
6985 8237
5021 8237
4338 8237
321 8237
7867 8237
95 8237
1552 8237
8134 8238
6173 8238
5058 8238
3879 8238
497 8238
3668 8238
5522 8238
4738 8238
337 8238
894 8238
1911 8238
2822 8238
984 8238
1483 8238
1652 8238
2829 8238
5097 8238
610 8238
8206 8238
1880 8238
3846 8238
5438 8239
7211 8239
2731 8239
2577 8239
7242 8239
8016 8239
4395 8239
4079 8239
5101 8239
3116 8239
7617 8239
6795 8239
6405 8239
7491 8239
2032 8239
8073 8239
527 8239
6477 8239
4558 8239
60 8240
8137 8240
957 8240
3676 8240
6029 8240
3371 8240
76 8240
2778 8240
1220 8240
5082 8240
5174 8240
5564 8240
2229 8241
2423 8241
4502 8241
6416 8241
6473 8241
1538 8241
3745 8241
4331 8241
7713 8241
4334 8241
309 8241
6187 8241
95 8241
2081 8241
7967 8241
1956 8241
6677 8241
4565 8242
2898 8242
615 8242
7863 8242
6851 8242
4997 8242
2869 8242
5187 8242
28 8242
2450 8242
3997 8242
1051 8242
3808 8242
2888 8242
1232 8242
7244 8242
4711 8242
6615 8242
1701 8242
3344 8242
4026 8243
5097 8243
4907 8243
6849 8243
2081 8243
6030 8243
7595 8243
1281 8243
5009 8243
5804 8243
718 8243
1253 8243
3466 8243
853 8243
4384 8243
8139 8243
6015 8243
5522 8243
2383 8244
2472 8244
4454 8244
6820 8244
7880 8244
7027 8244
6273 8244
3856 8244
3101 8244
5688 8244
1370 8244
7774 8244
867 8244
7233 8244
7115 8244
4267 8244
919 8244
7981 8245
750 8245
6866 8245
1614 8245
6983 8245
1017 8245
5644 8245
4416 8245
4593 8245
6523 8245
5681 8245
6608 8245
1621 8245
1347 8245
7852 8245
7205 8245
6912 8245
5241 8246
6440 8246
5165 8246
3051 8246
720 8246
4555 8246
3234 8246
6601 8246
7061 8246
2135 8246
2522 8246
2049 8246
3638 8246
2630 8246
1511 8246
4121 8246
2642 8246
4710 8246
3635 8246
5273 8246
2688 8246
4977 8246
2237 8246
5674 8246
4723 8247
2837 8247
644 8247
8247 8247
4238 8247
1947 8247
2088 8247
1458 8247
3999 8247
3799 8247
8116 8247
4935 8247
3444 8247
7864 8247
7827 8247
7860 8247
2725 8248
7754 8248
1148 8248
3714 8248
976 8248
5313 8248
5555 8248
7637 8248
2268 8248
1538 8248
3780 8248
4748 8248
3431 8248
5482 8248
3790 8248
3286 8248
2308 8248
4447 8248
6601 8248
2380 8248
6612 8248
3466 8248
4450 8248
7019 8248
1311 8248
5360 8249
3497 8249
3046 8249
3176 8249
571 8249
7749 8249
8177 8249
733 8249
6866 8249
71 8249
7763 8249
3801 8249
3145 8249
199 8249
1374 8249
6330 8249
4137 8250
8250 8250
4087 8250
6094 8250
7843 8250
3251 8250
4910 8250
1734 8250
742 8250
7315 8250
6615 8250
1998 8250
980 8250
3974 8250
1757 8250
1268 8251
3243 8251
2718 8251
1655 8251
168 8251
7475 8251
1254 8251
4221 8251
1610 8251
4519 8251
2253 8251
4350 8251
1481 8251
1998 8251
5632 8251
3028 8251
2843 8251
6090 8251
492 8251
7172 8251
3128 8251
7831 8251
3727 8251
5057 8252
4607 8252
5618 8252
7973 8252
632 8252
772 8252
5043 8252
6731 8252
884 8252
4453 8252
8176 8252
4582 8253
8016 8253
7743 8253
7294 8253
4749 8253
1097 8253
3421 8253
3776 8253
821 8253
8267 8253
7255 8253
2769 8253
283 8253
731 8253
5517 8254
535 8254
3 8254
3075 8254
7620 8254
1940 8254
4299 8254
8192 8254
908 8254
3122 8254
1087 8254
3803 8254
4001 8254
5315 8255
5306 8255
4461 8255
7379 8255
3707 8255
1245 8255
7322 8255
3705 8255
5154 8255
683 8255
2195 8255
799 8255
5794 8255
2089 8255
3742 8255
3366 8256
5119 8256
4821 8256
2514 8256
889 8256
4413 8256
5576 8256
4722 8256
5818 8256
452 8256
4340 8256
2569 8256
5733 8256
3379 8256
4972 8256
258 8256
3219 8256
6900 8257
853 8257
6057 8257
6237 8257
3311 8257
3406 8257
4158 8257
1233 8257
2618 8257
6025 8257
4131 8257
1104 8257
1547 8257
6058 8257
1084 8257
268 8257
2075 8257
3990 8257
2592 8257
1450 8258
3465 8258
4175 8258
3351 8258
7540 8258
284 8258
1181 8258
3226 8258
5253 8258
4568 8258
4715 8258
5446 8258
7113 8258
419 8258
6264 8259
1756 8259
4052 8259
7392 8259
3596 8259
2380 8259
8219 8259
2355 8259
2263 8259
6856 8259
6994 8259
5551 8259
6237 8259
8221 8259
6078 8259
3543 8260
2257 8260
6072 8260
4317 8260
3699 8260
5415 8260
5792 8260
212 8260
7780 8260
5245 8260
3091 8260
4935 8260
6060 8260
350 8260
8074 8260
2 8261
2439 8261
1985 8261
4965 8261
6230 8261
4793 8261
7465 8261
5315 8261
5075 8261
1109 8261
3637 8261
3636 8261
1448 8261
814 8261
1692 8262
5222 8262
3829 8262
1374 8262
1806 8262
6232 8262
6618 8262
346 8262
6420 8262
1203 8262
2387 8262
6421 8262
7429 8263
6646 8263
7447 8263
7149 8263
716 8263
3144 8263
7028 8263
1962 8263
7602 8263
6284 8263
1411 8263
900 8263
2921 8263
3240 8263
1754 8264
6690 8264
6850 8264
7034 8264
7511 8264
6749 8264
6057 8264
1685 8264
815 8264
4318 8264
5973 8264
2203 8264
2126 8264
4142 8264
2298 8264
2518 8264
1788 8264
3214 8265
2704 8265
4882 8265
179 8265
7018 8265
156 8265
584 8265
3696 8265
393 8265
7392 8265
2683 8265
2421 8265
5772 8265
7780 8265
7327 8266
1744 8266
638 8266
3885 8266
6164 8266
1839 8266
7019 8266
3156 8266
6983 8266
5548 8266
4129 8266
79 8266
617 8266
6132 8266
6520 8266
3855 8267
2728 8267
5756 8267
1025 8267
1579 8267
655 8267
40 8267
586 8267
2935 8267
1269 8267
4592 8267
3606 8267
4710 8267
4648 8267
7791 8268
3768 8268
1374 8268
6588 8268
2018 8268
2524 8268
6535 8268
2634 8268
492 8268
7889 8268
1177 8268
3127 8268
6208 8268
3696 8268
4050 8268
6738 8268
2976 8268
7973 8268
2053 8269
5078 8269
1680 8269
3633 8269
3312 8269
4837 8269
6612 8269
5265 8269
486 8269
3305 8269
5150 8269
1240 8269
2694 8269
7167 8270
305 8270
4264 8270
4254 8270
6710 8270
3142 8270
1614 8270
1412 8270
1388 8270
7182 8270
3159 8270
3718 8270
7119 8270
7429 8270
8030 8270
2663 8270
7037 8270
4896 8271
4800 8271
4647 8271
5049 8271
2892 8271
5341 8271
2855 8271
7721 8272
1261 8272
2354 8272
5795 8272
6595 8272
7113 8272
1378 8272
5329 8272
5509 8272
4160 8272
5585 8272
8198 8272
1255 8272
2581 8272
6350 8272
1106 8272
7322 8272
7129 8272
2254 8272
8263 8272
8029 8272
7778 8273
7057 8273
1392 8273
3117 8273
5945 8273
68 8273
5733 8273
4451 8273
712 8273
708 8273
7769 8273
6320 8273
5288 8273
6552 8273
4874 8274
4250 8274
221 8274
2792 8274
4233 8274
7110 8274
5536 8274
2729 8274
8007 8274
7902 8274
7241 8274
7638 8274
7808 8274
1881 8274
7963 8274
5739 8275
2072 8275
2780 8275
4942 8275
2055 8275
1553 8275
2551 8275
4253 8275
1522 8275
7496 8275
5547 8275
1921 8275
4972 8275
5448 8275
7415 8275
5670 8276
4544 8276
2802 8276
1206 8276
1880 8276
2186 8276
6511 8276
1223 8276
7350 8276
3918 8276
5491 8276
8284 8276
137 8276
4117 8276
3782 8277
5818 8277
3732 8277
772 8277
5564 8277
6063 8277
3306 8277
1528 8277
5630 8277
355 8277
3157 8277
6355 8278
6220 8278
3458 8278
6083 8278
5327 8278
1525 8278
594 8278
5516 8278
2921 8278
248 8278
5992 8278
5712 8278
425 8278
1445 8278
7368 8278
8196 8278
6258 8278
136 8278
1311 8279
5722 8279
6410 8279
7347 8279
4025 8279
531 8279
3030 8279
2420 8279
1055 8279
7571 8279
3439 8280
7883 8280
2922 8280
2346 8280
1347 8280
1686 8280
2274 8280
6790 8280
4609 8280
5168 8280
6098 8280
4349 8280
3339 8280
4699 8281
1977 8281
4538 8281
7829 8281
5923 8281
1459 8281
4640 8281
1410 8281
3193 8281
1192 8281
7429 8281
46 8281
5714 8281
2906 8281
2151 8281
4760 8281
3060 8281
1125 8282
3273 8282
4595 8282
4524 8282
5734 8282
6117 8282
7718 8282
3232 8282
7920 8282
4710 8282
2507 8282
3035 8282
104 8283
7554 8283
2733 8283
1429 8283
3628 8283
4024 8283
6792 8283
4352 8283
1362 8283
7713 8283
4894 8283
2866 8283
5812 8283
6891 8283
6837 8283
2898 8283
7105 8283
288 8283
7404 8283
376 8284
7048 8284
4975 8284
7714 8284
7960 8284
6317 8284
8073 8284
452 8284
7285 8284
8078 8284
6667 8284
5740 8284
885 8284
7775 8284
3089 8285
3281 8285
5512 8285
7602 8285
4882 8285
4405 8285
2780 8285
6694 8285
2451 8285
7258 8285
6250 8285
8010 8285
745 8285
97 8285
6145 8285
3738 8286
2832 8286
2938 8286
30 8286
1808 8286
120 8286
934 8286
712 8286
3879 8286
7382 8286
399 8286
7275 8286
3669 8286
5211 8286
687 8286
4369 8286
8103 8287
8287 8287
4777 8287
2870 8287
5523 8287
5694 8287
4122 8287
1708 8287
3960 8287
7464 8287
5082 8287
6709 8288
655 8288
595 8288
548 8288
3754 8288
3760 8288
7618 8288
895 8288
7518 8288
1792 8288
6813 8288
1116 8288
4384 8288
6230 8288
6700 8289
1063 8289
3813 8289
5517 8289
6760 8289
6976 8289
2873 8289
3496 8289
378 8289
89 8289
5441 8289
1006 8289
1434 8289
2759 8289
8170 8289
4644 8290
5765 8290
4173 8290
3977 8290
1365 8290
804 8290
1177 8290
5392 8290
3252 8290
3238 8290
3552 8290
5353 8290
8079 8290
4447 8290
1425 8290
7269 8290
904 8290
2244 8291
4454 8291
6813 8291
6626 8291
5347 8291
7014 8291
6835 8291
2337 8291
6898 8291
8265 8291
4568 8291
2762 8291
8263 8291
6994 8291
5246 8292
4263 8292
918 8292
3192 8292
5187 8292
5351 8292
395 8292
3531 8292
7460 8292
4642 8292
3506 8292
2963 8292
3788 8292
3838 8292
2405 8292
3761 8293
3931 8293
7505 8293
4081 8293
7815 8293
4049 8293
2654 8293
6333 8293
1198 8293
5709 8293
7583 8293
7060 8293
5536 8293
6831 8293
771 8293
7234 8293
3656 8294
7714 8294
792 8294
2427 8294
3422 8294
3229 8294
2004 8294
5413 8294
7576 8294
688 8295
219 8295
2921 8295
4860 8295
4811 8295
3286 8295
6195 8295
7270 8295
4865 8295
3640 8295
7229 8295
6794 8295
7159 8295
5506 8295
8169 8295
8161 8295
3294 8295
3419 8295
5615 8296
5972 8296
7518 8296
3974 8296
7865 8296
3371 8296
1310 8296
4488 8296
3324 8296
1220 8296
1046 8296
824 8296
6238 8296
3141 8296
3782 8296
8092 8296
5983 8297
1655 8297
2515 8297
7429 8297
1979 8297
6716 8297
1551 8297
1254 8297
5405 8297
219 8297
2016 8297
1786 8297
