2348 863
7610 863
2542 863
7085 863
2287 863
7264 863
5267 863
4722 863
6659 863
5172 863
3827 863
2567 863
3602 863
1372 863
408 863
7892 863
4714 864
1497 864
2569 864
6240 864
274 864
7873 864
5432 864
4384 864
3466 864
4472 864
4368 864
7129 864
106 864
3673 864
5070 864
7563 864
4077 864
7505 864
1087 864
1672 864
4428 864
250 865
3604 865
4556 865
2512 865
8053 865
5663 865
4573 865
4637 865
3456 865
733 865
228 865
3432 865
3671 865
4364 865
3674 865
5591 865
3657 865
782 865
2688 865
3391 865
2354 865
5036 865
1794 865
7097 865
2233 865
5751 865
2421 866
4938 866
3212 866
3534 866
6964 866
4979 866
4746 866
7377 866
7284 866
6752 866
4335 866
622 866
7678 867
3228 867
832 867
3397 867
4961 867
5812 867
6621 867
119 867
8277 867
471 867
3294 867
4387 867
3507 867
5936 867
3945 867
1725 867
8280 868
5751 868
1500 868
6759 868
6911 868
4548 868
7646 868
2888 868
6863 868
2183 868
1734 868
3465 868
550 868
6403 868
3695 868
1986 869
6949 869
2401 869
6741 869
3502 869
1971 869
4505 869
1157 869
6950 869
7441 869
2594 869
4883 869
1892 869
7418 869
1936 869
629 869
3700 870
1444 870
5374 870
1549 870
4121 870
2569 870
240 870
3398 870
2163 870
3247 870
4414 870
1322 870
825 870
4348 870
1101 870
6555 871
7033 871
6406 871
2847 871
2138 871
2105 871
5391 871
7977 871
4244 871
5980 871
6575 871
6213 871
6886 871
3756 872
4812 872
837 872
6837 872
6688 872
5213 872
7110 872
457 872
2523 872
2721 872
6514 872
6106 872
7439 872
3642 872
7572 872
2212 872
6431 872
6131 872
996 872
4395 872
6446 872
112 873
2212 873
3370 873
6 873
1713 873
6479 873
2759 873
3102 873
583 873
3295 873
5625 873
1388 873
7396 873
1734 873
2313 873
3483 873
145 873
6353 873
7437 874
4079 874
3067 874
4445 874
4821 874
3222 874
3373 874
1108 874
7753 874
6095 874
8224 874
6763 874
6494 875
7105 875
5158 875
3797 875
6916 875
6835 875
1240 875
4618 875
1551 875
6856 876
3529 876
2246 876
1161 876
3077 876
4825 876
4655 876
6295 876
5674 876
1435 876
4684 876
877 877
8107 877
1376 877
5301 877
782 877
3289 877
5516 877
6002 877
4315 877
3513 877
975 878
4615 878
7669 878
7534 878
2481 878
5654 878
3504 878
1979 878
3240 878
3669 878
217 878
7870 878
1156 878
4309 878
6249 878
7252 878
1088 879
4891 879
723 879
7246 879
3195 879
6820 879
2906 879
3192 879
3041 879
6412 879
5702 879
4563 879
3396 880
4570 880
6440 880
5141 880
1201 880
753 880
720 880
3294 880
3261 880
2447 880
6271 880
7215 880
7809 880
8134 880
3565 880
4791 881
6022 881
4903 881
4913 881
1698 881
6714 881
5787 881
4416 881
3845 881
611 881
2088 881
839 881
3723 881
7269 881
2319 881
6797 881
7645 881
3351 881
6361 881
1205 881
4841 881
216 881
257 882
461 882
2788 882
7601 882
3798 882
3063 882
6701 882
2 882
3999 882
4694 882
6273 882
5912 882
7142 882
7348 882
1610 882
4998 882
1814 883
4793 883
3931 883
3808 883
1355 883
8195 883
5050 883
5955 883
7333 883
716 883
4336 883
2507 883
4160 883
951 883
7501 883
7927 883
2523 883
5210 884
2817 884
1214 884
1805 884
1254 884
2807 884
7219 884
295 884
6607 884
5055 884
7172 884
4948 884
1238 884
895 884
419 884
860 884
4682 884
7990 884
3872 884
1835 884
2371 884
5374 884
4160 884
2490 884
4403 884
3878 884
8048 884
1070 884
1407 884
4747 884
6753 884
2796 885
6469 885
3370 885
3924 885
2348 885
1815 885
7811 885
2865 885
5121 885
2925 885
6244 886
1127 886
5773 886
7121 886
6014 886
8100 886
1287 886
4837 886
4617 886
2990 887
1076 887
1560 887
97 887
3032 887
7540 887
4978 887
7602 887
7727 887
4664 887
2764 887
708 887
4759 887
3608 887
2274 887
3041 887
3310 887
8067 887
6704 887
2984 887
7833 887
3169 887
2869 887
2005 887
1806 888
7206 888
953 888
7766 888
7758 888
23 888
2940 888
3917 888
4978 888
4404 888
5753 888
2344 889
1116 889
7403 889
135 889
5135 889
4882 889
7894 889
1374 889
394 889
3119 889
287 889
1396 889
1107 889
7085 889
560 889
5003 889
5358 889
1634 889
2311 889
1657 889
5396 889
2122 889
890 890
7300 890
5143 890
4119 890
7563 890
3623 890
2436 890
7219 890
4358 890
5150 890
3797 890
7912 891
5077 891
3080 891
3022 891
2358 891
3718 891
1516 891
1144 891
3067 891
1600 891
3736 891
1071 891
2235 891
483 891
122 891
2463 891
996 892
3485 892
6122 892
7970 892
5285 892
4848 892
4698 892
7622 892
308 892
5354 892
3527 892
1472 892
1856 892
1139 892
8203 893
1379 893
3549 893
1011 893
3983 893
855 893
590 893
5482 893
1108 893
4480 893
2932 893
419 893
3784 894
4996 894
7709 894
2998 894
3732 894
1796 894
2314 894
5656 894
1524 894
79 894
2217 894
3916 894
6326 894
8253 894
7611 894
3154 895
6574 895
1280 895
1214 895
6505 895
7243 895
1113 895
2054 895
2115 895
3222 895
7048 895
5248 895
1655 896
1636 896
4480 896
6998 896
7119 896
4312 896
5409 896
4006 896
4544 896
586 896
159 896
4206 896
4258 896
2855 897
2283 897
2957 897
145 897
7844 897
1674 897
5072 897
1097 897
5772 897
636 897
3544 897
5026 897
7531 897
3736 897
2234 897
6696 898
8192 898
5231 898
4084 898
7204 898
5909 898
1265 898
3621 898
5394 898
2039 898
7703 898
1133 898
3461 898
275 898
4827 898
5093 899
7524 899
4212 899
3545 899
2423 899
367 899
3181 899
1828 899
6865 899
7166 899
4839 899
2809 899
1319 899
5777 899
5730 899
4273 900
3651 900
97 900
6903 900
1710 900
3307 900
6732 900
4903 900
2962 900
1548 900
1411 900
6712 900
5583 900
365 900
7356 900
1120 900
3 900
7691 900
540 900
1055 900
901 901
6457 901
8027 901
3021 901
3273 901
2593 901
1041 901
5209 901
275 901
7205 901
583 901
4575 901
5046 901
3468 901
4528 901
1856 901
7058 901
1632 901
5446 901
2806 902
5009 902
3177 902
2080 902
2892 902
2985 902
2076 902
8078 902
1551 902
95 902
1475 902
2561 902
1077 902
4633 902
5122 902
5282 902
4666 903
7120 903
7572 903
160 903
3777 903
647 903
5976 903
2516 903
7802 903
3754 903
2400 903
3858 903
1001 903
4572 903
6950 903
1717 903
846 903
3904 903
4202 903
1830 903
4626 904
7203 904
7837 904
3303 904
529 904
6968 904
4353 904
2661 904
5126 904
6566 904
7570 904
841 905
3612 905
3233 905
88 905
3435 905
3263 905
5053 905
3149 905
3531 905
4546 905
172 905
1997 905
1067 905
4352 905
171 905
1631 905
7992 905
5725 906
3511 906
2315 906
6800 906
2855 906
28 906
1643 906
6100 906
7314 906
2332 906
2199 906
727 906
33 907
3516 907
1947 907
6691 907
1871 907
5254 907
5743 907
4109 907
644 907
2515 907
6853 907
854 907
2962 908
1580 908
4731 908
4936 908
2755 908
956 908
1042 908
1452 908
8289 908
1968 908
4233 908
2817 908
5225 908
6715 908
6887 908
6228 908
402 908
7720 908
6965 909
6060 909
7021 909
62 909
7468 909
6213 909
2683 909
7595 909
2832 909
7797 909
3817 909
270 909
6590 909
1957 909
8020 909
2513 909
2200 909
149 910
2465 910
1233 910
3512 910
7424 910
3856 910
1323 910
1306 910
8102 910
2032 910
7126 910
5498 910
283 910
4501 910
3228 910
3684 910
2152 911
7829 911
1972 911
2110 911
974 911
7389 911
7769 911
3456 911
4162 911
981 911
2013 911
2262 911
3008 911
1231 911
3248 911
7836 911
5885 912
5262 912
7902 912
7182 912
1564 912
3554 912
8034 912
6536 912
5958 912
8020 912
2089 912
1273 912
500 912
2256 912
182 912
2473 912
2894 912
4743 912
7437 912
314 912
6382 913
7940 913
7169 913
6182 913
7338 913
6888 913
6294 913
3472 913
4530 913
6209 913
744 913
7073 913
439 913
834 913
682 913
7128 913
6502 913
6816 913
491 913
5644 913
6605 913
6690 913
4678 914
2118 914
231 914
5127 914
2151 914
5772 914
2530 914
5987 914
1610 914
8204 914
5121 914
7731 914
592 914
8255 914
3871 914
3145 914
7333 914
4444 914
614 914
5384 915
5694 915
6708 915
5139 915
5780 915
4515 915
2952 915
1881 915
8230 915
1327 915
5696 915
6180 915
5499 915
7629 915
4348 915
8134 915
19 915
3086 915
1100 915
940 915
916 916
8121 916
3601 916
2733 916
2383 916
4986 916
7572 916
616 916
675 916
1849 916
2593 916
1527 916
733 916
2764 916
4466 917
4127 917
3304 917
6621 917
8187 917
3760 917
2564 917
474 917
462 917
4554 917
6333 917
3464 917
8160 917
489 917
2569 918
584 918
6563 918
4209 918
748 918
7433 918
5795 918
3314 918
8013 918
4364 918
267 918
5716 918
6578 918
4252 918
7602 918
3059 919
4857 919
2253 919
436 919
7323 919
7386 919
2410 919
3031 919
1289 919
4749 919
8102 919
8138 919
4858 919
3892 919
2607 920
5080 920
4931 920
6123 920
5768 920
7092 920
3270 920
6844 920
1095 920
479 920
47 920
3566 920
7728 920
6021 920
7890 921
2261 921
1408 921
6133 921
6519 921
5981 921
4525 921
7482 921
3616 921
5207 921
1680 921
197 921
4459 921
4872 921
1931 921
3895 921
1438 921
7820 921
3627 921
2784 921
597 922
6844 922
7505 922
2868 922
1690 922
7678 922
7551 922
5576 922
5077 922
2707 922
2631 922
416 922
5652 922
207 922
2663 922
7836 922
6601 922
1762 922
7036 922
2811 923
2285 923
3166 923
1501 923
516 923
2978 923
585 923
5466 923
329 923
5512 923
4029 923
3582 923
720 923
7496 923
4867 923
7607 924
5037 924
924 924
5744 924
4875 924
5398 924
3327 924
6380 924
2807 924
5832 924
586 924
688 924
3537 924
4091 924
5469 924
1971 924
5405 925
3300 925
7240 925
8078 925
5900 925
2594 925
2867 925
3253 925
5758 925
3314 925
5242 925
5914 925
7849 925
5314 925
4762 925
5918 925
5172 926
4197 926
2513 926
7766 926
751 926
6330 926
6819 926
2329 926
1908 926
7392 926
6661 926
7646 926
1745 926
6552 926
7620 926
4664 927
2438 927
3386 927
5714 927
5088 927
5469 927
5175 927
4249 927
2131 927
2596 927
6760 927
461 927
3621 927
2084 927
7340 927
3245 927
1450 928
7293 928
3082 928
4431 928
2770 928
7822 928
7967 928
3580 928
8067 928
3194 929
243 929
4435 929
3101 929
249 929
403 929
8166 929
469 929
4366 929
5363 929
6767 929
7793 929
1443 930
930 930
5042 930
8196 930
3723 930
6388 930
5536 930
6343 930
7400 930
7512 930
6768 930
6164 930
3906 930
6901 930
7281 930
5077 930
400 930
7518 930
1832 930
2492 930
2086 930
7963 930
931 931
3929 931
660 931
6817 931
7920 931
2938 931
7432 931
3764 931
2007 931
2852 931
6000 931
2641 931
4725 931
1895 931
314 931
7397 932
531 932
777 932
4042 932
5394 932
3027 932
7153 932
4229 932
6024 932
3441 932
5818 932
4060 932
3439 932
4362 932
320 933
4538 933
821 933
2669 933
4981 933
4498 933
4621 933
1041 933
7950 933
3375 933
7359 933
7132 933
1386 933
1148 933
2727 933
7813 933
1231 934
1873 934
1707 934
4778 934
2345 934
8220 934
231 934
2523 934
1811 934
6710 934
3836 934
49 934
7451 934
3441 934
3190 934
315 934
7731 935
1632 935
6606 935
498 935
6667 935
2320 935
4542 935
2966 935
177 935
1709 935
221 935
1098 935
1583 935
6216 935
1420 935
1985 935
2109 935
212 935
5482 935
5273 936
3420 936
8197 936
1612 936
1144 936
348 936
7122 936
520 936
8279 936
4125 936
8170 936
2175 936
2122 936
1113 936
3869 936
6145 936
1337 936
1216 936
89 936
3421 936
5055 936
4587 937
6051 937
2592 937
1978 937
3248 937
1549 937
1794 937
7748 937
3847 937
4001 937
6213 937
4675 937
2814 937
1495 938
4734 938
3837 938
7693 938
2512 938
2285 938
4349 938
5543 938
2272 938
3240 938
8105 938
2666 938
1015 938
1977 938
4435 938
3560 939
1443 939
7932 939
1580 939
5931 939
7473 939
4988 939
7123 939
1593 939
3275 939
1750 939
4189 939
5890 939
72 939
5093 940
1927 940
1069 940
7045 940
2713 940
6725 940
6156 940
7335 940
8073 940
797 940
704 940
3621 940
2084 940
3723 940
2320 940
7719 940
984 941
1991 941
1323 941
7009 941
2187 941
6984 941
1717 941
2451 941
4749 941
6063 941
1400 941
1974 941
4558 941
2518 941
2691 941
1045 941
7404 941
5212 941
4372 942
3277 942
4948 942
4336 942
3914 942
4525 942
7357 942
3549 942
300 942
2962 942
2509 942
5306 942
7719 942
3122 942
3917 942
3079 942
5285 942
1315 942
5252 942
3568 942
5499 942
7059 942
7977 942
2443 943
4608 943
1081 943
1378 943
2130 943
4632 943
7418 943
865 943
4544 943
3562 943
5158 943
3603 943
6797 943
7244 943
7388 943
2661 943
2989 943
3035 944
5779 944
6032 944
2419 944
5586 944
1802 944
158 944
7291 944
2075 944
2332 944
2433 944
1788 944
3870 944
5210 944
3338 944
4445 944
4384 945
3693 945
799 945
2763 945
2240 945
5663 945
1293 945
6078 945
4520 945
993 945
4039 945
5500 945
540 945
2078 945
212 946
5855 946
2636 946
1901 946
4005 946
5315 946
3691 946
3041 946
3140 946
6248 946
7341 946
7911 947
780 947
152 947
757 947
4808 947
6251 947
4900 947
3691 947
614 947
440 947
6976 947
5872 947
7613 947
5753 947
2561 947
3106 947
2005 947
8160 947
4653 947
4896 947
1568 947
7473 947
7265 948
3645 948
5551 948
6831 948
6545 948
2283 948
2222 948
6085 948
2061 948
3922 948
3288 948
6140 948
5792 948
7560 948
6916 949
72 949
2595 949
5036 949
5920 949
4197 949
487 949
4065 949
3184 949
4603 949
4277 949
7613 949
2254 949
4749 949
4565 950
3021 950
5799 950
1185 950
1900 950
3807 950
8043 950
4191 950
4509 950
340 950
7277 951
6207 951
7811 951
2628 951
3797 951
6833 951
2392 951
7906 951
1913 951
6101 951
5207 951
2882 951
1151 951
4236 951
3056 951
410 951
5739 952
6924 952
4105 952
5055 952
4568 952
1464 952
7027 952
3787 952
6989 952
3515 952
7521 952
2398 952
4735 952
3778 952
5233 952
4017 952
8026 952
8266 952
2523 953
1118 953
4172 953
4913 953
6552 953
2929 953
6805 953
6903 953
7078 953
2618 953
6177 953
1190 953
6951 953
2851 953
2433 953
3754 954
3883 954
887 954
2522 954
2527 954
4001 954
7525 954
4512 954
5215 954
1949 954
2952 954
1771 954
2001 954
7634 955
416 955
1841 955
5574 955
4052 955
4978 955
6701 955
7013 955
6900 955
520 955
2361 955
2513 955
7863 955
7723 955
750 955
4438 955
7343 955
7914 955
828 955
2701 955
6090 955
7983 955
1681 955
8129 955
5468 956
1558 956
6812 956
1360 956
3985 956
1553 956
3243 956
4892 956
8028 956
1915 956
4919 956
3461 956
4872 956
3518 956
2274 956
7808 956
3534 956
1645 956
6701 957
1408 957
4514 957
456 957
936 957
11 957
675 957
4160 957
1332 957
918 957
2545 957
3354 957
836 957
6618 957
62 957
5652 958
1521 958
4536 958
860 958
7568 958
1044 958
1120 958
3615 958
2666 958
6280 958
3743 959
2436 959
7310 959
5784 959
2123 959
7151 959
642 959
4136 959
1369 959
6269 959
5699 959
6802 959
205 959
7859 959
4653 959
1680 959
3314 959
123 959
4061 959
1304 959
2556 959
2365 959
1937 960
7 960
1728 960
8159 960
6753 960
6032 960
2450 960
4804 960
516 960
4101 961
4930 961
1374 961
2934 961
2475 961
5221 961
5031 961
4747 961
6687 961
2066 961
1269 961
2814 961
2498 961
623 961
6079 961
5495 961
2283 962
4382 962
2421 962
3044 962
4811 962
4542 962
598 962
7033 962
4005 962
1444 962
6628 962
5299 962
4640 962
7925 963
1371 963
1694 963
5300 963
8260 963
5043 963
3130 963
3245 963
481 963
6035 963
7377 963
247 963
212 963
6810 963
5439 963
5440 963
6325 964
5134 964
3924 964
3193 964
2030 964
6094 964
3721 964
4268 964
7469 964
6009 964
4657 964
7224 964
2579 964
1370 964
2163 964
410 964
3095 964
1066 964
424 964
6441 964
2306 965
6744 965
4288 965
3205 965
2150 965
6242 965
5222 965
7991 965
5322 966
6009 966
461 966
5503 966
5286 966
5757 966
3415 966
4798 966
4524 966
6620 966
7896 966
7349 967
1910 967
6722 967
6676 967
5217 967
6017 967
6658 967
266 967
3781 967
7443 967
5839 967
593 967
3280 967
3345 967
7275 967
976 967
6509 967
1784 968
3170 968
6620 968
2316 968
6873 968
4778 968
5632 968
7866 968
7870 968
225 968
1331 968
1362 968
1781 968
1828 968
5552 969
649 969
7907 969
4273 969
7480 969
586 969
8244 969
1391 969
6180 969
3435 969
2829 969
7186 969
7452 969
1829 969
7906 969
565 969
1610 969
1632 969
6832 970
6461 970
4768 970
579 970
3635 970
232 970
7684 970
1184 970
1357 970
4225 970
6405 970
2543 970
5614 970
1462 970
2393 970
3392 970
5440 970
1497 970
7387 971
7902 971
2580 971
2168 971
1273 971
4805 971
838 971
2600 971
6035 971
1977 971
972 972
3747 972
6326 972
1851 972
1070 972
1205 972
3891 972
2269 972
1392 972
2403 972
1613 972
7518 972
5733 972
6470 972
5210 972
5776 972
2665 972
2805 972
501 972
5035 972
2780 972
8129 973
4391 973
4592 973
5267 973
3468 973
5748 973
8127 973
6738 973
566 973
7018 974
5391 974
1713 974
7264 974
440 974
2125 974
3009 974
3845 974
1428 974
1971 974
1771 974
8035 974
3124 974
7668 974
3177 974
560 974
7727 974
222 975
2438 975
6084 975
2527 975
667 975
6681 975
1734 975
1305 975
2434 975
2055 975
4087 975
5 975
5261 975
8187 975
543 975
6752 975
3868 975
2113 975
2465 975
4059 975
3143 975
3559 975
942 975
3408 976
125 976
3117 976
4556 976
4725 976
3940 976
8205 976
3153 976
5377 976
4820 976
6693 976
3917 977
2698 977
3143 977
5165 977
1886 977
3688 977
7427 977
2406 977
2832 977
8088 977
1959 977
3462 977
7156 977
3071 977
4893 977
4622 977
3601 978
2447 978
6522 978
2217 978
713 978
6862 978
4107 978
5722 978
5935 978
2971 978
5057 978
559 978
3237 978
439 978
2036 978
4221 979
5248 979
5335 979
1822 979
4090 979
4573 979
3907 979
7859 979
8249 979
4857 979
2279 979
5946 980
6541 980
4291 980
7509 980
5755 980
2908 980
753 980
7966 980
8032 980
6651 980
3828 980
7033 980
8271 980
7863 980
2240 980
1672 980
1221 980
7077 980
8284 981
6257 981
7252 981
7373 981
2413 981
4464 981
3498 981
2999 981
5506 981
4882 981
3842 981
3098 981
4369 981
2110 982
4858 982
8257 982
6795 982
6832 982
4175 982
4075 982
5426 982
4425 982
2661 982
1635 982
2990 982
4129 982
6059 982
248 982
7742 982
4830 982
1464 982
5597 983
4482 983
2932 983
1564 983
2126 983
4003 983
5026 983
2735 983
5608 983
4985 983
2202 983
1540 983
160 983
6755 983
4533 983
21 983
4250 984
4738 984
792 984
3485 984
3988 984
3766 984
3634 984
7203 984
3616 984
8264 984
7687 984
3790 984
3846 984
6667 984
5535 984
4929 984
689 985
3791 985
6702 985
79 985
3741 985
7860 985
8254 985
816 985
6994 985
5388 985
305 985
4093 985
7265 985
6647 985
1264 985
7551 985
5772 985
2290 985
4101 985
222 986
5089 986
986 986
4612 986
2728 986
268 986
5327 986
6772 986
6809 986
3559 986
4821 986
5351 986
4197 986
2130 986
2170 986
3813 986
6668 987
7079 987
3300 987
6626 987
3366 987
5174 987
185 987
3477 987
5332 987
5690 987
5119 987
5740 987
5384 987
7394 987
5881 987
6965 987
7681 987
4407 987
7197 987
4961 987
7762 987
1297 988
2817 988
6188 988
4501 988
6416 988
2279 988
7265 988
5400 988
2710 988
1674 988
2433 988
3090 988
4461 988
7135 989
3367 989
6 989
714 989
5748 989
3329 989
4843 989
8142 989
