1454 989
4233 989
4715 989
3608 989
6483 989
198 989
2108 989
3406 989
2575 989
6406 989
5817 989
4897 989
6115 989
6644 989
3597 989
7904 989
7034 989
123 989
7197 990
1182 990
4966 990
6013 990
2538 990
2371 990
2360 990
6822 990
1257 990
2941 990
7433 990
4430 990
2346 990
3873 991
68 991
3576 991
4544 991
7974 991
511 991
5213 991
3980 991
4276 991
7127 991
2359 991
7390 991
3506 992
2316 992
918 992
690 992
4273 992
3333 992
7811 992
6686 992
585 992
2659 992
6850 992
2773 992
5794 992
5909 992
7865 992
7742 992
2066 993
8198 993
423 993
6947 993
7384 993
1200 993
2830 993
6683 993
878 993
3945 993
481 993
3516 993
8154 993
5648 993
7505 993
4051 993
5194 993
7284 993
715 993
5780 993
4333 993
248 993
7883 993
1676 993
2306 993
8092 994
3825 994
3036 994
2490 994
6067 994
5332 994
4863 994
3696 994
2486 994
6551 994
6494 994
3405 994
7728 994
1097 994
263 994
7905 994
6398 994
6576 994
2891 994
2385 994
990 995
3468 995
2659 995
7373 995
4726 995
7540 995
2275 995
2391 995
2013 995
6330 995
6085 995
4272 995
1943 995
4247 995
7059 996
492 996
1054 996
1887 996
5721 996
3636 996
1732 996
6970 996
6711 996
8152 996
3147 996
485 996
4247 996
4626 996
7719 996
5452 996
3562 997
1636 997
299 997
63 997
4895 997
6025 997
784 997
5946 997
715 997
5719 997
1070 997
1700 997
7173 997
3098 998
3181 998
5927 998
998 998
3740 998
3651 998
8138 998
1870 998
107 998
5776 998
3778 998
6662 998
6916 998
6246 998
3244 998
5038 998
1178 998
656 998
5779 998
4185 998
8137 998
3021 999
2796 999
1996 999
3304 999
151 999
1880 999
1029 999
6801 999
350 999
5164 999
6587 999
5487 999
5978 1000
7413 1000
3709 1000
1490 1000
494 1000
7319 1000
4892 1000
3989 1000
2785 1000
6852 1000
5245 1000
1214 1000
5209 1000
5527 1000
3287 1000
4981 1000
82 1000
2523 1000
2456 1000
566 1000
1238 1000
655 1000
6911 1001
682 1001
5960 1001
1479 1001
1356 1001
3763 1001
5451 1001
3013 1001
5127 1001
619 1001
3739 1001
1690 1001
3039 1001
2247 1001
2868 1002
2007 1002
5924 1002
6077 1002
327 1002
1871 1002
4433 1002
7753 1002
7783 1002
2796 1003
4494 1003
4523 1003
6318 1003
23 1003
1263 1003
4589 1003
2556 1003
1957 1003
6753 1003
6656 1003
256 1003
6702 1003
4161 1003
4412 1003
692 1003
7743 1003
3190 1003
5745 1003
2841 1003
3054 1003
5751 1004
169 1004
2103 1004
5 1004
5985 1004
7064 1004
6653 1004
5278 1004
6923 1004
3181 1005
7720 1005
4278 1005
3201 1005
2133 1005
6513 1005
2414 1005
7001 1005
5474 1005
4013 1005
2922 1005
722 1005
1894 1005
4672 1005
4672 1006
3834 1006
5216 1006
2582 1006
1289 1006
1902 1006
7271 1006
7847 1006
400 1006
4249 1006
6124 1006
5675 1006
7638 1006
790 1006
2009 1006
5329 1006
6497 1007
762 1007
4860 1007
7990 1007
6317 1007
3960 1007
675 1007
1264 1007
3889 1007
2555 1007
4825 1007
1321 1007
7541 1007
6064 1007
2858 1007
7763 1007
8007 1007
4454 1007
3288 1008
5272 1008
1655 1008
6004 1008
7745 1008
5027 1008
3631 1008
3332 1008
25 1008
8280 1008
160 1008
824 1008
437 1008
2276 1008
6626 1008
3718 1008
3088 1008
1758 1008
498 1009
6273 1009
1610 1009
6958 1009
5536 1009
5621 1009
2719 1009
695 1009
2787 1009
5101 1009
8289 1009
4595 1009
7307 1009
4941 1009
2893 1009
1132 1009
7713 1009
7136 1009
5045 1009
5941 1009
5732 1009
1850 1009
1338 1009
1805 1009
4271 1010
1010 1010
6812 1010
1986 1010
4710 1010
5572 1010
2926 1010
1589 1010
5592 1010
4117 1010
1193 1010
4366 1010
7578 1010
4705 1010
4314 1010
2620 1010
4391 1010
293 1010
4935 1010
3029 1010
1133 1010
3673 1010
633 1010
4189 1010
2053 1010
5697 1010
311 1010
7120 1011
8196 1011
4049 1011
1281 1011
3940 1011
4584 1011
3253 1011
2292 1011
4013 1011
6164 1011
6673 1011
6850 1011
1254 1011
2605 1011
7889 1011
3793 1011
7137 1012
3888 1012
7610 1012
5814 1012
1572 1012
4921 1012
1890 1012
3549 1012
1305 1012
4040 1012
4665 1012
8240 1012
664 1012
1045 1012
4975 1012
1534 1012
2869 1013
4464 1013
4439 1013
3329 1013
7448 1013
7384 1013
2890 1013
326 1013
1579 1013
5189 1013
6126 1013
6837 1013
1014 1014
5130 1014
465 1014
7745 1014
4805 1014
3513 1014
2711 1014
2855 1014
4976 1014
7818 1014
4696 1014
5981 1014
1689 1014
1657 1014
1895 1014
1080 1014
6489 1014
5518 1014
2234 1014
3310 1015
2169 1015
4178 1015
33 1015
7737 1015
3988 1015
2068 1015
4414 1015
7572 1015
1445 1015
5419 1015
6813 1015
2906 1015
6443 1015
7509 1016
4793 1016
7426 1016
1105 1016
2019 1016
5936 1016
3027 1016
2186 1016
5974 1016
4241 1016
3548 1016
6972 1016
212 1016
7883 1016
7256 1016
3256 1016
6894 1017
7126 1017
4181 1017
7085 1017
6255 1017
5965 1017
341 1017
5413 1017
675 1017
8270 1017
5561 1017
1044 1017
5185 1017
88 1018
7745 1018
6663 1018
8261 1018
1727 1018
2391 1018
8187 1018
5838 1018
7775 1018
565 1018
4458 1018
7333 1018
4985 1019
1100 1019
1308 1019
61 1019
6675 1019
568 1019
450 1019
4035 1019
1367 1019
6684 1019
974 1019
5241 1019
78 1019
5598 1019
6668 1019
5261 1019
906 1019
3964 1020
1996 1020
6687 1020
5282 1020
7132 1020
3129 1020
1803 1020
2607 1020
4161 1020
8073 1020
6268 1020
8037 1020
4433 1020
3180 1020
5562 1020
2409 1021
3809 1021
2599 1021
938 1021
7520 1021
7285 1021
5243 1021
3240 1021
6653 1021
6927 1021
3439 1021
3474 1021
2133 1021
5210 1021
7843 1021
3250 1021
3785 1021
3009 1021
804 1021
4430 1021
3870 1021
5803 1022
1022 1022
1061 1022
2448 1022
4461 1022
4312 1022
6347 1022
6884 1022
7741 1022
4336 1022
104 1023
5850 1023
4958 1023
4468 1023
1574 1023
4278 1023
3698 1023
2311 1023
1991 1023
164 1023
6683 1023
2906 1024
2178 1024
5222 1024
3 1024
2945 1024
3058 1024
2865 1024
6100 1024
2909 1024
79 1024
7877 1024
8150 1024
1987 1024
466 1024
4189 1024
1770 1024
2649 1024
2200 1024
2127 1024
6608 1024
4309 1024
5426 1025
7909 1025
47 1025
7310 1025
5352 1025
4511 1025
7875 1025
8226 1025
2380 1025
5431 1025
7524 1025
3631 1025
7265 1025
3823 1025
5733 1025
7215 1025
4042 1025
6344 1026
4780 1026
6286 1026
650 1026
1918 1026
6611 1026
2441 1026
6320 1026
5246 1026
5844 1026
7135 1026
7846 1026
8115 1026
7695 1026
7371 1026
7880 1026
1868 1026
5062 1026
6933 1026
4918 1026
1370 1027
966 1027
4912 1027
5666 1027
925 1027
2410 1027
4549 1027
1792 1027
5696 1027
3085 1027
1725 1027
6735 1027
859 1027
7108 1027
7740 1027
1352 1027
126 1028
7789 1028
2315 1028
7350 1028
4637 1028
2483 1028
814 1028
1865 1028
4950 1028
1029 1028
2321 1028
2477 1028
7428 1028
1548 1028
4024 1028
4979 1028
4377 1028
1484 1028
4391 1028
6529 1028
4130 1028
8110 1028
3695 1029
4040 1029
277 1029
1219 1029
7574 1029
3604 1029
5843 1029
3588 1029
79 1029
5320 1029
846 1029
5224 1029
2828 1029
5516 1030
5512 1030
4269 1030
1901 1030
7060 1030
6900 1030
6357 1030
3669 1030
3833 1030
5241 1030
6258 1030
2216 1030
2113 1031
151 1031
183 1031
1281 1031
3837 1031
1080 1031
5628 1031
2778 1031
1051 1031
3790 1031
3616 1031
6510 1031
7494 1031
1757 1032
1710 1032
7450 1032
6519 1032
3704 1032
2953 1032
1784 1032
777 1032
1487 1032
2956 1032
6620 1032
1177 1032
4745 1032
6513 1033
1663 1033
3883 1033
6011 1033
7332 1033
2708 1033
2237 1033
4808 1033
793 1033
3287 1033
7386 1033
4885 1033
6104 1033
4665 1033
46 1033
1145 1033
1821 1033
5683 1034
1034 1034
5258 1034
6250 1034
6048 1034
3541 1034
5384 1034
7262 1034
6397 1034
1081 1034
5087 1034
5303 1034
4366 1034
4975 1034
2358 1034
7259 1034
2514 1034
4339 1034
4743 1034
1663 1034
3949 1034
1924 1034
6464 1034
2851 1035
3836 1035
6111 1035
1245 1035
7224 1035
937 1035
4537 1035
3584 1035
7930 1035
7539 1035
5985 1036
158 1036
1653 1036
4158 1036
2807 1036
4083 1036
6013 1036
5470 1036
995 1036
11 1036
7329 1036
5543 1036
6319 1037
4576 1037
8087 1037
7950 1037
7145 1037
8260 1037
5691 1037
734 1037
5058 1037
2852 1037
7038 1037
6845 1037
7953 1037
8204 1037
1885 1037
4820 1037
5701 1038
7205 1038
3745 1038
7703 1038
1720 1038
676 1038
7233 1038
5582 1038
3113 1038
3549 1038
2866 1038
533 1039
523 1039
1972 1039
7398 1039
2240 1039
7565 1039
6181 1039
4515 1039
5348 1039
187 1039
4617 1039
3046 1039
2994 1039
2768 1039
2710 1039
4039 1040
1104 1040
6312 1040
2828 1040
5233 1040
4775 1040
6332 1040
405 1040
50 1041
4792 1041
7211 1041
5374 1041
7487 1041
7793 1041
7611 1041
4665 1041
5976 1041
3036 1041
687 1041
3227 1041
3950 1041
4136 1041
3635 1041
3871 1041
6031 1041
1604 1041
1381 1042
7186 1042
1953 1042
1999 1042
291 1042
4533 1042
3396 1042
6084 1042
4959 1042
4233 1042
4889 1042
7565 1042
1923 1042
2438 1043
1726 1043
2450 1043
7649 1043
487 1043
5421 1043
742 1043
59 1043
5835 1043
1275 1043
5230 1043
3280 1043
3507 1043
491 1043
8157 1043
6125 1044
2892 1044
5696 1044
3972 1044
8186 1044
7808 1044
1356 1044
2576 1044
2178 1044
3705 1044
4467 1044
771 1044
1517 1044
791 1044
3068 1045
2965 1045
1828 1045
3718 1045
978 1045
921 1045
3181 1045
2607 1045
1497 1045
1689 1045
3949 1045
200 1045
3006 1045
1665 1045
2075 1045
3967 1045
5565 1045
7681 1045
5543 1045
5964 1046
1995 1046
3421 1046
5989 1046
7097 1046
3086 1046
7850 1046
789 1046
4797 1046
6832 1046
6539 1046
724 1046
3855 1046
288 1047
6017 1047
6557 1047
7577 1047
885 1047
5637 1047
4809 1047
2807 1047
5172 1047
42 1047
6292 1047
4808 1047
1182 1047
4434 1047
5087 1047
5402 1047
7052 1048
1554 1048
7074 1048
6275 1048
5208 1048
1070 1048
4872 1048
8046 1048
7820 1048
2675 1048
3873 1048
6962 1048
61 1048
1881 1048
5334 1048
5501 1049
164 1049
3529 1049
715 1049
1693 1049
6982 1049
4593 1049
7966 1049
2554 1049
171 1049
7538 1049
1392 1049
115 1049
3541 1050
6816 1050
1050 1050
4035 1050
6389 1050
467 1050
5342 1050
2647 1050
4144 1050
1230 1050
8043 1050
5282 1050
8134 1050
1007 1050
3934 1050
6209 1050
1339 1050
5477 1050
4077 1050
2312 1050
6627 1051
272 1051
5807 1051
5715 1051
765 1051
5228 1051
7782 1051
6948 1051
5554 1051
997 1051
2221 1051
7204 1051
3031 1051
2537 1051
3935 1051
254 1051
2308 1051
1229 1052
7854 1052
3456 1052
4638 1052
6244 1052
3005 1052
1797 1052
370 1052
7695 1052
8271 1052
5264 1052
2647 1052
7282 1052
2755 1052
7929 1052
4236 1052
7193 1053
4702 1053
7646 1053
3586 1053
1432 1053
548 1053
2082 1053
5803 1053
2426 1053
3082 1054
63 1054
5582 1054
7228 1054
492 1054
3147 1054
8162 1055
8254 1055
1142 1055
174 1055
7936 1055
6630 1055
2636 1055
2854 1055
6094 1055
7330 1055
8253 1055
6557 1055
7953 1055
7374 1055
3989 1056
6790 1056
1250 1056
5070 1056
4741 1056
2273 1056
409 1056
5564 1056
7842 1056
106 1056
3768 1056
3713 1056
5440 1056
4374 1057
8226 1057
6437 1057
6839 1057
1655 1057
6131 1057
276 1057
4770 1057
1754 1057
1042 1057
5028 1058
1652 1058
1774 1058
5109 1058
5389 1058
8009 1058
8080 1058
4237 1058
6913 1058
4422 1058
4603 1058
967 1058
1952 1058
4592 1058
6437 1058
3271 1058
4856 1058
2383 1058
7740 1059
2800 1059
5620 1059
1571 1059
2240 1059
2361 1059
1665 1059
7120 1059
5309 1059
183 1059
3497 1059
2145 1059
1038 1059
5127 1059
1282 1059
2380 1060
72 1060
1273 1060
3853 1060
370 1060
7906 1060
7901 1060
6505 1060
5135 1060
3378 1060
8198 1060
5088 1060
4896 1060
8166 1060
3960 1060
3051 1060
54 1060
2513 1060
1095 1060
7822 1060
6099 1061
556 1061
1709 1061
3566 1061
5586 1061
4376 1061
7448 1061
4770 1061
4809 1061
7833 1061
216 1061
3106 1061
1757 1062
2725 1062
5853 1062
3918 1062
529 1062
8041 1062
5185 1062
1192 1062
6752 1062
5076 1062
1523 1062
1551 1062
3788 1062
7136 1062
7465 1062
1878 1062
8272 1063
4189 1063
219 1063
1445 1063
2527 1063
3159 1063
1207 1063
2080 1063
4926 1063
5637 1063
4082 1063
4140 1063
8277 1063
5296 1063
6631 1063
7185 1063
1145 1063
331 1064
1808 1064
4820 1064
272 1064
5473 1064
967 1064
2512 1064
5441 1064
5719 1064
5148 1064
1213 1064
1779 1064
6809 1064
4734 1064
5628 1064
7560 1064
6357 1065
3071 1065
6453 1065
6224 1065
2778 1065
3442 1065
6852 1065
1786 1065
7096 1065
3960 1065
1797 1065
6540 1065
4895 1065
4250 1065
6359 1065
3580 1065
4997 1066
8177 1066
2360 1066
4314 1066
3585 1066
3760 1066
511 1066
1134 1066
3454 1066
8290 1067
6699 1067
4678 1067
7332 1067
2072 1067
4339 1067
7057 1067
6913 1067
2604 1067
6718 1067
4776 1068
5511 1068
1250 1068
4110 1068
4872 1068
3351 1068
2792 1068
1537 1068
3264 1068
5109 1068
7543 1068
4022 1069
4718 1069
1885 1069
2582 1069
2497 1069
5923 1069
7110 1069
1567 1069
302 1069
6676 1069
7572 1069
5967 1069
7391 1069
8159 1069
561 1069
734 1069
1396 1069
1973 1069
8208 1069
5324 1069
3633 1069
4241 1070
784 1070
4201 1070
308 1070
7518 1070
4447 1070
5814 1070
745 1070
5464 1070
1179 1070
1902 1070
6284 1070
1151 1070
417 1070
4863 1070
7935 1070
7600 1070
4797 1071
1100 1071
5384 1071
3539 1071
3331 1071
5756 1071
1959 1071
1719 1071
8161 1071
5018 1071
1806 1071
3034 1071
4051 1071
676 1072
5412 1072
2812 1072
6959 1072
2913 1072
2833 1072
6641 1072
7402 1072
3566 1072
79 1072
3968 1073
4237 1073
3030 1073
3585 1073
2655 1073
3139 1073
4579 1073
3039 1073
4490 1073
5737 1073
6115 1073
1445 1073
4735 1073
1042 1073
2214 1073
3839 1073
1007 1073
3035 1073
7743 1073
7001 1074
310 1074
5751 1074
5810 1074
4274 1074
2904 1074
1574 1074
2783 1074
404 1074
4160 1075
5326 1075
6000 1075
7595 1075
7194 1075
6175 1075
571 1075
689 1075
6400 1075
5236 1075
1047 1075
1412 1075
6758 1075
1287 1075
3453 1075
8175 1076
2060 1076
1846 1076
2701 1076
460 1076
1327 1076
4269 1076
3955 1076
2537 1076
7520 1077
5357 1077
4653 1077
2110 1077
6940 1077
2910 1077
2221 1077
6973 1077
7180 1077
7073 1077
4247 1077
6064 1077
4826 1077
7692 1077
5986 1077
272 1077
6861 1077
7787 1077
7083 1077
3930 1078
1310 1078
1254 1078
3485 1078
4376 1078
6578 1078
4429 1078
10 1078
4878 1078
3950 1078
6946 1078
600 1078
6537 1078
4689 1078
6713 1078
4985 1078
6781 1078
6246 1078
5102 1078
2329 1078
5701 1078
5096 1078
8180 1078
497 1079
5078 1079
6460 1079
643 1079
2401 1079
8145 1079
2917 1079
4574 1079
2645 1079
3348 1079
404 1079
5126 1079
1108 1079
6397 1079
7534 1080
1255 1080
7837 1080
2051 1080
933 1080
6851 1080
2040 1080
5489 1080
5765 1080
2557 1080
3543 1080
291 1080
1839 1080
8252 1080
1297 1080
98 1080
183 1080
4816 1080
1175 1080
658 1080
485 1080
4246 1080
5564 1081
5154 1081
5225 1081
2584 1081
6927 1081
3824 1081
2244 1081
7014 1081
1299 1081
4316 1081
5924 1081
7774 1081
1157 1081
7501 1082
4010 1082
7600 1082
1047 1082
600 1082
2978 1082
4908 1082
5835 1082
2773 1082
4054 1082
1782 1082
6738 1082
6026 1082
4413 1082
3271 1082
6691 1083
4409 1083
1767 1083
6790 1083
6274 1083
7008 1083
1518 1083
319 1083
6622 1083
7429 1083
1621 1083
3325 1083
73 1083
2706 1083
5765 1083
2207 1083
479 1084
6954 1084
4740 1084
4968 1084
3364 1084
3969 1084
6547 1084
6631 1084
4988 1084
8030 1084
549 1084
4144 1084
6819 1084
1516 1084
2978 1084
5801 1084
649 1084
4973 1085
2483 1085
6081 1085
6895 1085
3784 1085
2122 1085
2277 1085
2427 1085
5647 1085
2625 1085
1880 1085
6406 1085
4459 1085
1600 1085
7402 1085
319 1085
6949 1086
343 1086
8198 1086
2760 1086
50 1086
2732 1086
3652 1086
7864 1086
2118 1086
7427 1086
8054 1086
6550 1086
1788 1086
6100 1086
6359 1086
6257 1086
6559 1086
7069 1086
271 1086
5120 1086
4026 1087
8249 1087
1662 1087
5743 1087
4745 1087
7552 1087
7229 1087
7571 1087
6734 1087
2228 1087
3846 1087
148 1087
3338 1087
2983 1087
1568 1087
3539 1087
272 1087
2254 1087
975 1087
7960 1087
1927 1087
2373 1088
4812 1088
3675 1088
5502 1088
7937 1088
7781 1088
6873 1088
6410 1088
8285 1088
4276 1088
1971 1088
8088 1088
2483 1088
2547 1088
5544 1088
4959 1088
3136 1088
2692 1089
717 1089
6417 1089
491 1089
7936 1089
6342 1089
4430 1089
3149 1089
7712 1089
4486 1089
5262 1089
364 1089
6803 1089
5352 1089
1882 1089
2170 1089
5976 1089
5169 1090
381 1090
5853 1090
6275 1090
3055 1090
6813 1090
4376 1090
2200 1090
6809 1090
2908 1090
2577 1090
1473 1090
4360 1090
7731 1090
3827 1090
4541 1090
7146 1090
1455 1090
4041 1090
4977 1091
6464 1091
5438 1091
6700 1091
3095 1091
5150 1091
3541 1091
6686 1091
5121 1092
2290 1092
8138 1092
7889 1092
3614 1092
4718 1092
6516 1092
5203 1092
2438 1092
2894 1092
6211 1092
1367 1092
6474 1092
5715 1092
7069 1092
7585 1092
2636 1092
6687 1093
6224 1093
6204 1093
4998 1093
7413 1093
6208 1093
6914 1093
2977 1093
6839 1093
3371 1093
3107 1093
3437 1093
821 1093
2719 1093
6369 1093
6237 1093
6520 1094
4551 1094
6759 1094
5709 1094
6927 1094
4610 1094
4340 1094
4036 1094
2977 1094
4958 1094
7173 1094
1599 1094
6400 1094
4938 1095
4358 1095
1895 1095
6924 1095
4903 1095
6629 1095
1914 1095
6277 1095
1806 1095
2783 1095
6437 1095
661 1095
2729 1095
873 1095
561 1095
5666 1095
779 1095
2055 1096
7796 1096
5189 1096
1952 1096
2468 1096
3424 1096
665 1096
6709 1096
7962 1096
1703 1096
5352 1096
905 1096
7644 1096
2333 1096
2419 1096
6675 1096
965 1096
7037 1096
292 1097
6117 1097
2774 1097
3472 1097
5321 1097
6664 1097
5748 1097
1553 1097
7992 1097
7665 1097
8210 1097
3954 1097
394 1097
7141 1097
7282 1097
3868 1097
6903 1097
4338 1097
2575 1097
5884 1098
439 1098
2574 1098
5503 1098
1412 1098
7763 1098
4823 1098
6073 1098
5246 1098
3060 1098
5803 1098
5263 1098
8046 1098
6051 1098
865 1098
3804 1098
597 1098
7049 1098
1429 1098
7983 1099
3222 1099
1382 1099
7606 1099
105 1099
3801 1099
1414 1099
3512 1099
4286 1099
6779 1099
3405 1099
2583 1099
6260 1099
7708 1099
373 1099
920 1099
7378 1099
1047 1099
3642 1100
7203 1100
375 1100
3604 1100
3547 1100
7793 1100
7820 1100
4422 1100
6183 1100
933 1100
833 1100
6796 1100
2587 1100
8269 1100
283 1100
846 1101
1782 1101
4406 1101
2592 1101
7368 1101
725 1101
8095 1101
4079 1101
5822 1101
326 1101
7329 1102
60 1102
2714 1102
4335 1102
4400 1102
6614 1102
4793 1102
1995 1102
208 1102
7170 1102
3615 1102
7949 1102
7147 1102
3723 1102
3518 1102
7736 1102
4264 1102
4801 1102
5686 1102
824 1103
6187 1103
7463 1103
1220 1103
2198 1103
4996 1103
7804 1103
3286 1103
1881 1103
3015 1103
751 1103
7053 1103
7240 1103
6540 1103
7561 1103
551 1103
2945 1104
5283 1104
2858 1104
7377 1104
2929 1104
5103 1104
2983 1104
4672 1104
4265 1104
2692 1104
2755 1104
6317 1104
8277 1104
6535 1104
2988 1104
5878 1104
362 1104
4653 1104
1362 1104
609 1104
204 1104
4278 1104
5688 1104
629 1104
5500 1105
2239 1105
7365 1105
1522 1105
2299 1105
2776 1105
3738 1105
1026 1105
884 1105
7733 1105
548 1105
2311 1105
378 1105
4120 1105
3136 1105
404 1106
7086 1106
1151 1106
6948 1106
4340 1106
3325 1106
1355 1106
3392 1106
3764 1106
292 1106
2196 1106
3003 1106
2926 1106
2324 1106
7832 1106
4729 1106
6796 1106
5299 1106
4746 1106
7507 1106
3980 1106
581 1106
2721 1107
617 1107
5012 1107
6474 1107
6850 1107
989 1107
2352 1107
2053 1107
729 1107
3837 1107
438 1107
1112 1107
1235 1107
7204 1108
4125 1108
2939 1108
750 1108
7248 1108
4821 1108
4896 1108
7275 1108
201 1108
343 1108
2881 1108
8115 1108
4435 1108
3927 1108
635 1109
4007 1109
7538 1109
1991 1109
7094 1109
371 1109
6861 1109
5098 1109
5041 1109
8105 1109
2120 1109
1227 1109
4348 1109
2210 1109
1188 1110
1994 1110
1338 1110
6668 1110
5291 1110
5585 1110
6523 1110
7147 1110
34 1110
2103 1110
118 1110
5811 1110
1231 1110
5826 1111
2174 1111
1218 1111
7505 1111
5406 1111
4318 1111
3581 1111
352 1111
8134 1111
7695 1111
7078 1111
1144 1111
4554 1111
5590 1111
5139 1112
1003 1112
2352 1112
1304 1112
2231 1112
6475 1112
1732 1112
7698 1112
802 1112
5480 1112
8169 1112
7319 1112
1538 1112
3486 1112
1665 1112
4996 1112
1182 1112
189 1112
3513 1112
495 1112
4355 1112
7523 1112
7148 1112
373 1112
4950 1112
3735 1113
3732 1113
5300 1113
1632 1113
2917 1113
6433 1113
5154 1113
6536 1113
8070 1113
5647 1113
6221 1113
4800 1113
2867 1113
4575 1113
7243 1113
7481 1113
811 1113
6325 1114
4804 1114
4004 1114
5883 1114
4876 1114
4686 1114
7021 1114
938 1114
892 1114
8110 1114
2235 1114
3350 1114
7678 1114
1549 1114
7335 1114
4575 1114
1921 1114
2746 1114
1333 1114
5861 1115
2447 1115
125 1115
2030 1115
1869 1115
7691 1115
3628 1115
1868 1115
7237 1115
3147 1115
3314 1115
6741 1115
4456 1115
6134 1116
5342 1116
1124 1116
1310 1116
6837 1116
6913 1116
