149 1116
7129 1116
1792 1116
4026 1116
2597 1116
2063 1116
2822 1116
2397 1116
7825 1116
6453 1116
2312 1117
1835 1117
3696 1117
3180 1117
115 1117
1605 1117
7227 1117
5943 1117
6637 1117
1000 1117
8142 1117
6980 1117
4236 1117
1816 1117
2267 1117
4865 1117
6513 1117
4398 1118
4084 1118
6881 1118
5978 1118
3900 1118
5932 1118
4052 1118
7237 1118
3080 1118
1580 1118
7251 1118
5598 1118
4257 1118
5169 1118
5242 1119
2175 1119
2217 1119
4102 1119
1758 1119
3922 1119
837 1119
7786 1119
8229 1119
5561 1119
7535 1119
1795 1119
6227 1119
292 1119
5131 1119
4711 1119
8152 1119
7538 1119
6647 1119
8270 1119
3194 1119
851 1120
207 1120
5701 1120
6171 1120
5554 1120
345 1120
4472 1120
2197 1120
7402 1120
6935 1120
1391 1120
7756 1120
2312 1120
2367 1120
6089 1120
1017 1120
5557 1120
7423 1120
217 1120
6992 1120
2273 1120
3621 1121
3617 1121
2273 1121
4774 1121
1364 1121
7184 1121
6085 1121
7777 1121
2864 1121
553 1121
6358 1121
898 1121
6463 1121
6382 1121
1336 1121
1861 1121
1112 1121
2537 1122
5867 1122
7020 1122
6661 1122
4563 1122
3482 1122
1200 1122
7778 1122
5723 1122
7680 1122
1587 1122
659 1122
1614 1122
4309 1122
369 1122
2950 1122
7256 1122
5938 1122
2174 1123
5482 1123
4800 1123
8027 1123
2201 1123
5516 1123
2036 1123
2804 1123
3142 1123
4416 1123
1129 1123
7244 1123
3089 1123
1689 1123
2485 1123
3930 1123
925 1124
7936 1124
1261 1124
3307 1124
7242 1124
6032 1124
5980 1124
4411 1125
390 1125
5562 1125
4651 1125
6812 1125
5489 1125
5258 1125
5605 1125
1647 1125
7087 1125
8066 1125
4591 1125
4673 1125
1279 1125
3091 1125
1127 1125
3885 1125
7967 1125
6937 1125
4998 1125
2966 1125
4825 1125
1675 1125
3709 1125
2061 1125
2009 1126
5415 1126
5194 1126
5506 1126
5583 1126
2672 1126
7697 1126
6451 1126
990 1126
1357 1126
2646 1126
221 1126
4878 1127
1272 1127
1892 1127
614 1127
1411 1127
1235 1127
2853 1127
8217 1127
6479 1127
3197 1127
6790 1127
6395 1127
6661 1127
7388 1127
5150 1127
3766 1127
7263 1128
7097 1128
4072 1128
3667 1128
3089 1128
6574 1128
6475 1128
329 1128
1652 1128
6717 1128
1689 1128
6900 1128
8262 1128
461 1128
7639 1128
389 1129
3974 1129
6594 1129
5410 1129
6940 1129
4717 1129
6304 1129
4144 1129
4782 1129
7611 1129
7457 1129
8177 1129
8137 1129
1130 1129
7863 1129
7601 1130
3046 1130
7698 1130
1525 1130
672 1130
2082 1130
640 1130
5046 1130
154 1130
5812 1130
2800 1130
3488 1130
4913 1130
8230 1130
146 1130
1125 1130
1026 1131
1127 1131
3945 1131
5157 1131
1323 1131
5009 1131
4962 1131
7319 1131
4398 1131
5596 1131
7327 1131
1492 1131
1534 1131
3652 1131
5764 1131
4086 1131
4822 1132
3375 1132
94 1132
2012 1132
4179 1132
2057 1132
821 1132
2812 1132
1985 1132
3045 1132
456 1132
2481 1132
3832 1132
187 1132
4717 1132
390 1132
1704 1132
4414 1133
690 1133
3659 1133
7763 1133
6839 1133
109 1133
3555 1133
311 1133
5699 1133
3999 1133
3943 1133
2696 1133
2669 1133
5976 1133
6529 1133
7038 1133
888 1133
2698 1133
6971 1134
1757 1134
5499 1134
8073 1134
2441 1134
4622 1134
3651 1135
3914 1135
1657 1135
2375 1135
2795 1135
6200 1135
2310 1135
3182 1135
1885 1135
7283 1135
1729 1135
7193 1135
6359 1135
5714 1135
2721 1136
7762 1136
4464 1136
6725 1136
4204 1136
6181 1136
6443 1136
1563 1136
341 1136
3828 1136
1494 1136
1631 1136
6134 1136
4561 1136
4235 1136
3288 1136
8266 1136
6615 1136
6480 1136
474 1136
1326 1136
1868 1136
5587 1137
3077 1137
1816 1137
5255 1137
387 1137
3008 1137
1189 1137
4673 1137
249 1137
2230 1137
3071 1137
7957 1137
1620 1137
1193 1137
171 1137
764 1137
2979 1137
1587 1138
1913 1138
2555 1138
4209 1138
6501 1138
2716 1138
904 1138
249 1138
4941 1138
897 1138
7116 1138
8078 1138
8251 1138
2723 1138
148 1138
7727 1138
6629 1138
1860 1139
3038 1139
2788 1139
2832 1139
8013 1139
8262 1139
141 1139
7294 1139
3542 1139
3568 1139
4440 1139
3422 1139
7022 1140
1254 1140
6168 1140
5434 1140
7448 1140
7260 1140
7426 1140
6856 1140
7436 1140
7843 1140
7340 1140
8206 1140
8226 1140
5758 1141
1371 1141
4278 1141
3500 1141
1693 1141
5730 1141
6633 1141
212 1141
3523 1141
597 1141
3414 1141
5640 1141
3955 1142
3809 1142
4586 1142
5773 1142
5982 1142
5637 1142
2494 1142
7152 1142
2169 1142
5453 1142
5624 1142
2976 1143
6397 1143
6112 1143
6899 1143
5216 1143
4981 1143
3799 1143
2572 1143
3798 1143
1923 1143
4412 1143
6377 1143
2540 1143
1315 1143
2635 1143
7435 1143
5073 1143
96 1143
494 1143
685 1143
1791 1143
3413 1144
7551 1144
3721 1144
6416 1144
4180 1144
7743 1144
6477 1144
2002 1144
8265 1144
4141 1144
5470 1144
671 1144
4604 1144
2448 1144
2808 1145
175 1145
7220 1145
4801 1145
2245 1145
5866 1145
1568 1145
6051 1145
837 1145
3345 1145
4777 1145
6226 1145
2554 1145
2394 1145
8009 1145
4461 1146
4165 1146
4799 1146
3967 1146
3365 1146
7731 1146
3984 1146
4069 1146
990 1146
5628 1146
6000 1146
2541 1146
7597 1146
4711 1146
7084 1146
2009 1146
7593 1146
7079 1146
6844 1146
2361 1146
3905 1146
992 1146
565 1146
3723 1146
7756 1146
6510 1147
198 1147
6947 1147
6505 1147
7156 1147
5730 1147
853 1147
8238 1147
3232 1147
2882 1147
6066 1147
1428 1148
1436 1148
355 1148
2661 1148
990 1148
7523 1148
2361 1148
5854 1148
609 1148
4947 1148
2126 1148
4540 1148
141 1148
7813 1148
7044 1148
777 1149
4109 1149
6844 1149
6874 1149
2672 1149
906 1149
4638 1149
4749 1149
4809 1149
3400 1149
2780 1149
6394 1149
1236 1149
2060 1149
5345 1150
2956 1150
1935 1150
949 1150
1209 1150
480 1150
1117 1150
6209 1150
1186 1150
6605 1150
7152 1150
3380 1150
837 1150
2150 1150
7033 1151
1707 1151
2265 1151
6579 1151
5072 1151
1052 1151
3069 1151
4587 1151
7531 1151
3847 1151
7506 1151
7600 1151
2514 1151
6335 1151
130 1151
4291 1151
7611 1152
5151 1152
7021 1152
1589 1152
4701 1152
3159 1152
2788 1152
953 1152
7381 1152
4702 1152
2864 1152
1254 1152
2246 1152
1460 1152
1740 1152
2063 1152
3083 1153
4880 1153
5358 1153
4238 1153
8192 1153
3695 1153
3306 1153
777 1153
5554 1153
5701 1153
166 1153
1479 1153
5130 1153
6624 1153
6024 1153
2537 1153
1154 1154
8087 1154
6187 1154
3811 1154
3612 1154
519 1154
3062 1154
5938 1154
6152 1154
2388 1154
7742 1154
3075 1154
5121 1154
5022 1154
2777 1154
4765 1154
3466 1155
5481 1155
1074 1155
4267 1155
3462 1155
3571 1155
1846 1155
5259 1155
5881 1155
2569 1155
3310 1155
734 1155
3518 1156
6228 1156
7133 1156
5605 1156
4910 1156
5925 1156
4678 1156
302 1156
7138 1156
5439 1156
8270 1156
5172 1157
2269 1157
927 1157
5973 1157
880 1157
690 1157
4216 1157
6366 1157
4431 1157
4105 1158
4595 1158
3143 1158
4029 1158
2733 1158
7775 1158
8142 1158
5709 1158
7730 1158
3445 1158
1865 1158
4308 1158
5303 1158
3408 1158
2200 1159
3379 1159
7397 1159
1837 1159
6466 1159
3637 1159
5454 1159
2973 1159
3179 1159
4894 1159
457 1159
161 1159
2875 1159
3474 1159
5521 1159
3069 1159
8266 1159
6511 1159
6601 1160
563 1160
6302 1160
2450 1160
4051 1160
4546 1160
2898 1160
4676 1160
5690 1160
2781 1160
5136 1160
5053 1160
597 1160
3250 1160
1444 1160
3796 1161
3281 1161
7875 1161
7950 1161
3700 1161
4406 1161
6608 1161
2274 1161
3754 1161
3654 1161
7204 1161
7128 1161
250 1161
4672 1161
719 1161
46 1161
2299 1162
4798 1162
6549 1162
1527 1162
6580 1162
7650 1162
2879 1162
6891 1162
8080 1162
2919 1162
4585 1162
4523 1162
5415 1162
6903 1162
1527 1163
427 1163
3764 1163
3766 1163
8226 1163
5736 1163
2330 1163
1492 1163
2419 1163
4909 1163
167 1163
7034 1163
5065 1163
292 1163
1067 1163
5615 1163
3879 1164
3093 1164
1000 1164
4031 1164
4962 1164
4440 1164
7147 1164
417 1164
3507 1164
7540 1164
5436 1164
6403 1164
1444 1164
1693 1164
5452 1164
2870 1165
3404 1165
7505 1165
1514 1165
6905 1165
722 1165
2828 1165
5739 1165
2978 1165
2426 1165
635 1165
933 1165
5267 1165
6225 1165
5691 1165
5533 1165
381 1166
5018 1166
310 1166
6467 1166
7591 1166
808 1166
1103 1166
2917 1166
2204 1166
456 1166
550 1166
2118 1166
3633 1166
2005 1166
1425 1166
1366 1167
7621 1167
4431 1167
4141 1167
6559 1167
5435 1167
620 1167
7668 1167
1695 1167
1162 1167
8157 1167
4482 1167
7553 1167
4909 1167
5720 1167
5126 1168
4097 1168
6535 1168
6664 1168
115 1168
1001 1168
7644 1168
6767 1168
868 1168
2250 1168
1731 1168
1802 1168
4912 1168
1537 1168
5761 1168
7000 1169
3540 1169
6449 1169
3687 1169
4891 1169
4854 1169
1499 1169
5957 1169
1306 1169
1161 1169
7204 1169
2934 1169
254 1169
686 1169
4789 1169
5303 1169
595 1169
4714 1169
133 1170
3127 1170
7081 1170
7534 1170
2163 1170
6880 1170
6722 1170
5753 1170
4690 1170
895 1170
4908 1170
5103 1170
4870 1170
7155 1170
7539 1170
1693 1170
5149 1171
7878 1171
4816 1171
1203 1171
6751 1171
7582 1171
6209 1171
4782 1171
7578 1171
4514 1172
6723 1172
2277 1172
867 1172
1214 1172
2097 1172
3044 1172
4412 1172
2271 1172
6992 1172
6081 1172
6260 1172
1173 1173
4482 1173
2572 1173
6272 1173
725 1173
2344 1173
5291 1173
5402 1173
853 1173
3062 1173
3414 1173
2082 1173
7203 1173
4259 1173
3070 1173
5301 1173
1340 1173
5173 1173
584 1173
6200 1173
2514 1173
4675 1174
837 1174
6095 1174
6784 1174
4024 1174
3143 1174
164 1174
7320 1174
5491 1174
1348 1174
5670 1174
6021 1174
4665 1174
895 1174
6178 1174
2634 1174
8252 1174
2152 1174
2527 1174
6547 1174
4333 1174
1790 1174
5412 1174
3810 1175
7320 1175
2915 1175
2536 1175
3688 1175
5548 1175
1260 1175
4926 1175
2152 1175
5946 1175
6932 1175
4429 1175
8264 1175
6126 1175
6510 1175
6675 1175
5867 1175
1319 1175
4497 1175
3863 1175
1157 1175
617 1175
2929 1175
4872 1175
1176 1176
2565 1176
1337 1176
2276 1176
3635 1176
3768 1176
4805 1176
3157 1176
799 1176
5641 1176
8249 1176
5387 1176
3616 1177
2403 1177
3267 1177
7155 1177
7071 1177
146 1177
7611 1177
2282 1177
2248 1177
7745 1177
7708 1177
7061 1177
537 1177
1524 1177
7697 1177
7600 1177
2172 1177
1031 1178
7973 1178
1493 1178
5344 1178
6592 1178
1828 1178
4927 1178
5021 1178
4574 1178
5533 1178
6673 1178
6035 1178
8230 1178
3142 1178
7132 1178
1895 1179
906 1179
2692 1179
4867 1179
6268 1179
381 1179
1497 1179
7245 1179
6612 1179
2321 1179
223 1179
213 1179
4259 1179
4867 1180
6852 1180
5444 1180
5524 1180
6342 1180
3475 1180
5431 1180
5586 1180
4340 1180
6795 1180
7243 1180
2489 1180
3036 1181
5772 1181
8172 1181
6519 1181
4114 1181
4532 1181
7404 1181
7963 1181
2523 1181
1932 1181
2608 1181
4654 1181
2963 1181
745 1181
331 1182
2438 1182
1217 1182
6389 1182
4846 1182
2018 1182
846 1182
4695 1182
4931 1182
448 1182
6013 1182
6217 1182
3205 1182
1548 1182
126 1183
6893 1183
7128 1183
2180 1183
6083 1183
1411 1183
391 1183
7345 1183
6275 1183
6437 1183
5480 1183
1578 1183
5039 1183
3630 1183
5068 1183
6881 1183
6059 1184
8145 1184
8007 1184
4093 1184
925 1184
5501 1184
3302 1184
5777 1184
904 1184
4644 1184
6497 1184
424 1184
3696 1185
4963 1185
2908 1185
3354 1185
402 1185
4395 1185
420 1185
5049 1185
2088 1185
3687 1185
6574 1185
2796 1185
1868 1185
4253 1185
712 1185
165 1185
346 1185
1657 1185
4755 1186
1200 1186
5351 1186
4108 1186
884 1186
3365 1186
6288 1186
6595 1186
2362 1186
2215 1186
5835 1186
7650 1186
3034 1186
2086 1186
1940 1186
5264 1186
4888 1186
7525 1186
6331 1186
4450 1186
855 1186
859 1186
7977 1187
2165 1187
4763 1187
3612 1187
1861 1187
8007 1187
4238 1187
3072 1187
1676 1187
6899 1187
6140 1187
5131 1188
1718 1188
4440 1188
6400 1188
1990 1188
4321 1188
5892 1188
1233 1188
7013 1188
6989 1188
969 1188
2278 1188
5160 1188
3357 1188
7464 1188
942 1188
4660 1188
623 1188
1044 1188
4885 1188
3190 1189
4665 1189
4619 1189
3649 1189
8204 1189
7543 1189
5931 1189
2749 1189
7299 1189
5451 1189
2148 1189
5283 1189
3099 1189
704 1189
4521 1189
5272 1190
584 1190
2116 1190
5156 1190
6071 1190
4030 1190
985 1190
5509 1190
784 1190
7464 1190
1133 1190
1937 1190
1077 1190
824 1190
3735 1190
197 1191
4079 1191
3914 1191
1076 1191
718 1191
5663 1191
4900 1191
2712 1191
1805 1191
6633 1191
8157 1191
1770 1191
4288 1191
4035 1191
1305 1191
2632 1191
551 1191
5188 1191
199 1191
897 1191
1366 1191
6919 1191
8244 1191
4568 1191
151 1192
7034 1192
5286 1192
7391 1192
5008 1192
1669 1192
3051 1192
1144 1192
4558 1192
7501 1192
3009 1192
1790 1192
8270 1192
3180 1192
3091 1192
4509 1193
4162 1193
6501 1193
6565 1193
3608 1193
3670 1193
6022 1193
7120 1193
6985 1193
6722 1193
993 1193
6207 1193
727 1194
7758 1194
486 1194
2005 1194
1198 1194
5517 1194
308 1194
6013 1194
1786 1194
2388 1194
3917 1194
1063 1194
4590 1194
8092 1194
5366 1194
4675 1195
1441 1195
7611 1195
2983 1195
270 1195
1113 1195
2414 1195
5185 1195
4840 1195
4388 1195
4231 1195
3638 1195
4498 1195
1685 1195
7787 1195
2577 1195
5379 1195
5750 1196
2879 1196
4097 1196
2707 1196
3781 1196
6794 1196
4283 1196
522 1196
2442 1196
6353 1196
1639 1196
4107 1196
869 1196
7293 1196
3386 1196
7772 1196
2547 1197
1197 1197
2592 1197
5563 1197
4596 1197
6734 1197
2174 1197
6200 1197
1770 1197
4609 1197
7679 1197
5088 1197
4480 1197
6959 1197
24 1197
4597 1197
4282 1197
2012 1197
343 1197
6037 1197
3916 1197
4990 1198
2829 1198
6653 1198
2222 1198
7169 1198
2764 1198
820 1198
3537 1198
402 1198
5033 1198
6435 1198
3549 1198
4190 1198
6959 1198
2061 1198
6993 1198
1560 1198
1729 1198
1641 1198
8098 1198
3338 1198
7378 1199
783 1199
5700 1199
1897 1199
7284 1199
231 1199
5432 1199
3963 1199
8157 1199
6497 1199
2922 1199
6611 1199
7541 1199
7768 1199
6066 1199
1750 1200
6686 1200
6347 1200
5693 1200
6509 1200
3828 1200
6578 1200
1305 1200
181 1200
5654 1200
5329 1200
2337 1200
1098 1200
3534 1200
7166 1200
604 1201
4619 1201
6292 1201
5285 1201
8108 1201
7383 1201
7121 1201
4713 1201
3934 1201
4637 1201
2713 1201
3148 1201
4158 1201
6759 1202
7820 1202
4594 1202
2679 1202
1306 1202
367 1202
2082 1202
7860 1202
4862 1202
4857 1202
2245 1202
2754 1202
1260 1202
781 1202
3310 1202
68 1202
6695 1203
3565 1203
1927 1203
6077 1203
6433 1203
2260 1203
3197 1203
4856 1203
3079 1203
5174 1203
363 1203
1047 1203
5008 1203
6334 1203
737 1203
3645 1204
2720 1204
4941 1204
3304 1204
5630 1204
2459 1204
2477 1204
1943 1204
4291 1204
3437 1204
2514 1204
7014 1204
5958 1204
6236 1204
5068 1204
1212 1204
4573 1204
2877 1204
2148 1204
1151 1204
4372 1205
4532 1205
7565 1205
1546 1205
4452 1205
1441 1205
2377 1205
1472 1205
1370 1205
816 1206
387 1206
3750 1206
50 1206
5694 1206
2231 1206
3857 1206
7721 1206
6695 1206
2230 1206
7864 1206
5134 1206
1481 1206
5265 1206
1188 1207
5945 1207
4760 1207
7591 1207
6421 1207
6841 1207
740 1207
4943 1207
5536 1207
1337 1207
390 1207
6013 1207
2941 1207
1293 1207
1001 1207
7498 1207
7424 1207
1924 1207
6049 1208
2565 1208
1023 1208
6244 1208
2443 1208
7145 1208
6358 1208
2594 1208
2925 1208
7463 1208
1757 1208
5991 1208
7182 1208
2879 1208
2759 1208
6382 1208
5725 1209
8079 1209
4574 1209
4427 1209
7143 1209
6905 1209
7107 1209
4609 1209
3797 1209
4414 1209
8137 1209
6594 1209
1970 1209
7781 1209
3275 1209
3922 1209
1952 1210
290 1210
2111 1210
5100 1210
7282 1210
5689 1210
7976 1210
4456 1210
799 1210
7960 1210
5562 1210
4334 1210
617 1210
4772 1211
2080 1211
6030 1211
2281 1211
6015 1211
4384 1211
156 1211
1979 1211
2654 1211
7013 1211
5554 1211
4977 1211
7618 1211
431 1211
7105 1212
2306 1212
2010 1212
2976 1212
1841 1212
2002 1212
6024 1212
4013 1212
2898 1212
7456 1212
1814 1212
6327 1212
7850 1212
7741 1212
2122 1212
2917 1213
2271 1213
228 1213
6954 1213
6717 1213
5535 1213
6193 1213
5252 1213
1914 1213
4278 1213
4512 1213
1960 1213
126 1213
5358 1214
7121 1214
6375 1214
2127 1214
5032 1214
1993 1214
5738 1214
1257 1214
8059 1214
4451 1214
4690 1214
8271 1214
1865 1214
4331 1214
3455 1215
4986 1215
3771 1215
605 1215
2499 1215
7573 1215
4441 1215
3847 1215
3499 1215
7887 1215
7403 1215
7514 1215
6873 1215
5285 1215
790 1215
1097 1216
3609 1216
4216 1216
7241 1216
6837 1216
4282 1216
4109 1216
3929 1216
1663 1216
3442 1216
4407 1216
7189 1216
2898 1217
3056 1217
5149 1217
1084 1217
5300 1217
467 1217
4856 1217
3424 1217
3935 1217
4252 1217
7602 1217
880 1217
859 1217
4551 1217
4129 1217
5272 1217
3855 1217
1007 1217
3253 1218
2222 1218
4466 1218
3519 1218
1195 1218
4182 1218
2180 1218
967 1218
2271 1218
6242 1218
1832 1218
1484 1218
984 1218
2835 1218
5722 1218
3941 1218
1587 1218
6440 1218
2584 1218
6288 1218
6191 1218
2131 1218
2915 1219
3695 1219
6118 1219
2377 1219
1386 1219
1781 1219
5276 1219
3156 1219
645 1219
507 1219
2405 1219
7825 1220
6580 1220
4441 1220
8133 1220
3149 1220
2385 1220
2374 1220
3748 1220
405 1220
6689 1220
3307 1220
5943 1220
2463 1221
2594 1221
7912 1221
3237 1221
1896 1221
3554 1221
7473 1221
4735 1221
46 1221
4958 1221
1551 1221
7705 1221
2862 1221
5225 1221
2515 1222
7396 1222
1908 1222
6454 1222
2012 1222
5205 1222
3824 1222
5418 1222
159 1222
4755 1222
4092 1222
7895 1222
7983 1223
5342 1223
2630 1223
2981 1223
2804 1223
5122 1223
1017 1223
6748 1223
329 1223
1854 1223
4536 1223
6128 1223
1413 1223
835 1223
1816 1223
7075 1224
5783 1224
5327 1224
3071 1224
708 1224
3196 1224
7172 1224
4324 1224
4797 1224
5881 1224
4617 1224
1985 1224
6856 1224
2691 1224
4998 1224
4042 1224
661 1224
4490 1224
5839 1224
1263 1224
4007 1225
3441 1225
1672 1225
6369 1225
1135 1225
4309 1225
3045 1225
6694 1225
5163 1225
258 1225
6565 1225
7771 1225
3090 1225
993 1225
1947 1225
7697 1225
3739 1225
1661 1225
1262 1225
427 1225
8284 1225
1663 1225
1750 1225
1458 1226
5518 1226
4327 1226
1407 1226
5253 1226
3740 1226
4014 1226
5512 1226
5973 1226
3067 1226
3345 1226
936 1226
3711 1226
1521 1226
8296 1226
344 1226
6033 1226
5758 1226
782 1226
6140 1226
4343 1226
4425 1226
6722 1226
3924 1227
3330 1227
6932 1227
4876 1227
3575 1227
6424 1227
2441 1227
4144 1227
6798 1227
284 1228
3918 1228
2169 1228
2890 1228
7086 1228
2723 1228
3713 1228
2800 1228
5605 1228
4083 1228
4129 1228
5637 1229
5151 1229
1575 1229
6277 1229
2749 1229
1025 1229
7379 1229
4158 1229
3517 1229
2118 1229
1332 1229
2164 1229
2335 1229
7831 1229
5938 1230
7341 1230
3710 1230
5964 1230
681 1230
2065 1230
1614 1230
3808 1230
1869 1230
2836 1230
448 1230
855 1230
3408 1230
4190 1230
5156 1230
5536 1230
146 1230
4363 1230
1663 1230
6763 1231
4203 1231
3277 1231
5213 1231
6017 1231
3006 1231
604 1231
1360 1231
4246 1231
1409 1231
6895 1231
7951 1231
4413 1231
6890 1231
3300 1231
5521 1231
1041 1232
5282 1232
4798 1232
238 1232
6460 1232
853 1232
4183 1232
5420 1232
4374 1232
2495 1232
1200 1232
416 1232
2230 1232
2926 1232
2013 1232
6261 1232
6947 1232
3401 1233
8008 1233
1728 1233
809 1233
3873 1233
7135 1233
7044 1233
419 1233
6009 1233
7365 1233
1698 1233
4079 1233
377 1233
3069 1233
3857 1233
5853 1233
1192 1233
7974 1233
7889 1233
1997 1233
7277 1233
2103 1233
2131 1233
625 1234
5925 1234
1843 1234
178 1234
2304 1234
2670 1234
4266 1234
3839 1234
5354 1234
6798 1234
6511 1234
4331 1234
5114 1235
6115 1235
89 1235
3354 1235
1585 1235
4017 1235
2643 1235
6563 1235
68 1235
8092 1235
2182 1235
1337 1235
1441 1236
1291 1236
6887 1236
403 1236
2070 1236
504 1236
7066 1236
3034 1236
7860 1236
5779 1236
105 1236
4102 1236
713 1236
5941 1237
7602 1237
4364 1237
6784 1237
7975 1237
3426 1237
5068 1237
7562 1237
1310 1237
780 1237
2723 1237
1084 1237
4122 1237
2580 1237
1238 1237
1071 1237
3938 1237
5574 1237
3080 1237
7327 1237
4019 1238
7263 1238
3157 1238
8239 1238
4451 1238
3883 1238
8238 1238
5822 1238
8266 1238
4714 1238
7343 1238
519 1238
2036 1238
6841 1238
3565 1238
2696 1238
592 1238
2122 1238
2061 1238
2245 1239
3950 1239
1908 1239
1568 1239
2658 1239
2513 1239
2840 1239
1308 1239
1357 1239
7241 1239
4291 1239
1374 1240
1165 1240
5636 1240
7441 1240
4271 1240
5572 1240
7275 1240
5684 1240
8103 1240
1458 1240
7819 1240
4871 1240
632 1240
5282 1240
4586 1240
300 1240
1861 1240
6744 1240
4140 1241
5237 1241
7296 1241
6832 1241
2665 1241
4077 1241
4768 1241
6319 1241
4482 1241
1542 1241
2380 1241
7130 1241
7738 1241
5330 1241
7703 1241
3583 1241
2849 1241
2542 1241
4779 1241
3584 1241
2774 1242
2635 1242
1215 1242
5450 1242
2726 1242
1235 1242
1231 1242
1135 1242
3373 1242
714 1242
1960 1242
2989 1242
169 1242
6690 1242
5149 1242
6590 1242
1118 1242
6905 1242
1248 1242
2100 1242
1217 1242
4673 1242
527 1242
6240 1243
6744 1243
3836 1243
389 1243
471 1243
5291 1243
4315 1243
2294 1243
1578 1243
6403 1243
40 1243
